{"inv_metric": [[1.185449502663284, 0.00029670235962175754, 0.04650897880217179, 0.007423378659338908, 0.1201133897297821, 0.016829280326592966, 0.03885646414083627, -0.07626317020118185, -0.044998923207474, -0.03244802578878609, -0.022234328528254604, 0.07547414986211873, 0.10431520613669797, -0.0006156029182726259, 0.10930608090585549, -0.010293088617460457, 0.035651383607074566, -0.024011334624870366, 0.00029934032785735936, 0.0026166033065873028, -0.03672558071359777, -0.003367650564489671, 0.009671228484550428, 0.00017954833335470107, -0.004378523461880785, -0.010035789254894768, -0.0039076173913406625, 0.01838019373586418, -0.003980738554283156, 0.014297319623086927, 0.00046621983722469097, 0.0714642054031501, -0.007195551652538406, -0.04384902207312967, 0.09653219288950143, -0.08411554285857134, -0.09845605055444068, -0.009036339702805533, 0.048461497569243735, -0.035462138470342755, -0.027758487828493255, -0.13004889972616931, 0.02919361886560141, 0.045535820534880964, -0.014546061330718653, 0.06651150218535272, 0.0808095951130538, -0.04746073344787874, -0.06281205091277278, 0.02936846606241861, -0.04740539997180987, -0.04682763408777734, -0.0516151597678761, 0.01699136726338398, -0.05498053686500969, -0.020118456877227176, -0.023488011796442314, -0.06494254202450733, -0.018001322627265098, 0.1875533863907722, 0.0254643732640916, 0.03266346357965997, -0.10548204093998553, 0.03265648908156794, 0.0012988522219741926, -0.028862936896076614, 0.04180812909586217, 0.0030115099941542696, -0.010323105075658406, -0.07313028518271951, -0.027682779547950512, -0.11801012106266721, 0.03132314767910628, -0.04127795476479576, -0.0009588934043117427, -0.02530056307126032, 0.08196933453298472, -0.0693733224820229, -0.0021705001460598896, -0.11739046767967061, -0.013662181477684176, 0.03332185370764205, 0.06403429522215538, -0.014219179252437491, -0.08146195528055566, -0.029636149958454976, -0.11325429137875988, 0.11147295503903631, -0.038586631884555384, -0.051696540228500565, -0.06725739916387503, -0.04699341323697539, 0.12304644069176533, -0.04286356465451417, 0.19096952653481788, -0.0095200130408062, 0.007957545491504799, -0.10396917101526404, -0.07219638798842759, 0.0623493427505567, -0.14281952000336393, -0.029655943609129074, 0.09966571186963, 0.01192670039181491, 0.05854054089349865, 0.0009861754654511253, 0.02781671202678442, -0.03530017941922493, 0.010248007044233022, -0.07523681173061879, 0.010356309378439559, 0.07356416587780547, 0.12037936222101149, -0.12266213779498336, 0.06062326170002262, 0.030984476055916404, -0.03444865647682432, 0.03502223268632327, -0.08070602801746209, -0.11468994803277657, -0.007494346741197761, -0.021373391038894962], [0.00029670235962175754, 0.8528774316444846, -0.36399119414228803, -0.21445501947063142, -0.09636291163371657, 0.006934422554801626, 0.024570274964005004, -0.052249619976486396, 0.0786206127218409, 0.014370722674834656, -0.015188210674823666, -0.04529518494578032, -0.0018714690603436228, 0.09712998755365973, 0.018186402783010255, -0.0062596762299909035, -0.010229691538252426, 0.01583438406463735, -0.006024304322546405, -0.009552189541921788, 0.01948469534069658, 0.006548893273144655, -0.010916542981153207, -0.021432831175556968, 0.01905681862224439, 0.00885450130880733, 0.004599081705406022, 0.007612330672030669, -0.002396156145713118, 0.011226249692275042, -0.12110842331791422, -0.009175228145590136, 0.04789828923345261, -0.08678534968025255, 0.07311850246575131, -0.013890564955251145, -0.015163306778954997, -0.0040658161165835, 0.0162898853768837, -0.04496270980281917, -0.013183548700361853, 0.0023402521460969225, -0.012096429712471695, 0.026220753844331764, 0.03570358316318946, -0.0127108228625911, 0.0009527815107759997, -0.09824371897054288, 0.0008614649139748505, 0.013161703318103209, -0.003389833309014343, 0.09007016571464221, -0.05683966275864189, -0.022274408289920947, 0.09282833802643488, 0.08445697272612736, 0.01655114662433748, 0.025292268104326984, 0.04780521121545286, 0.03391828943797302, 0.11940178768119233, -0.06739244889974631, 0.024774998005900706, -0.0011254597093128171, 0.029378877282285443, 0.04399021349297648, 0.03657353883439721, 0.06413263512282875, -0.05895933821140622, 0.09509974056827238, -0.0372876933464523, -0.052014335871386055, 0.1243819313470963, -0.049206722516772834, 0.028786716326470237, -0.0035735191482774435, 0.03214799168801976, 0.02660016389776548, -0.06328852885674043, 0.08431587652976351, -0.004577827240045002, 0.08296131276506914, -0.08436516494715429, 0.09499748188759759, 0.11881972149105635, 0.008942831827261468, -0.024881070120367194, 0.06375147027156534, -0.10669670172050297, 0.005985615494733553, -0.05845111161638882, -0.0004614459930173993, 0.01593937518153833, -0.033411946339875445, -0.05170893621513501, 0.04166587980249061, -0.043359305300771867, -0.09618478845525735, -0.010125839351747193, -0.08612146350178544, -0.0708859050076505, -0.06227890913960944, 0.019290573661561946, 0.08682121760311277, -0.07229527487693724, 0.009678989151613488, -0.002937343752465031, -0.004153904160849983, -0.008863807568661114, 0.005192252497818575, 0.04742828478750909, -0.0429980647163544, 0.015092876960597995, -0.10556694872964827, -0.006950063773931964, -0.03892935523042934, 0.08735946618384552, -0.021620462439835033, 0.11002094887340312, -0.03790961110358376, 0.01138653780908503, 0.07674036700370826], [0.04650897880217179, -0.36399119414228803, 0.9159136151490851, -0.2505257497497038, 0.09505176736855663, -0.02065930002435025, -0.04073255698369158, 0.04138535456170862, -0.08080886954990442, 0.026793517074391947, -0.050213249116777714, -0.03704341702533793, 0.06982261618956864, -0.10739620223347819, 0.09725639475746008, 0.01781011596420001, -0.007529493511210509, 0.0038272769893318197, 0.0021552837806806057, 0.005172877964251204, 0.042337384203305, -0.018737248260468915, 0.001983038928359973, 0.0034823788312749256, -0.017072706537469857, 0.03658214137593194, 0.019963453495477686, -0.006340587219991731, 0.012302925718657614, 0.025463760311272305, 0.009781072698333967, -0.03840106559822305, 0.007915413207840854, 0.03674647787244462, -0.10927712436083208, -0.050847876371648615, 0.0104009076306105, 0.08686906321836546, -0.07209012836514138, 0.03416591562554114, -0.06021431261962615, 0.027244946063946177, 0.027471215269048978, -0.008554603954951992, -0.11883891865060588, 0.035965288568853615, 0.029747127114448005, -0.006792398008053045, 0.009938529318961229, -0.05492901964643398, 0.00844625115244133, -0.009598162523383592, -0.02182922641032167, -0.08302905811636088, -0.08195296076253612, -0.04240461616967038, -0.1117866371957262, -0.031233505717975348, -0.07392301296489585, 0.010183327328857085, -0.05697637862190121, 0.016607669165935004, 0.006532578578996903, -0.026733566295056084, 0.010592700945401563, -0.00381398080933127, 0.05826656268479628, -0.11818626475659982, 0.11218097991900255, -0.04322618925305686, 0.0023520226398073087, 0.03100098999061796, -0.04506653047681803, -0.015699205078626773, 0.03743902578945049, -0.05191961213980079, 0.015039275024314444, 0.0818768062020061, -0.03544829375907886, -0.07628498720091087, 0.027523495566512252, 0.02180365607152477, 0.09931473326589031, 0.02966614564100251, -0.14115830047770217, -0.15025363677188022, 0.0800066849482156, -0.038643988609387094, 0.08457251074101667, 0.03516526851083102, 0.01581933674254784, -0.08288590961076789, 0.038770335048928774, 0.026620948212211448, -0.003958601090043935, 0.028070482991688045, -0.03796958220438418, -0.053066211760615496, 0.04336533896579334, 0.026710193151116522, -0.07900769720606869, 0.04729373964144974, -0.03400327975697352, -0.03995418258873792, 0.1237475786970759, 0.03341436710593391, 0.05008422407876344, -0.03812085426232335, 0.04016625011778734, 0.05942753146966886, -0.04369598124820594, 0.04229116904561041, 0.07798385924844087, 0.030511638723852413, -0.038208456698621523, 0.04037355647650282, 0.0801785047612581, -0.04434968658734423, 0.023662304705174893, 0.026849526051633394, 0.03471324507325246, -0.0678876512140525], [0.007423378659338908, -0.21445501947063142, -0.2505257497497038, 0.7181502339136749, 0.006460294017642044, 0.04236461567306301, 0.014967560509421097, 0.018966897178335468, -0.06274297578518512, 0.02625616355832038, 0.05251524898583065, 0.05196695767235948, -0.05462032463540754, -0.02307624697245751, -0.07451695697945268, 0.0021486004020574026, 0.005118346847817392, -0.01558676520160601, -0.027330894280932345, 0.00016058962201252828, 0.006696130020858138, -0.004123401170159989, -0.008528768909478764, 0.0029781635081913265, 0.0015577220801575734, -0.03455415375826471, -0.006757768801357597, 0.00016140198229407487, -0.007838283521997861, -0.0039260781443466565, -0.01038727645839385, 0.03696260646196226, -0.0965383044995696, 0.05797686802041055, 0.0008262752219600232, -0.048385080251609904, 0.02914586370535404, -0.05456415642623046, 0.04655269169760942, 0.009922307659760602, 0.06084417780260601, -0.040895309389929864, -0.027683235231702515, 0.011776600913613865, 0.024012419848632945, 0.022130146704907212, -0.02452113455023515, 0.0658845051723396, -0.07015587640598706, 0.06276037726418177, 0.03572414291451159, -0.09782452056295335, 0.04341654425177118, 0.0761165416225023, -0.006204990116171477, -0.10560304659140124, 0.09175080136821075, 0.0038976834619999646, 0.02441559386082512, -0.04013036383250298, -0.058864112847516054, 0.0286506199864328, -0.04996843600222776, 0.04508236176667492, -0.05032766156194471, -0.053027643050462384, -0.027368946180861865, 0.05169424284480815, -0.0988210977643901, -0.056154771328168714, -0.018074253609085104, 0.02842900250428028, -0.026741533789061456, 0.05127881775089543, -0.03898208982240539, 0.049706221947657406, -0.03243517137135543, -0.08252857451918655, 0.12190364964557796, -0.032672846011620835, 0.0012621411902058795, -0.053754058837368876, -0.011198695979686916, -0.10550343381844166, 0.09110933298924447, 0.08415137571796096, -0.07143239787446712, -0.0178814452335513, 0.018665655349509848, -0.015505135053811616, 0.04035976752908644, 0.06848667784531216, -0.0648593020410084, -0.027884762693175375, 0.1013746302394158, -0.05640374632942909, 0.11777143173096546, 0.08938489607745098, -0.02597961738387098, 0.01518562057286948, 0.16061259280967138, 0.026747620180205784, -0.01433596160503781, -0.040196201661128306, -0.0358181258252418, -0.051360655465881644, -0.03324080192080457, 0.024180246115281724, -0.05712218428787386, -0.02076722285252617, -0.03591143549366251, 0.009399453269299736, -0.04970812885167924, 0.0661057447722296, 0.07149600539214103, 0.02859695983270642, -0.10688263756458728, 0.0352671578252503, -0.1124371412246155, 0.03143820230890705, -0.004367814030613109, -0.05481490041077831], [0.1201133897297821, -0.09636291163371657, 0.09505176736855663, 0.006460294017642044, 1.0188733586535972, -0.018416053405085932, 0.10226106562176393, 0.029463220476233894, -0.07922369618166633, 0.00726142098093243, -0.04343664703236937, -0.08350266743192013, 0.10836061301420245, -0.018301255783432835, 0.03155822489078188, 0.0005375661871826984, 0.00101671888530237, 0.006794144481597432, -0.0053549017566144564, 0.006618973093011159, 0.04371183479444587, 0.016701389481028884, 0.0248401385931297, 0.005180249287978025, -0.0023510171876334625, -0.014715349361536855, 0.010313817561367232, 0.015240256330501743, 0.005917570173386177, 0.0044841205024703295, -0.009306101715109056, 0.04698144345350559, -0.05217691116373478, -0.003890575292583728, -0.06879865431933807, -0.041069371409335934, 0.04245020694257068, 0.09939739136521354, 0.017022430072585627, 0.004053707522343606, 0.04519976975037694, -0.06752351325930012, -0.0014644369104291346, -0.06776551013173196, 0.08066372317354648, 0.029203864445402322, 0.04367844206047191, 0.08954743913154625, -0.1331138918704285, 0.09654849861906059, -0.04574899828681233, -0.048956834889633365, 0.0325355118283696, 0.058140833824075686, -0.03766965194018849, -0.027857574702882235, -0.04238259051916067, 0.0024828750842009243, 0.022521659538281585, 0.010506459707109509, -0.09975935038553378, -0.0017371506315918875, 0.007757359736314026, 0.025275787072924855, -0.09016427175251157, -0.039966651499653325, -0.031174214311531553, -0.07584023141252573, 0.043101398987064006, -0.1702252767862796, 0.025487436506794827, 0.037257755983127104, 0.0018237212530028818, 0.013084226151855614, 0.0036305858029504873, -0.05191489705675249, -0.07556986339188247, 0.044434849116034195, -0.03391722219778743, -0.04043817580708733, -0.0392943308327441, -0.12643051267864544, -0.010305718066433853, -0.1488642922436161, -0.06025113135415346, 0.010447721116429541, 0.08829350707334035, 0.03811103874554909, 0.18301095325695885, -0.008726297402763409, -0.02576298016811498, 0.058113690878223746, -0.014665524864891474, 0.012046902541860369, 0.04418145781373763, 0.05002776182102005, 0.030115514489376303, -0.1288750260191647, -0.05813228980276492, 0.031951079427835545, 0.0312428985145016, 0.13087965571895974, 0.05070005143593135, -0.014236660997916062, 0.000903561385721156, 0.0565552337982012, -0.02798932278836977, 0.046146766194605594, -0.0011014132247634677, -0.01803246808718194, -0.029555891722397715, 0.07584259834667177, 0.011863286792583293, 0.04098918206607257, -0.03519229732739731, -0.00930238998611934, 0.018858199223785503, 0.13177167407965437, 0.06742915402719084, -0.08266799367626508, 0.010556400328117508, -0.021640009161977475], [0.016829280326592966, 0.006934422554801626, -0.02065930002435025, 0.04236461567306301, -0.018416053405085932, 0.43232221959035755, -0.03985791422133028, 0.029190947360228318, 0.023476579770089132, 0.010201938399400005, -0.007753310278669335, 0.07384601792354831, 0.005002840579245276, -0.034186831005917975, -0.002868150216127203, 0.017308934625012182, -0.0019399470053579157, -0.015765349054470263, -0.015181470186815113, -0.004155795858221934, -0.004329622442470421, 0.00572199379480306, 0.00869004128165392, -0.0020180261802353935, -0.013325701043683549, 0.003375870558406108, -0.0008053723111968368, 0.01457339394075155, 0.008263479160921763, -0.011281436745080387, 0.06962706252441128, -0.031260218462234875, -0.00300019409480412, 0.015218003032502935, -0.002852795467071313, -0.028648442792039184, -0.011690373652759106, -0.022929874447930758, 0.02913123271474964, 0.006766611093184625, -0.034260109611259915, -0.05757742739813514, 0.025219169750893916, -0.024638725563995188, -0.06652528489155612, 0.042389270827841885, 0.05731835074782163, -0.058268568503875164, 0.004599514031657752, -0.03848047850498999, -0.02430906745245367, -0.05204193998725005, 0.09329596705329664, 0.020627744188920577, 0.025504527801778868, -0.060897482034063144, -0.008696187078412614, -0.007666687460283387, 0.012644653212726242, -0.010992739018914418, 0.02463345069992979, 0.003615172526567817, -0.05545814403606703, 0.035149829084875385, 0.002820969074495686, 0.013700902174270528, -0.012350478952201203, 0.009581127001403192, -0.02241494768108643, 0.029933813881255156, 0.026265525156410986, -0.031583056274503515, -0.00929783275913719, 0.018149294965385834, -0.017829687825390732, -0.011915042676437811, 0.015401501474108618, -0.0073640021846646045, 0.013780500976198758, -0.040917686984563516, 0.016980016726937573, 0.005615355303398699, 0.059337642425074444, -0.028414605524761088, 0.01125941712290461, -0.02163716914910598, -0.002248672059253451, -0.050646510901936496, -0.032457717924753125, -0.010222393816551779, 0.011956191809539721, 0.02467786932854219, -0.02599746064129632, 0.05304489766755005, 0.020567367629004917, 0.013994798269990132, 0.057524426061405086, -0.055501974116343646, -0.014551204810808646, 0.039877622660507345, 0.048572484299752215, 0.005385381380897267, -0.04917733177894823, -0.06718073429440144, -0.0003186494442708391, 0.003972364487113007, -0.04672069065181835, -0.03732842794914539, 0.0360413244613268, 0.03026591272091759, -0.005506222318363242, 0.007928338018384043, 0.029646720968491247, 0.006546805304585778, 0.014557183875149027, -0.01574149292361869, 0.03301989207779707, 0.06117437358600048, 0.0022764029991527617, -0.056353290568989245, -0.0012975717464810564, -0.02091433476707596], [0.03885646414083627, 0.024570274964005004, -0.04073255698369158, 0.014967560509421097, 0.10226106562176393, -0.03985791422133028, 0.9523354931951176, -0.010766271511746698, -0.07993332407054388, -0.18546021010726557, -0.04710519949352028, -0.06171017978386275, 0.07474884602693649, 0.04539292773700723, 0.04045135409435713, 0.0007096837992370638, -0.012243954451405128, -0.011314467363911746, -0.004727934137402594, 0.015725415048913914, 0.03190914794445146, -0.0024423213510647245, 0.025349853727622808, 0.016533978598288514, -0.004635924208339377, -0.003259558411006041, 0.0003213489580998016, -0.019287460692180652, -0.0025483452463745684, 0.02721697988370602, 0.0655793903761057, 0.03211229992592705, 0.02727653456863665, -0.04819358384852384, 0.015574602564731033, 0.013897664273975752, 0.08424212859938876, 0.04312681767149946, 0.06435917550421331, -0.03855528165025427, 0.054989302123514085, -0.08024556241729372, -0.025799519187787657, -0.007509693601656607, 0.14206526303861194, 0.1219839068599567, 0.02072627426340289, 0.054270336881348136, -0.0443959123792232, -0.018822908443705294, -0.04989194367940849, -0.017420293629966447, -0.06057847829332595, 0.006547882047009896, 0.08003001150594721, -0.11543632086754899, 0.0021151135266146447, 0.03816831786684346, 0.0009668610387616632, 0.00991878758097193, 0.04662904541599892, 0.10563192821286604, 0.0005562772000154672, -0.10253689504918129, 0.03092743896918462, -0.007933602583616408, -0.03472665144838845, -0.03826896642278341, -0.07074668485738471, -0.006514835276028207, -0.016092399564834454, -0.1330351757523381, -0.04402622304607848, -0.06110589206242916, -0.10932275849660229, 0.010974047950885343, -0.004186920524364555, 0.022614104548213523, -0.067864631798162, 0.004411189285576153, 0.017613240462348235, -0.1478377051852837, 0.058083008309763116, 0.05947783868395495, 0.062234663498035324, -0.11198119851377195, -0.024307453060016422, 0.05795035633136423, -0.08398510640161903, -0.13585462340681415, -0.1356670357234253, 0.022205676202290057, 0.0017884485424410445, -0.022669810767279416, 0.052128556199620736, -0.055689004657137504, 0.060090911223552416, 0.00911444978157467, -0.0013998907656689534, -0.044695048046404624, -0.08125913892957491, -0.024447270429142052, -0.004042639556667541, 0.06859810248686356, 0.01697370777589191, 0.03301401275582952, -0.014863599405935617, 0.06878231976246024, -0.08304207577754079, -0.04721726803468834, 0.015192961120206322, 0.011262426393532811, 0.07374782529289006, -0.08578343492896393, -0.05391402039417262, 0.04030117899449942, 0.0402742644321354, 0.031079299965268155, -0.016531137402618346, 0.012140624937921014, 0.001668959091854004, 0.0002900883745386688], [-0.07626317020118185, -0.052249619976486396, 0.04138535456170862, 0.018966897178335468, 0.029463220476233894, 0.029190947360228318, -0.010766271511746698, 0.998443268878356, -0.10799812644988371, -0.03596420111384116, 0.03700228402509653, -0.05567551421467704, 0.10393972141618525, -0.03583920678356092, -0.03775028845914361, -0.02192226511713817, -0.014209608131619741, 0.018677429122226915, 0.010246937934260044, 0.016907783041802755, -0.008395226883505195, -0.0031765359196648238, -0.003934711219722574, 0.00902657654578719, 0.01706097455185191, -0.005882387619479637, 0.025133934455203507, 0.016181320446898295, 0.008652049361717313, 0.03572704772229886, 0.08342578102775702, -0.02853176639793809, -0.0063908051218519646, 0.03457081813986126, 0.0760258981740431, -0.020257033060771135, 0.059079379803270354, 0.045728404274459664, 0.03801011123158215, -0.06825385435691958, 0.05947692786984082, 0.01925095958541921, -0.04978887952088745, -0.018704483404507557, 0.005420118967475915, -0.03476401793316957, 0.011978524193704158, -0.02834233939579016, -0.004795099745247457, 0.12409046377378338, -0.03243732086752024, 0.06534548326834945, 0.0635251757575802, 0.02449264777117591, 0.043635996447721835, -0.1728651149959834, 0.0781417575654623, -0.003209088424570485, 0.04091192942163668, -0.018793032598808698, 0.042473911774303034, 0.006859774042613708, 0.040760984299008984, -0.03699011628063159, -0.15035599499153596, 0.040592987114222455, -0.0021369157312585547, 0.030644981693263407, 0.09208599142986743, -0.0163952278793009, -0.027641380030934592, 0.20717989714559945, 0.040006667892773504, 0.032610556247014866, -0.021550656711238018, -0.033488604848155384, 0.0686442797409494, 0.006658737131483106, -0.018247343098784986, -0.022749400334490643, 0.025572861494419778, 0.04730699771037427, 0.04709355647136958, 0.014136045907297175, 0.11280728513266718, 0.07964509050804307, 0.1539087153593728, 0.022905815339444666, 0.06845448377350716, 0.07976408280572327, 0.08394173394821788, -0.03724426717668181, 0.08877894784756318, -0.05008684382354255, -0.034251940966968895, -0.018510179269251345, 0.05299546224995846, 0.045848530867394266, 0.010013118532456263, -0.053602529152821064, 0.10372288465831694, 0.0653145995180717, 0.11212920572158318, -0.05639763280336412, 0.05394580329598229, 0.11509483922596579, -0.047897217538913676, -0.00906225993081852, 0.0348643152752019, -0.024093309627586598, 0.009908247562538428, -0.06893699218170933, -0.03736010946742069, 0.14466115025994264, 0.01898462798155786, 0.0261733643301619, 0.004926922168662351, 0.05465372510463807, -0.14940502764390906, -0.03604561835487012, -0.004141702168107441, 0.0343052025562733], [-0.044998923207474, 0.0786206127218409, -0.08080886954990442, -0.06274297578518512, -0.07922369618166633, 0.023476579770089132, -0.07993332407054388, -0.10799812644988371, 0.9870953344070491, 0.08788696961781885, 6.033454247054145e-05, -0.01002592014138867, -0.12116366678110278, 0.02528619084601806, -0.003708356043270851, 0.024687797911026918, 0.0035832385606338548, -0.021065891340510658, 0.005090837892892664, 0.016963739794554025, 0.034313109831442506, -0.020136382050579778, 0.000836454308491663, -0.004439903866403202, 0.013923950050912693, 0.015385275141819522, -0.015583138764568932, 0.00960899523506584, 0.020907612390619203, -0.005047745922315459, -0.05929883164061486, -0.05343741016054814, 0.10107309193819611, -0.0656985246540282, -0.007587475918133003, 0.03776473640424495, 0.0022761891919442123, 0.04452000435031831, -0.08209660798160805, 0.049010868008236036, -0.13110307165162635, 0.027597708277375343, 0.12529268937641483, -0.10450039756098646, -0.03476946899603901, 0.06498393875205623, -0.03800116793903932, -0.09235277906490114, 0.08137778940035437, -0.1488575455436231, -0.011706392203763773, 0.07587622082669637, -0.005835665363770319, -0.04503307433964968, 0.04065773428411686, 0.011670295203703293, -0.05881025131195492, -0.018473309021239975, -0.03794224514189991, 0.006674562283141094, -0.12109519680145443, -0.03136707097524962, -0.03503931157465914, 0.029068966301784488, 0.06133007580392272, 0.005986812250439536, 0.04440256184729681, 0.020230765371125007, -0.023848447029864703, 0.029516577148792494, 0.03546720916523183, -0.005047199514238656, -0.0647457860865148, -0.07093858275718032, 0.05447774602165934, 0.049023405986389754, 0.029166107685438033, -0.03599531327547829, 0.05128047981457617, -0.07124921361744435, 0.029172025166212107, 0.056822136049369226, -0.009708783263881447, 0.019204657100730795, -0.019837435435657032, 0.12722497652519002, -0.060549235504436714, -0.030498922017939887, -0.04688452100872651, -0.013439934800620439, -0.04426957522684208, -0.056402764105550035, 0.0460118913124576, 0.014648527419115901, -0.08676878933494823, -0.006671116643898202, -0.14075592790548302, 0.11505243975123707, -0.00857933542429788, 0.032816243054826694, -0.0344397556509962, -0.031486786764832735, -0.026790134057833145, -0.024758177822203426, -0.0771510075400816, -0.02742139207840667, -0.020885102639644656, -0.004646572378535762, 0.018372644933072606, -0.08234069984401325, 0.001358087097992304, -0.008984059082364724, 0.03466196421799366, 0.03085427570874499, -0.042216224870181354, 0.07292883331466195, -0.13433932849040287, 0.024774874541554786, 0.0996575798175692, -0.016145695265361575, -0.017914168486788364, 0.023411696265330427], [-0.03244802578878609, 0.014370722674834656, 0.026793517074391947, 0.02625616355832038, 0.00726142098093243, 0.010201938399400005, -0.18546021010726557, -0.03596420111384116, 0.08788696961781885, 1.0135217460335446, 0.09519695703391905, -0.03685356072885631, 0.0697905998895852, -0.13005931557113842, 0.03220848685570274, -0.009455942605994293, 0.004295094024428779, -0.00936962880573602, -0.0015823133127571007, -0.014459574144623167, 0.003396168772229794, 0.015751588146284242, 0.014088907024183838, 0.007258172434355033, -0.011078016564061356, 0.009857118096121819, 0.01888463608025575, 0.0167034609747453, 0.011672360510262724, 0.019257552512014903, 0.041722733909360384, 0.06194291377232615, -0.06532372627330364, -0.008321019950301838, -0.09574047443045292, -0.006257515804070508, -0.004147750079586665, -0.018333770178269683, -0.08662778146293876, 0.016374149809111643, -0.14753596204316272, -0.049412098069535774, 0.005253649734988116, -0.009850871397945066, 0.008309907990842462, 0.11059277333229106, 0.07773738879207358, 0.03508395204721928, -0.12602443615846015, -0.033181177572431615, 0.007371101858495473, 0.1238451799375041, 0.09139611912561, 0.04076452731879918, -0.08695491165977924, 0.04827538387928007, 0.08618263141072123, -0.08004399835236752, 0.0212638489974516, -0.025758504271737058, 0.08025757743837206, 0.04512210695023356, -0.027752296768588574, -0.012215737354793284, 0.06521509587131369, 0.011064448889229146, 0.11520822177626759, -0.039524715134858404, 0.03035342840844725, 0.06602476749582334, -0.14178955679127014, 0.021451222695271294, -0.04718077866407009, 0.10670181442679116, 0.11101957057886017, 0.0050551642503363445, 0.03908240202413716, -0.0231909475292903, -0.016514756412471496, -0.010793098507152286, -0.024921398007755505, 0.08591524406833695, 0.003513708506027737, -0.03086637455144262, 0.07315789757693116, -0.00877245416663979, -0.02050466560199678, 0.03898704627169643, 0.031010501180843378, 0.10608898649030603, -0.03424314997394268, 0.000608689775183887, -0.055407441983256346, -0.008128983235178449, 0.12086153936450533, 0.049052818949460134, -0.0025314813268487247, -0.04631434621603805, -0.05882133598488747, -0.020809730779196126, -0.020899949152832015, 0.054130152950280064, 0.027595846552683136, 0.0669548632695058, -0.033178331445540006, -0.03336933062399214, 0.02048412961506238, 0.015135276943803148, -0.06235483072446248, -0.04491140391713031, -0.03745071444291258, -0.0916786062555003, 0.05288709690558301, -0.08301579035753304, 0.016724835225597603, 0.08421807599616683, -0.0684241555723828, -0.06616175646031289, -0.14777668859770393, -0.00021170156175330206, -0.053048295246717427, -0.02958687316979933], [-0.022234328528254604, -0.015188210674823666, -0.050213249116777714, 0.05251524898583065, -0.04343664703236937, -0.007753310278669335, -0.04710519949352028, 0.03700228402509653, 6.033454247054145e-05, 0.09519695703391905, 1.0226218998261074, 0.02360431203216844, 0.010889158983620422, 0.03739700122116353, -0.0020413140103377964, -0.006108706374115116, 0.015052653043522109, -0.004378907674806292, -0.013638037365360383, 0.0036437139649093796, -0.004088457405737533, -0.021587878482791915, -0.006204993828799883, 0.0038186525205323773, -0.0008394150018570752, -0.013800148854524883, -0.011089793247183403, -0.00897619535343636, 0.01878071176202876, -0.002763645858550462, 0.014382584780297528, 0.0792782701937485, -0.07308377548491116, 0.012879338980375368, 0.04491877201057895, -0.020946880806413454, 0.0265355014431168, -0.06731023405968689, -0.08231907480286253, 0.06595964621539026, -0.03229013905011427, -0.04861437983612578, -0.12443425407571276, -0.0011760582367761042, 0.07177959423422843, -0.05307798622076212, 0.11404224521086932, -0.027806225397750173, -0.04079191471318908, 0.028325713239146243, -0.004765405174517235, 0.10313165045617288, -0.0433008624355653, 0.1812837920098483, -0.008089331205736678, -0.12336764468384367, -0.0014933412878616087, 0.06490049347075975, 0.10035036916495685, -0.05233364056114806, -0.0050639274172609855, 0.08251065491485385, -0.074729767889578, -0.008757333843898712, -0.01219059159459425, 0.0864859261344656, 0.05627530616575889, -0.14534777305444208, -0.1388392581155734, 0.06696464627216822, -0.051500312357353625, 0.07348117989596516, 0.025985047115192443, 0.03978297607426058, 0.17017970491989867, -0.058470275159790454, -0.052537309790994906, -0.012206457391875196, 0.12990983530300068, -0.06395799413938043, -0.02995890405856853, 0.02183968337077655, -0.03382863878108747, -0.11316129888728796, 0.037010011580618306, -0.07495916755992345, -0.09213105369147241, 0.08865757036431014, -0.1060659936447973, -0.03742921600071404, 0.07780934708928547, 0.025308522623699637, -0.08034176373309444, 0.06695233385517954, 0.005164855204647612, 0.0004903048285588383, -0.015646244701951924, 0.04908890546594081, 0.017723257726012773, -0.00733685884627828, -0.012043637193067365, 0.11288095275128797, -0.03653224566555026, -0.07386633704315873, -0.004193999357035165, -0.21524531423393475, -0.05523904606826273, 0.006446196742742184, -0.006363278868766782, 0.06695234821396837, -0.012999969781331607, -0.03156978384544067, -0.02090789490492576, -0.05307163085074016, 0.07173835635962925, 0.07771394734379576, -0.12069136566233671, 0.07195334476334349, -0.13028032405688836, -0.045779160444476136, -0.020078872544487102, 0.008121334090385296], [0.07547414986211873, -0.04529518494578032, -0.03704341702533793, 0.05196695767235948, -0.08350266743192013, 0.07384601792354831, -0.06171017978386275, -0.05567551421467704, -0.01002592014138867, -0.03685356072885631, 0.02360431203216844, 0.8941241489316393, -0.00790006010693156, 0.016776696439282254, -0.02233558669727257, -0.014675583354707198, -0.009693903260666686, -0.0006848139329089634, -0.0031445765453587842, -0.002780237214157244, -0.028711707506271368, -0.008783817457675926, 0.02601219200805031, 0.020065777708437222, -0.0009606641762813929, 0.0045242791286399416, -0.023686616626679834, 0.009791544821103695, 0.01267482002711222, -0.023928022197014873, 0.069883126002191, -0.015846152929439257, 0.014052220418552967, -0.0046038074096796675, 0.06885850375497773, 0.020405788711501165, -0.10769157228828172, -0.1228127590885838, -0.020552915317074618, 0.010308525292179575, -0.1053658969910061, -0.08866340856991965, -0.00877863028186283, -0.025701294999380987, 0.001142975854297332, 0.005059514878287039, 0.008706797131636487, 0.005525296153226933, -0.06995866402551347, -0.1511959785485689, 0.01365126387768543, -0.05276137543736831, -0.02348573501225801, 0.018338650090436504, -0.030033972688508628, 0.023399466697697262, -0.07903387727843857, -0.04491063473434481, -0.005228677019092087, -0.009588863809398721, 0.09351251693621591, 0.007090067486166018, -0.03597407283795095, 0.018319067642402077, 0.033938326910631866, -0.021311345319088595, -0.08440845856094809, -0.05147758507959885, -0.11445962189187017, 0.057408311749455695, -0.05062754681457238, 0.052572526429034316, 0.01360524904384909, -0.035311117043123036, -0.046730744093536794, 0.015656604241593677, 0.023648893412443417, -0.05536612599878107, 0.015223252762005125, 0.05028186964995873, -0.033976242557972026, 0.022636678921889607, 0.014498094704699385, 0.026015747447773126, 0.038334531396437076, -0.09318895870717002, 0.01421410976177667, 0.022173186964030943, -0.0769117982903915, -0.08355809826283693, 0.021980088780543677, 0.007470577932002313, 0.022781995586629692, -0.08074906660423324, -0.057300059189638305, -0.061167341357296706, -0.010530265579232439, 0.08474024497092363, 0.1277615801223712, -0.048509914479053895, 0.050648154912237585, -0.0604133778074395, -0.04594937284649987, -0.054490983827681284, 0.012938761474816401, 0.06057529034230503, -0.027588456615402924, -0.09239056843387489, 0.11260013120623709, 0.007506772047811754, 0.017743330432995266, -0.0435406220997148, -0.014350846585628376, 0.07633344644822446, 0.04553942580464354, -0.03297634107116731, 0.09100850350736636, 0.023373026369176687, 0.05425542664647273, -0.09874587386867766, -0.0056905803847654745, -0.0019158173144664516], [0.10431520613669797, -0.0018714690603436228, 0.06982261618956864, -0.05462032463540754, 0.10836061301420245, 0.005002840579245276, 0.07474884602693649, 0.10393972141618525, -0.12116366678110278, 0.0697905998895852, 0.010889158983620422, -0.00790006010693156, 1.0687170196778075, -0.028505988951779755, 0.10885168709317433, 0.008968205300363737, -0.0062203625321712785, -0.0003105345217534956, -0.004864659992443186, -0.020946575956506206, 0.003345821229222986, -0.022521203783138342, -0.013728888371065746, -0.00642630999660235, -0.014472590758291442, 0.006601705247098491, -0.004103812317767752, 0.006463773484998384, -0.014245954823885673, -0.0006519612544914973, 0.04138009648085862, 0.08918887911539121, -0.03634909120230757, -0.017908652394282066, -0.06411159520232225, 0.038227914301821445, -0.08678355254562711, -0.02345835132890063, 0.1032472393602622, -0.021758839842060868, 0.02412346643146146, -0.08650844992368525, 0.05513734829254054, 0.047145103650338416, 0.1740987402024772, -0.017190191934923434, -0.011600770167692885, -0.006073816298596398, 0.038002668074793855, -0.0872671756160786, -0.013728119533603417, 0.14344334309476972, -0.0515518011758145, -0.004194224342595878, -0.06218297343254147, 0.05540399942035041, 0.035410111184160584, -0.032612946240843224, -0.06286621710175065, 0.01667334831997907, 0.07657432723699795, 0.09194560403384193, -0.025703786191976653, -0.06344704360365505, -0.0841856008812129, -0.016163112564754965, 0.005754725893643123, -0.12149318650003903, 0.03238862398148638, 0.0018461530365444447, -0.0549122054503126, -0.056645890099461686, 0.06583537476724251, -0.08598001511136852, 0.08939407606410729, 0.0371814251165239, -0.08543959191221162, 0.09122315106566063, -0.01829241953435759, -0.06804574115556984, -0.017206714487584946, 0.11642080404129801, 0.048479573756527505, 0.12777573920597315, 0.015610840376865604, -0.11868737602789721, 0.04819815315405199, 0.03414390881101665, 0.03298745146360483, -0.021339907222327308, 0.04428675479360576, 0.06549521587374084, 0.027461467699803413, -0.05944001244785926, 0.08589099195490504, 0.01796031943970054, -0.10881639567221421, -0.0401799761949506, -0.08380167368829215, -0.011315737161136588, -0.06755447044521046, -0.04326557076258616, 0.16652542961563702, 0.05279168155497761, -0.0690668189551642, 0.07360651608587472, 0.0006844143502320321, 0.08485074804078295, -0.03988897325461552, -0.05419377898085592, 0.011751955671491308, -0.15451098232683347, 0.0024988635416525527, -0.08625620417846994, 0.1276048929745525, 0.0016400016871612828, 0.04727605037266073, -0.002547273658742017, -0.14666024057288568, 0.07681089864613495, -0.02753629596517924, 0.01689959378617767], [-0.0006156029182726259, 0.09712998755365973, -0.10739620223347819, -0.02307624697245751, -0.018301255783432835, -0.034186831005917975, 0.04539292773700723, -0.03583920678356092, 0.02528619084601806, -0.13005931557113842, 0.03739700122116353, 0.016776696439282254, -0.028505988951779755, 1.1257077570890286, 0.01577035585664305, -0.0033400080982275027, -0.002281865789117343, -0.002084693284665796, -0.009144057042540305, 0.027955830594561245, -0.03051099155507888, 0.028394500104016337, 0.04026922026754446, -0.011162911484907839, 0.011691379841828943, 0.005651610872295241, 0.02048304472929878, -0.01184466239143968, 0.002552776421160892, 0.0027795494206692252, 0.014143936919181883, -0.06982317810889295, 0.169550900523352, -0.07880407035568784, 0.021617698417588753, -0.007642890874962924, 0.007339182878859227, -0.0037691951047203005, -0.05317915156401909, 0.04159850453903613, 0.06868069674229298, 0.06471510840541925, -0.002337018504183979, -0.07951740580867317, 0.09861424254865443, -0.04816233590572683, 0.038918174206400855, -0.012396431601097215, -0.028133849550281066, 0.07933779884136316, 0.03241366455271946, 0.08025736742083546, -0.09765064668598486, 0.031374887945108995, 0.15450249966960905, 0.07173217298802907, 0.14184148944447286, -0.034192265340287506, 0.023830360831982807, -0.08539829148818195, 0.08597436978749506, -0.015801082665993088, 0.08661707486337615, -0.07439666516863712, -0.06749554230873538, 0.06596047229155902, 0.01116658999134626, -0.08790036323951125, 0.003870428194510942, 0.03035751885471035, -0.026255236634704048, 0.052497610660791734, 0.01980981832635924, -0.05975474991209881, 0.013299660330631088, 0.01794236911239622, -0.03746023913885008, 0.13591846027893015, -0.10776280196201486, 0.19336502270980613, -0.007886024800751817, -0.014508910885824256, -0.026417248946969892, 0.08224207934914994, -0.05055683604486261, -0.11113083915863162, -0.03561273086383624, 0.08220936127900261, 0.0057891475864722715, -0.0939932222720007, -0.019829988970525098, -0.08594429800718695, 0.0022920648478431016, 0.03339426833634969, 0.036910714117456576, -0.02347178935072841, 0.023954385337928756, 0.0316517190406055, -0.02624969674251598, 0.049030664701252204, -0.02934113177898951, -0.1314125393591173, -0.03207655557546382, 0.04873691268122109, -0.0474712131507993, -0.019780513947351946, -0.009746687235055137, -0.029331188009478926, 0.05069187926575234, 0.08196841570499007, 0.013667434233172277, 0.03176107238372039, -0.03518658257974875, -0.035548716131444294, -0.036290572031390966, -0.10618169507404537, 0.11002397122304537, -0.020456165937736026, 0.021298747175627658, -0.07304726211224716, -0.0321397442473931, 0.03787707752877514], [0.10930608090585549, 0.018186402783010255, 0.09725639475746008, -0.07451695697945268, 0.03155822489078188, -0.002868150216127203, 0.04045135409435713, -0.03775028845914361, -0.003708356043270851, 0.03220848685570274, -0.0020413140103377964, -0.02233558669727257, 0.10885168709317433, 0.01577035585664305, 0.9824849145399644, -0.016696294823258413, 0.008855922593703724, 0.006419560183324736, -0.011448059767559958, 0.0005653495359803854, 0.0085839007790149, 0.007336404582790648, -0.007905963218593623, -0.017195289957209196, -0.012124961650733141, -0.0031123240242166405, -0.01272828090235096, -0.008089942428841363, -0.01766517521305226, -0.0028068434288064945, -0.011891822598141021, -0.0052373572042193756, 0.05249600894156669, -0.0569565116758552, 0.015912093936058566, -0.024873262071366593, -0.016659098652707732, 0.026788836111046013, -0.051559999208493544, 0.06482393466292244, -0.010471918194859844, 0.0034304317620831933, 0.04808539329788285, 0.057253483017078305, -0.0007463551766913732, 0.022586011724970635, 0.09622525904248967, -0.009884438993951325, -0.08363453142806061, -0.09729241027756443, -0.06349404058244097, 0.02691279503684997, 0.02216251628970215, -0.09658536054415552, -0.08636603993449703, -0.030335719096067443, -0.06619534870089423, 0.023743237012512308, 0.10034146120908309, -0.0004525528263631583, -0.05384906826054355, -0.04147130726656055, -0.052154504302949184, 0.06519994508612692, -0.06237919257670938, -0.005118471091080012, 0.13485147890638463, -0.13043951218897207, -0.05108835713050743, 0.005372289281889283, -0.11428878687363447, -0.09968713964042596, 0.07246544118403066, -0.050822814380616164, 0.11647860866343382, 0.08002795376323386, 0.03651458321431877, -0.011178100635801514, -0.038649070872064234, -0.05364026704245714, -0.050058039468848514, 0.015562548439157251, -0.03573575995237273, 0.11749156698378635, 0.0388238021913095, -0.058264526041728666, -0.02010208575932615, 0.07188347005552383, -0.1075918104014144, -0.03615154306136105, -0.14451897718332765, 0.011204437720461492, 0.04672066861860626, -0.029549841725123534, 0.06315577500986085, 0.037324525728560334, -0.12534391472375409, -0.0639278053327675, 0.04191265506714631, 0.018128440293690734, -0.17207618543874476, -0.02626510145688381, 0.01314392868362057, 0.04293446197916537, -0.0029498330225368415, 0.010014053822009284, 0.009485822229734537, -0.06355645311276328, 0.028619711832147846, 0.0013740644393842394, -0.00632462686464974, 0.030044184504451753, 0.06482057641824972, -0.13307983467