{"inv_metric": [[0.8229657122651116, -0.013472488513000818, -0.07903609293603295, 0.0320934783047397, 0.0754679129868809, 0.05907760678775029, 0.024412817937819364, 0.044690151616697454, -0.05457676541399064, 0.04093864235521346, 0.09556044399502533, -0.053347420394136445, 0.0038842565346554362, -0.004129163126752335, -0.04563412455978731, 0.009735927730610447, 0.014522571855624737, 0.013248151565713578, 0.012528810528471658, 0.021119180568070203, 0.005053253813861096, 0.013453951339005432, 0.006111304903689343, 0.019268375688657677, -0.009297165627148916, -0.026540796602969523, 0.00012751378364857265, 0.009091566532503889, 0.024974304200164527, 0.012713592954036684, -0.021399799786474983, 0.010899319411193788, -0.00036504848164909103, -0.07444170097137671, 0.005020936986457646, -0.01632813105995672, -0.012637946301364968, -0.08108039546352018, 0.046908042474953414, 0.00843839384142087, 0.09543821889165176, -0.04145761270225128, -0.04499816068057727, -0.007171941774396937, 0.03891508953585222, -0.03694880527278603, 0.07416466289142346, -0.048579213928342774, 0.004115624932060481, 0.061751523838768876, -0.028550025335247663, -0.044658407151112585, 0.02565045277070448, 0.020969857871351354, 0.004324620977010693, 0.016831165398908058, -0.001667409521097572, 0.04277406423766612, 0.12156305666754064, -0.08839123540611998, -0.042471548650847034, 0.025778967044321255, -0.017397527509704976, -0.0022512395351589154, -0.0833165305664015, -0.040247752390469474, -0.017925883243182283, -0.0015604904827796928, -0.026028933055095627, 0.030104624219665126, -0.01769257965702021, -0.004439117490745878, 0.0075916510206440555, -0.07152869203960861, 0.08093852060480888, 0.004989503060776435, -0.0746209857450979, -0.024397033146710115, 0.07979680682857919, 0.025616619668574606, 0.05735936390770998, 0.037418323351368556, -0.017917235216340248, -0.008106136647318704, -0.07498303879914257, 0.0792151334167, -0.09270100255694047, -0.06374709609843618, -0.01098002417485695, -0.034722149949945214, 0.1871374700469651, 0.004971998917602116, -0.017235192480332572, -0.0059294531574119545, -0.08393521964138649, 0.07211376819163202, 0.004684458615231157, -0.07683884053892902, -0.07528223558481177, 0.11048444058496774, 0.06278334808326537, 0.03424381136650821, 0.0576991751361518, 0.033959449426630386, 0.021052854492901837, 0.024726423515430383, 0.04085149208476947, -0.004925519897904186, 0.04446639731284691, -0.00388822530015633, 0.05734965433345862, -0.04978842850264674, -0.018671251084746855, -0.04592629028339364, 0.01229926348476457, -0.011144692865184984, -0.02667594501845236, 0.01518212770161037, 0.02603760692349192, 0.014430279105349244, -0.022443878584296643, 0.015393901690568942], [-0.013472488513000818, 0.8160041783675981, -0.29213167312907523, -0.2045820473604986, -0.02285741729781351, 0.006849216878437873, -0.03879327770046628, 0.07763940592646182, -0.009833520961666729, 0.06775538703443802, 0.07016765304397729, 0.05576675511418403, 0.10961479766600561, -0.003411485862802103, -0.05002845707069567, -0.011758877449357457, -0.0025311747036494336, -0.011426348678599365, 0.026119186918760928, 0.02379626008571982, -0.02229354923850752, -0.007452686763471997, 0.014604514258788654, -0.003975951517333409, -0.0029720353555506953, -0.01682991912218232, 0.014297178096759362, 0.007636098582738576, -0.0005289053324346368, -0.005246172513231649, -0.10661708001593762, 0.0750631307476291, -0.041806530706759784, 0.051549087528959675, -0.04307884833170582, -0.03181347753710628, -0.056291966994212815, 0.07060157016540476, -0.04137597196637725, -0.032770586739529484, -0.014955786392742403, 0.1019670159595527, 0.007334710330060744, 0.03277683932830282, -0.052098335660636166, -0.06822443948809667, -0.016261790898466626, 0.03988026239632322, 0.0184135029474196, 0.0093821979139176, -0.04471992522697933, -0.012363664343441352, -0.08737386943505301, 0.013760426910414437, 0.05618892357878959, 0.007063038911006402, -0.03964474104447546, 0.033866231861139635, 0.06170515549439363, -0.07449274960600284, -0.0479719302784333, 0.029205957382673557, -0.012345644959510297, 0.06920098676478277, 0.034937484521897266, -0.05593579639342704, -0.07773791290932935, 0.026127405880442035, 0.000551362322343518, 0.03895922314981412, -0.052549560892671356, -0.03528824575041363, 0.05284586889519228, -0.02144831327843567, 0.0003395513992997725, -0.06821792415554984, 0.05296366049501269, -0.019976361449732673, -0.006904428224210922, 0.016200175906697277, -0.01507255436636863, -0.1271910731831442, -0.03591889129844413, 0.02188795610763628, 0.040568492847459565, 0.08058944117756552, 0.04330401210711632, 0.0028039977721151617, -0.054898568430535435, 0.0066497504972971005, -0.014866716396746823, 0.05533737878443018, -0.009524864523687613, -0.004480245388001973, -0.03026462642014368, -0.0033779697258341673, -0.03756794902368888, -0.008243164445351328, 0.029218386862093017, 0.06469698781336232, 0.021843212433259516, -0.033541777809248566, 0.10409394012816853, 0.04044255394421492, -0.024891813028433265, 0.0031949810715227035, -0.033061806397761496, 0.0019516850658700283, 0.08407348274900915, -0.043663627499366385, 0.003339387255492357, 0.09344222670831102, 0.07007430442574511, 0.023875019737053242, -0.02376992301781101, 0.06967238551499476, -0.0380834061881168, 0.05499424042886456, -0.028515195683004757, -0.09329700543059101, -0.004621743851655387, 0.004018052964374588], [-0.07903609293603295, -0.29213167312907523, 0.7393075620692342, -0.15912950931884465, 0.01291768174661557, -0.07011991097394037, 0.011887688296735845, -0.04388058151823801, 0.004738604459896408, 0.02231214774139554, -0.030322193747116002, 0.015600596842347627, -0.023789965215017698, 0.02969221092184729, 0.008579247365317264, -0.0030131541105690653, 0.00103618677078381, 0.0021750859756108926, -0.00502493996970333, -0.015868449741308802, 0.015058805372735773, -0.015884935876853714, 0.012772605244460947, -0.014640831668024802, -0.006808437036295038, 0.010410698579758211, -0.009344587048221156, 0.004031842132260327, -0.04177164548043804, 0.010990005835431771, 0.0804138424993013, -0.07266678462004883, -0.01130948020049947, 0.010814408288550362, -0.10234442494506434, 0.046202739218297775, 0.0374486481248352, -0.041224953330582396, 0.051326260648295194, -0.027336603747087445, -0.02413250059501036, 0.08043295060200656, 0.03205998378756162, -0.011264748206595713, 0.10322225148614522, 0.009294977512759447, -0.06753562866521128, 0.0025883813284513606, 0.0397540591160371, 0.009732452637631115, -0.05390518969313677, -0.027795240054487202, 0.09556421365820325, -0.009416758918878792, 0.0003011350604179677, -0.05814203500462283, -0.03686072906371083, 0.011584838717138257, -0.035104904207318766, 0.10001695393850664, 0.047603406124459915, -0.053462872029357206, 0.006552907576827469, -0.03940638153360551, 0.09258989022830424, 0.02492317790020235, 0.06926596302623923, -0.044994298598531234, 0.009036677768271198, -0.025280246017353892, 0.021045427201751992, 0.07176376720620507, -0.044246407351899705, -0.03907801255659808, -0.011064004079059352, -0.011597850669438185, 0.004677386239348743, 0.030176495362391316, -0.015713151707630765, -0.03295717664313373, 0.007477798434494845, 0.033521202373483446, 0.03396504918567707, 0.003982873187728523, -0.005604271307136427, -0.05004482540335239, -0.0011514950258047227, -0.026354004816277594, 0.029866582353642934, 0.03236994375707911, 0.0996335831426493, -0.048618368751652936, -0.0635206138189252, 0.018000892345790973, 0.07395942199287113, -0.0274851674780354, 0.0012229474281889561, 0.07326458909986105, -0.006651590858153297, 0.09748390026507228, -0.05399752728133478, -0.019395435631382164, 0.015190998707606993, -0.031152604929249587, 0.010442630293399813, 0.0019753759121687894, 0.03126229048926365, 0.00685407170899195, -0.03805667983214842, 0.05557118313554518, 0.023872686530273038, -0.019376120025831344, -0.005972790216959223, 0.004399522912269452, -0.004166025896663954, -0.007427467052018737, 0.020357138771824383, 0.04690553575612919, -0.07355700667614064, 0.06618095021821016, -0.008685949654633351, 0.006618766541832962], [0.0320934783047397, -0.2045820473604986, -0.15912950931884465, 0.5534684379060598, -0.013116211392933579, -0.00755785458987488, 0.0522971885173876, 0.03097705505631083, 0.000600701054130725, -0.08738557412990568, -0.09250301505565175, -0.06498911594693588, -0.06161429226047228, -0.011542926245789896, 0.06964929359397093, -0.013089610242632199, 0.011580228996450309, 0.0035588266868605356, -0.0031299234153147194, -0.010097258004332976, -0.029873587828102264, 0.022667053903021837, -0.019907009498314664, -0.008040761006831926, 0.006248790955455527, -0.0027825844031323255, -0.008368706000703675, -0.013133615089540765, 0.0013208829300636199, -0.015374007376054889, 0.04878279610469377, -0.026261797117257252, 0.06086303140547927, -0.05158513983177004, 0.013547291000406105, 0.0484813712872554, 0.036259613805894056, 0.00833115634989968, -0.008232101343990574, 0.003328027230800713, 0.018290087744844755, -0.006391294596023405, 0.03267413175416704, -0.0032131831141148513, 0.03782357217600824, 0.016214579090322145, -0.023582448835174474, 0.035395462876617455, -0.07430503441526605, -0.005076310234989529, 0.02691600021287524, -0.007745178085443919, -0.053672739112354026, 0.009728247528676343, 0.06991853296677993, -0.054249924321467864, 0.01481639612221902, -0.06090221766750306, -0.006199089739435348, -0.002853714795851214, 0.01203713881627958, 0.06897377755488547, -0.04833572421172202, -0.008147287827479196, 0.03348164691276711, -0.005602722420896486, -0.010542818707495585, -0.005027448580359765, -0.005317462480108056, -0.0036283177239669825, 0.0159587810918575, 0.019401007165540142, -0.027676878751090702, 0.042213587718676816, -0.030339862017962304, 0.0693675425597123, 0.019817904767984295, -0.04019315820028041, 0.015953203500940975, 0.06271987371945868, 0.03138875906112228, 0.05412138630849728, 0.0015721157758002006, -0.005954478365495814, -0.07561508276497754, 0.010314345751276523, -0.03496102314508013, -0.019397173393633574, 0.017343416435389804, -0.006046111724588609, -0.003791544254045145, -0.009756815759865995, 0.042703999484937596, -0.0004188395737139369, 0.012702979949324766, -0.02265959677328231, 0.09199715339561064, -0.0017853441696055092, 0.012146997208085255, -0.08168352720925985, -0.08247589433114523, -0.02179529013094711, -0.02672307875850377, -0.034322253579720956, -0.0038384617576982245, 0.04720155619450277, -0.014062030423650724, -0.030677162716333875, -0.01069415577217067, 0.00976970480409922, -0.043580483403184045, -0.0062321299261907225, 0.006261471412601423, 0.004044401436586243, 0.03766683197297729, -0.0048435554385542956, -0.03641585384135465, -0.0034250900309653245, 0.003544912337541516, 0.01776071837259498, 0.01613909027781466, -0.0027921748603363583], [0.0754679129868809, -0.02285741729781351, 0.01291768174661557, -0.013116211392933579, 0.9979819049322152, 0.030242644373376034, -0.021224441696764382, 0.007226631351334965, -0.008714109365675111, -0.06336613204333257, 0.012429476803868963, 0.03387934100225609, 0.10688735050766297, 0.021672959287517227, -0.03907529789708764, -0.020566945900448348, -0.007062804748034605, -0.027265982106603533, -0.01573896503328802, 0.01652784217391845, 0.009259427996298052, 0.013091934658322426, 0.007799783226051163, 0.025067652035919288, -0.0005703106168239954, 0.028946197198195616, -0.0003765545625688322, 0.0013409118756181806, -0.025307193097662738, 0.0183724671550544, -0.06474151554098873, -0.012367881070642506, 0.006378480757843314, 0.0183101550842973, 0.043961787181837006, -0.02452976679420195, -0.006545919415913362, 0.011774238788615663, -0.041177400109801844, 0.012963513792660282, -0.02071247937992662, 0.04622912168035155, -0.001633660876592338, -0.00010957839406682832, 0.0004025136930201408, 0.054925303677012996, 0.03426039239684395, -0.06315889139066237, 0.04237630260901536, -0.010984644992303429, -0.019632941504293667, 0.04809279057770972, -0.08664492550512634, 0.02956801802346377, 0.021465414556694654, -0.010070048611229208, -0.0054080388007624, -0.09550855953271449, -0.032027646471723244, 0.05378777107165597, 0.05452355407931769, 0.0045162837662689435, 0.023812919001298696, 0.024170714044315804, -0.019253011193731333, 0.031801548625125776, 0.014745090786876459, 0.0019156729353228162, 0.0006521721796360496, -0.015983778285966168, -0.005944657256643932, -0.057453955239982556, 0.050047123713495324, -0.010551710367119549, -0.07165974175608245, -0.027813113922395237, -0.025537282896023975, 0.06481747419825366, -0.027494660133944526, 0.05970428473490309, -0.0028359317789552977, -0.034115100079339974, 0.011040499763449637, -0.0013710164898516866, 0.047115016492673, 0.03176173516671546, -0.037654340696308124, 0.03158628202890183, -0.012756144619036692, 0.0538839611833349, 0.07014690035995876, 0.07010576512071244, 0.011785375324714608, -0.043656253672750646, 0.0014162729500016567, -0.033242306836834545, -0.000360581442722729, 0.0006621119356770947, -0.013665392790449251, 0.07745645541701313, 0.038624784300141886, 0.07047480145830269, 0.09315148768285748, -0.012846618641250671, -0.02669625931659363, 0.028219623308054102, -0.0206391123773826, -0.08181296212522685, 0.07871035910783965, -0.004130631398543679, 0.017930420297858275, 0.0033740442811241223, -0.039522739323789836, -0.0435420748805929, -0.014440881376110836, -0.10623267763393568, -0.031920707951114846, -0.09464607147359883, 0.023050407536249092, 0.010261848137408373, 0.006719935279684102, 0.0024042158751377118], [0.05907760678775029, 0.006849216878437873, -0.07011991097394037, -0.00755785458987488, 0.030242644373376034, 0.5320053064625828, -0.006495306136781927, -0.011224806875949076, 0.011912886112418284, -0.1257993239982126, -0.021550074580972852, -0.0032442545539197514, 0.03489764234625664, -0.03234950089491368, -0.05838625207893394, -0.01061247214330622, 0.02796280224401811, 0.01160965078861746, 0.00764752851935592, -0.0015151087820774818, 0.02203786000309318, 0.0052905130269334305, -0.0025478211184609464, 0.0025612356258753943, 0.030147139040592623, 0.009705325058200891, 0.01649094039116841, -0.019042991686490658, -0.013561313741498804, 0.0030328757890757197, -0.025717299970948463, 0.026071961071796653, -0.0730784956060377, 0.03585723834987873, 0.07360483971940353, -0.04539620530191776, -0.041592024559739434, 0.017061507760264126, -0.0210566518614472, -0.024134139760999377, -0.017682318077513918, -0.020991809798881277, 0.011213469993308568, -0.0445599524516719, -0.014150446980187425, -0.0495441726925833, 0.006658190790216441, -0.00019774610062253326, 0.00043222903273929506, -0.012049277324533767, -0.013307470902919522, 0.05005047153063106, -0.022005008398498973, -0.0034320890757838516, -0.015078229899266417, 0.024302297713396325, 0.028424767606141144, 0.013242555648972008, 0.03834625813658606, -0.02137042270699942, 0.02443334092043657, 0.0076442056156960985, 0.009409980322623685, 0.01916558049726977, -0.10742385862764195, 0.04005126347522252, 0.007470812444423204, 0.04045926462058518, -0.025768820089628684, -0.009688411317294766, -0.004299510017574636, 0.03412289809829848, 0.021550832290185992, 0.004246966494280257, -0.006708034537126069, -0.07838193469420277, -0.03559305792008672, 0.008615561552766689, -0.0006553274931996962, -0.03722435310927835, 0.03675964677539283, 0.03634770965745569, -0.005135187441571753, 0.02102954607990172, -0.03100786804725299, 0.027839684401355702, 0.04837773617249616, -0.008947278452967966, -0.08140807946901525, 0.06035906921239606, 0.053521400690045295, 0.0361611599222319, -0.00712988243388968, -0.05187618788263783, 0.02103056754450003, -0.038912765748441366, -0.019266669286903626, -0.07666362922434077, -0.07938429205728642, 0.06016436537726376, 0.07370208676177127, 0.06682808931387625, -0.036091910253823294, -0.02614974958098877, -0.00173294463042394, 0.005287896705576981, -0.029729039584997532, 0.02917039932418709, 0.007371217090343363, 0.016308285428036143, 0.03417223698747035, -0.03039674010863609, -0.026924687452857997, -0.007060782160701896, -0.012877757410536778, -0.024852226391868706, 0.042822052863564955, -0.013949810301792445, 0.008690853564815186, 0.01517951118737022, 0.008290857727350467, 0.0040894972511406865], [0.024412817937819364, -0.03879327770046628, 0.011887688296735845, 0.0522971885173876, -0.021224441696764382, -0.006495306136781927, 0.9634903392812223, -0.03932865129106121, 0.01570192914603537, 0.09671771791380471, -0.07028059503112126, -0.01940286683457507, -0.010696331738004727, -0.009969721990992756, 0.03819698494220093, 0.01402253412919651, -0.030756697392793526, 0.007070930921153786, 0.009909180392615905, -0.0075027634203014915, -0.014761086801291486, -0.03605884658910742, 0.007563405646358713, -0.004926328013181887, -0.021482434514932452, 0.01444059143116251, -0.004939809388113545, 0.04442516196880088, 0.007484205744488382, -0.03561555411034556, -0.03488817245387211, -0.03855833787730725, 0.07414652435334078, -0.01112874226981626, -0.007416269729296055, -0.024806589910972284, 0.012142271412403488, -0.11002003507476758, -0.06229116275658558, -0.10880544437182373, 0.017270360105217618, -0.00563204253712727, -0.0660294629242217, -0.044878456575523744, 0.056467896254038925, -0.023025417773224116, -0.015313892000120014, 0.035232687739411406, -0.0588029429500164, -0.009449292128920666, -0.03960547471099247, -0.006597963218551399, 0.04208942117322195, 0.014091231557317103, 0.012220406362833598, -0.003897551118368758, 0.029157752271844896, -0.0355882668344923, -0.09116975523076717, -0.0077920789908693935, 0.0034322640090099785, -0.031118727267829417, 0.020045054197600356, -0.049462392735191825, -0.060421977706781614, -0.07067906228018864, -0.07004953234254484, 0.052139609404330475, -0.022885899974165232, 0.091019606107918, -0.023395296769945083, -0.013555277921647367, -0.12240503207901557, -0.07868242831259202, -0.1120868111624007, -0.0075187592992796305, -0.037230813132206934, -0.03947592999907056, -0.0029540789649221905, -0.05186607423348163, -0.08424762481172611, 0.003310674780651836, 0.009068172635836617, -0.005809238418166068, -0.04562398635568436, 0.06852207083542852, -0.017476466595295777, -0.0637552239634165, -0.04149887256702812, -0.01067154027941433, 0.12531909432803784, -0.022385366348450265, 0.04082632107561694, -0.05190075653714176, 0.005903181991109661, -0.001026805449482725, -0.025556959528300012, 0.029549563521103377, -0.00594993034055738, 0.03916612720362584, -0.0016388189404955076, 0.04204336764480207, -0.0728547496438737, 0.0926675291065385, -0.020017504000605698, -0.008642198287152692, 0.058607913641225445, -0.01548627526141451, -0.05264170253537037, 0.004912235740301078, 0.03039260620126626, -0.02962833078092873, -0.11860277373160781, 0.0038686154261799227, 0.06128771553530082, -0.039283034603064204, 0.06297192775734323, -0.04245592757807442, 0.08615101608978042, -0.0598692380843361, 0.0009224356540015665, 0.002792715995345337], [0.044690151616697454, 0.07763940592646182, -0.04388058151823801, 0.03097705505631083, 0.007226631351334965, -0.011224806875949076, -0.03932865129106121, 0.9896487972562296, 0.009239982015490242, -0.03788857321280846, 0.035084116569610295, -0.02566025741949314, -0.006565589525657608, -0.09466214566041435, -0.06972113337215045, 0.021744243922302432, -0.010809886705759449, 0.03280772192152568, -0.019515670580411554, 0.02668705945776101, -0.047351594306285515, -0.0023269056133519194, 0.024072617112948357, 0.015535425114719094, 0.011661666983106203, -0.01988553264789286, -0.008590810689885452, 0.02115511748649249, -0.019087013508292894, -0.008614096392137565, -0.024598108602315358, 0.05676660560108853, -0.01464088282291971, -0.08112583579720853, -0.049520567064198835, -0.004133741238779853, -0.02669518664217474, -0.042412183155748386, -0.012095792468440846, 0.06201616045622499, 0.01454138968812375, 0.008177259721092817, -0.017596612207840884, 0.027954422839033956, -0.02351064514402251, 0.0012334752253860928, 0.02013825097663342, 0.038149376648573284, 0.029790531431261237, -0.0770392380187275, 0.0538352633334306, -0.027574189846980915, 0.028033674658851395, -0.0118225392892741, -0.08083925782799611, 0.07234746567371543, 0.003205356888046741, -0.027943716349062914, 0.09262115519227605, -0.05437881697858582, 0.003072377286074311, -0.051518317800247806, -0.05046176216206018, 0.1026731426022187, -0.07554932032711714, -0.026099134413566896, 0.000976484361937916, 0.09595551034049983, -0.04645893423588741, -0.0340445342953556, -0.04650909718457475, 0.006914078935150338, -0.02835284095984039, 0.11096367326082733, 0.05866771736664288, -0.10617646071428122, -0.03733440389778353, 0.014884996311646408, 0.002949939008036045, 0.07290258349662779, 0.0366400564337453, 0.05771554671516492, -0.01562924889413098, -9.169832622277456e-05, -0.04475294140857518, 0.016127729990870674, -0.010784849656497675, -0.02336749107112432, -0.07058015222035362, -0.013609601253359487, 0.03958090517203989, -0.08933162720319983, 0.03499448039122922, 0.06101469793806808, -0.050056777084391484, 0.030345839284812316, 0.03256423053436421, -0.014110883477472722, -0.022095303548584626, 0.0106421644537336, 0.048683102241695926, -0.038889929481182195, -0.013339005947832003, -0.12351783355726821, -0.004915191007196783, -0.026958160889506835, 0.018502766006661488, -0.008806153724984413, 0.020274147386936673, -0.06372647871947049, 0.032763901474313954, 0.04544738973559339, 0.12806679895186207, 0.02256620082006777, -0.02208307810020284, -0.020964773305338583, 0.02281601095464364, 0.11101834258118591, -0.009556862993622796, -0.014292053192189087, -0.003972280973746214, 0.005579717220509082], [-0.05457676541399064, -0.009833520961666729, 0.004738604459896408, 0.000600701054130725, -0.008714109365675111, 0.011912886112418284, 0.01570192914603537, 0.009239982015490242, 0.09358586247404918, -0.007021563329831842, -0.0037810959260902366, -0.0011055832733731276, -0.007460548339177054, -0.0047586007023890575, -0.002211197239160227, -0.011384825662427687, -0.010032898110247386, -0.0005319990672172852, 0.0033988359487700857, -0.0016768902215545676, -0.008930299562099153, -0.005470953691732846, 0.0021071869055981495, -0.004573924882005521, -0.00580426558100649, -0.00830058697410419, -0.006334692968838267, -0.001921731399273646, 0.0042296038050741195, 0.0026070742962423306, -0.014749843904546825, 0.011931231182654616, 0.00801969697724922, 0.013151803063867252, -0.003352184100565512, 0.027420661080924277, 0.013553661695339066, -0.00693995180031931, -0.09437958256652437, 0.013231968088113428, -0.033920057317646975, 0.0015381965919484988, -0.025014188856470696, 0.018503067585647178, 0.01658647511653132, -0.011132874493559451, -0.01496898698171626, 0.0017859209033765477, 0.008978824610781467, -0.007371742295350348, 0.033308975401964196, -0.007358415163981606, -0.0024119160253483567, -0.0951343875019108, -0.008623683630995542, -0.000579093049040611, -0.0024918794737593874, 0.00047590172086980583, -0.012239784621061053, -0.0004473264115776362, 0.014615101788350234, -0.02862962468806132, 0.013205765871944952, -0.015196490816420268, 0.009557230566182334, 0.01481112183001368, 0.021014222775049198, 0.011903312322383147, -0.09388686143389507, -0.002253906544994053, -0.016811080643493202, 0.021883704417921514, -0.0011503889250661355, 0.016223002420970807, -0.008633274586970958, -0.007475884326659872, -0.007235298599062496, 0.021170805824589634, -0.03153192393386983, 0.005645295164183298, -0.00620026050905503, 0.00156754950542272, -0.020438930434804402, -0.0864962595153539, 0.014626332405637335, 0.003135695674647933, -0.019287062802687716, 0.009420539709015243, 0.0010377862778386357, 0.014005493077120408, -0.05032088861545212, -0.021525799580743323, 0.025375895051314788, 0.00365513989597443, 0.023075087031724926, 0.000509455377095256, -0.011210593152741605, 0.008796088213993762, -0.06499526611198056, 0.014723383485454345, 0.016822005079039432, -0.003091675585522354, -0.02238802219192084, -0.022688056240680328, -0.0010558674527303036, -0.013557843176811689, -0.02343653492303597, -0.00644853187754108, 0.004869318577463105, 0.007670084614716295, 0.017785771723250906, -0.013460618946995436, 0.013321566331947239, -0.0749223827248926, 0.0130688113790067, -0.02429557707141039, -0.021072582613977913, 0.003338500130945657, 0.007531976567048414, 0.013793744853837348, 0.003960278215224386, -0.0010390282284999269], [0.04093864235521346, 0.06775538703443802, 0.02231214774139554, -0.08738557412990568, -0.06336613204333257, -0.1257993239982126, 0.09671771791380471, -0.03788857321280846, -0.007021563329831842, 0.6385186547400784, -0.23247933650016755, -0.018723640353179024, -0.09314107365083743, -0.06497772061791324, 0.030741291046471775, 0.005918540494475765, -0.022876704150213843, 0.014257825434048306, 0.002683844474830041, 0.0009134874583872138, 0.004674957441506568, -0.023014713732390862, -0.011210480338665433, 0.008058361680280367, 0.007849970345009685, 0.01803502644687505, -0.011407294045192896, -0.00475749459049228, 0.03585606534855511, 0.016463682084081097, 0.009796717356173433, 0.034157750163684664, 0.024516247769628133, -0.04423967559237229, -0.054621099908392305, -0.010221906546051757, -0.024751580469394536, -0.053870096456117636, 0.012031667853428319, -0.14881751255974476, 0.019459935150690617, 0.047466117233399094, -0.04034680535081746, -0.049968448396467545, 0.013425519593954412, 0.07345702418127843, -0.00467824531983729, 0.03835680574585739, -0.021169972123572176, 0.03913416731848938, -0.038104876699299656, -0.03856993197318791, 0.033317096308432194, -0.03548982913384128, -0.13629019516753227, 0.05401503295845715, 0.06024058797808984, 0.041611636715336735, 0.04337218027378807, -0.028350860770283905, 0.03314338407098804, -0.014972131467829386, -0.011557389007049244, -0.02878610610601286, -0.02664271016947123, -0.0671965285502952, -0.03095776388352997, -0.014116858585268307, -0.0037820434266078776, -0.007001502474828301, -0.051734977008603, -0.000564856128426562, -0.047943855644460374, -0.0208805217900076, -0.015480289269139975, -0.01377123894569063, 0.046869361231906374, -0.0010842985712521808, -0.06407479396140342, -0.019259653861163024, -0.07321997964536987, 0.023461857370115715, 0.03259435342809609, 0.007786580317270692, 0.0015971575852868185, -0.07277979547338405, -0.07528595958716457, -0.06168157004566336, 0.03762441307954604, -0.010222111425818496, 0.11075936382762529, 0.008044698349739947, 0.023427212463709244, -0.023752177210196224, -0.044344455123576695, 0.09725834558047461, 0.004620322171725756, 0.03387779244194457, 0.0358929716814894, 0.12218106833109067, -0.09592111684434218, -0.04536245912178377, -0.0321888859508734, 0.0021457884402831468, 0.031589087420862326, 0.07660068883691647, -0.010716642563595136, 0.026170614298770264, 0.028195037929775464, 0.058178192901890996, 0.03483327579068625, 0.010500997234346795, -0.03879784139108815, 0.036252947195715625, 0.003081196130015069, -0.06125166391664523, 0.014100138222595177, -0.06498442326557506, -0.022838024557190997, -0.00011290498045144386, -0.0001462651930805584, 0.004235725512266883], [0.09556044399502533, 0.07016765304397729, -0.030322193747116002, -0.09250301505565175, 0.012429476803868963, -0.021550074580972852, -0.07028059503112126, 0.035084116569610295, -0.0037810959260902366, -0.23247933650016755, 0.7312125240905997, -0.034490029660608844, -0.03366192108678424, -0.1442058403114226, -0.02199490995679399, -0.020637863839756822, 0.015614050543294402, -0.006048935926436876, 0.009488979504875868, 0.0018209625940236907, 0.020879554809119995, -0.008523422445148135, 0.02757407965441152, -0.007478759597355339, 0.0038369464588393297, -0.027485513534851312, 0.016515504986484485, 0.016818872266331986, -0.0034252486960147086, -0.016715884292578472, -0.006393716346405713, 0.006959141208457587, 0.015148924519100345, -0.05744900225011547, 0.007344628563377223, -0.003957201410632448, 0.056390087917703675, 0.04474104109299745, 0.049962854243272924, 0.04603535561641419, -0.05826706485197422, 0.00013986558991668443, -0.00371559130233211, 0.0770938241182188, 0.0010858114673054048, -0.022363094723836015, 0.07301957731066755, -0.020684360697215885, -0.06241682531551427, 0.0093098355854779, 0.050101746301429585, -0.08170550941429236, -0.02967945774683579, 0.04075677214738805, 0.010984268656424004, -0.08718012351283418, -0.07850712490628454, -0.022043424637422714, -0.030567491957119795, -0.023195802842429263, 0.02445073943476984, 0.04189287713964593, -0.002705865231048596, -0.059840471345522034, 0.02121175308108739, -0.015833336619659227, 0.06581380834676755, 0.011389009277584223, -0.02973185437608749, -0.055922176506010446, -0.00793633236526073, -0.02522896158892816, 0.000572784360705145, 0.009316905017838212, 0.024248592033536687, 0.026116240139721737, -0.021762527972317952, 0.027506823713470928, -0.0004672628003607889, 0.02942325707840117, 0.00967153275746438, 0.06319648040324449, -0.013475171057986585, 0.0021479369962945616, -0.016489246694073423, -0.0020643771902366277, 0.012331482978031548, -0.016022713368903572, -0.035102769235369036, 0.04254313183896463, 0.02255986073268787, 0.01571504537833727, -0.061899660290438335, 0.00765804119803789, -0.013914239802183708, -0.05289029165028364, -0.041784754834188635, -0.015179789776968803, -0.045699256541701073, -0.09683782386948198, 0.10554160730099844, 0.053967718850954895, 0.0849443851227269, -0.06285419100434078, -0.02479270683764824, -0.003539816665941835, 0.07001136702891808, -0.018638662417678274, 0.001266565145299497, -0.025622076908431615, 0.002210412164765885, 0.03699204025802455, 0.029062409329619256, -0.045057428865019476, -0.027017682852231398, 0.04605771390457146, -0.023201853238223956, 0.011548678724171662, -0.07352571968925373, 0.030894844170934348, 0.0022183889797651735, 0.011404573695655855], [-0.053347420394136445, 0.05576675511418403, 0.015600596842347627, -0.06498911594693588, 0.03387934100225609, -0.0032442545539197514, -0.01940286683457507, -0.02566025741949314, -0.0011055832733731276, -0.018723640353179024, -0.034490029660608844, 0.8466055571389857, 0.04372081356434543, 0.021245551971164126, 0.0267044286236377, -0.015374317781374758, -0.010966746883074618, -0.0274259303967914, -0.021156078210910523, -0.017021553364079466, 0.01867302346527813, -0.006895015608236622, 0.004378162589286299, -0.0047473894186791255, 0.0013301330538509504, -0.008292954761582044, 0.0009073440947745832, -0.02723378881155105, 0.014327762030394415, 0.0143658677559647, 0.08159762570307834, 0.0214399553328512, -0.0714343176184751, 0.05887399042043575, -0.06600716727969623, 0.036203699472634576, 0.05336558339782061, 0.07728747199440165, -0.004613469012557415, -0.0285422397799424, 0.06247259119430163, 0.06496243704260361, -0.03235443576210126, -0.07399970268814775, -0.037768990947176145, -0.02462169796207218, 0.04505752482801652, -0.01785290863993626, 0.009494923027855018, 0.021482660501375126, -0.007005550120590959, 0.10078007635297913, -0.10892592419316348, 0.02862958990649652, 0.07721386652283053, -0.008564451169965811, 0.07918973091157315, 0.027277874887526143, -0.06072827399633528, -0.04338517819840005, 0.057215322741155816, -0.02540981917431285, -0.003532966443511236, 0.02305996605889979, 0.007872630277465638, 0.040518371473919686, -0.032175381045011484, -0.00689509349618435, 0.019732346991244175, -0.02375218540850177, -0.00885211045436622, -0.0001500253545481538, -0.05173991756870307, 0.022502391613110084, 0.024659078275562397, -0.01343574496671025, -0.023973702623056623, -0.010784556348296512, -0.048396430652633854, 0.04403274101586051, -0.014562948587707802, -0.05569656588369885, 0.042490981548090924, 0.008740871007550935, 0.036167519256473296, 0.06749563923600954, 0.008143927937490938, 0.09783824111716719, -0.06168281214137724, -0.052938065406732876, 0.051802846133683876, 0.0032284701788670204, 0.07556205054137662, -0.07803395981492463, -0.0004967715380071589, 0.01690468048988501, -0.036213042828866, 0.007587462507213361, 0.010023048870530387, 0.02220358195876877, 0.03343771218136495, -0.05422691059161662, -0.040195282075005834, 0.04117835963070217, -0.031959438563961606, -0.033075601292044794, -0.01959414906570849, 0.0043239314638407215, 0.011098208317748243, -0.10358311676440192, -0.03801043388678262, 0.08439675007060982, -0.04703734980039084, -0.007620359644807262, -0.04354577366048229, 0.001896898633286136, -0.060275546965668836, -0.022361966292662384, 0.11302550178858926, -0.04085592105670861, 0.010311401867642596, 0.000701761077041028], [0.0038842565346554362, 0.10961479766600561, -0.023789965215017698, -0.06161429226047228, 0.10688735050766297, 0.03489764234625664, -0.010696331738004727, -0.006565589525657608, -0.007460548339177054, -0.09314107365083743, -0.03366192108678424, 0.04372081356434543, 1.0602728549983533, -0.08198206249422173, -0.05029329735101732, -0.01577588492201584, -0.012695598866809514, -0.020262903139911068, 0.018152267012842272, 0.025814075004539073, -0.014935692532885837, 0.019133079290903132, -0.00010532442402726742, 0.04986128371284772, -0.007790905239269235, 0.0179093437458729, 0.0034543038340615565, -0.019763517725213797, -0.001333431191812205, 0.009101938232832623, -0.08795796930267724, -0.025713052444964184, -0.03223942850782842, 0.055549050794290775, 0.004935064539061906, -0.010926517742662824, -0.06377011810090484, 0.06755187781924936, -0.012876624016139223, 0.032919584689520956, -0.06341262688718903, 0.08679339730556948, -0.00447372018261109, 0.01536847281359199, 0.01135285422985004, -0.01942020678147424, 0.004317062455417424, 0.05091977054146572, 0.08781702261115144, 0.04895326525496977, -0.020077229362643882, 0.03998160595277763, -0.039929511193537014, 0.026381787292928182, 0.035007600733159346, -0.09591203137473941, 0.05179064972323096, -0.10587059854874883, 0.008403449097858812, -0.01450902657308416, 0.021580120872029204, -0.02396636512694507, -0.06187420805391311, 0.10340029567760635, -0.0546720321104071, -0.005062166965995303, -0.08945928844301249, 0.021944474357341898, 0.07829788672172278, -0.05752366111586522, 0.00812436703528697, 0.07696117726797115, 0.07872796544823302, -0.0049602848093354916, -0.02224983586535616, -0.02586757835938509, -0.011043489194389036, -0.013225773031212676, 0.01040966214766997, 0.025201996301124747, 0.004278041391533343, -0.10812915074707481, -0.12779904804006137, 0.010066108662287333, -0.011006008158408834, -0.003410367148379308, 0.022862777277757595, 0.012537545166558573, -0.005510347280634265, -0.04511725727355114, -0.010331794520654244, 0.06850546075333025, 0.06211313291736238, -0.046768823192759726, 0.036261931086351465, -0.012946639053583434, -0.06401763097042247, -0.01447000086018485, -0.013854713554088913, -0.017820840462283608, 0.03229805085035458, 0.006971326599017603, -0.0019936680736797785, 0.11448171740984167, 0.08818550664188333, -0.009990386639260294, -0.07912045407311027, -0.0209212884673536, 0.005507481284020278, -0.00338334115605918, -0.025889418302474168, -0.06285192886140237, -0.01113490236179177, 0.011477830832568226, 0.021397256353313316, -0.11609267305180065, -0.026288858088795667, -0.05124291195469859, -0.007996062367406801, -0.05010621999714315, 0.006241907811502049, 0.004880459804945331], [-0.004129163126752335, -0.003411485862802103, 0.02969221092184729, -0.011542926245789896, 0.021672959287517227, -0.03234950089491368, -0.009969721990992756, -0.09466214566041435, -0.0047586007023890575, -0.06497772061791324, -0.1442058403114226, 0.021245551971164126, -0.08198206249422173, 0.4945443063757651, 0.22702005120858215, -0.005226177415168839, -0.0018825535884812131, -0.02111272548867497, -0.0009499574467313522, 0.006400290036228, -0.02088165245101078, 0.005787058873896967, -0.007510967982122656, -0.0013293215813973375, -0.018343158953355157, 0.0005097904450432095, 0.013410837486290456, 0.01697247651572117, -0.03203627495887206, -0.00975493656758221, 0.04160272797165477, 0.029431577279128426, 0.03111097230334779, -0.025510485429242124, -0.025982447294078517, -0.02785369813113426, 0.012631804931876456, 0.03457596411003208, 0.011566354398706756, 0.03593860215535417, -0.0234467417869722, 0.0013132639620304864, 0.022156930750838206, -0.06472963042784254, 0.005601674824095494, 0.013095387643677448, 0.010967648483249853, -0.03491277469852882, -0.011755560341003007, 0.030253952175423083, -0.05433772938908855, 0.07881093702781568, -0.03734398675444271, -0.0036749074500034688, 0.05691227259287188, -0.04683843354394258, -0.019800016016274773, -0.016559681044535743, -0.042559648316444834, 0.030151224719897035, -0.04080737457757946, 0.040477781727767836, 0.048430580511333185, 0.004770205607667915, 0.031701551784055884, 0.032639998613449066, 0.020391431585437037, 0.028904022291640203, 0.0029983693946128718, -0.06668340977576975, 0.01018075048221464, -0.04312616511667047, -0.04502421785076099, -0.10426338917755676, 0.034865377045550046, 0.029866388174703953, 0.03368861336061246, 0.015184815259461814, -0.03390824992407411, -0.024585726235336686, 0.008823806980902993, -0.017139243106237163, 0.0244145849064994, 8.96854295421427e-05, -0.0004381250962483288, 0.026982875589466992, -0.010974949411966303, -0.0009464032747235052, -0.017445278492888783, 0.03499473595001864, -0.014382399060957987, 0.005532497652500608, 0.04223467396001225, -0.047982525917063513, 0.05286168508619724, 0.02434697943419268, 0.01872428202288737, 0.06152298880491004, 0.029316334838853066, -0.06073224978602978, -0.03749204627712724, 0.00021862402334812806, 0.025004174435253195, 0.08565020802502796, -0.08339275386826767, 0.027791819565731936, -0.051937469628736486, 0.04597054592510578, 0.0029607422240835314, -0.011167249535070804, 0.0034296128157046734, -0.028620106097586348, 0.04194571707780381, -0.030942778840074438, -0.056197062884672355, 0.017014739824430507, 0.024560993702786853, -0.01687811226783533, -0.027275545035660657, -0.017524606796652735, -0.019681139988769053, -0.01229849484333304], [-0.04563412455978731, -0.05002845707069567, 0.008579247365317264, 0.06964929359397093, -0.03907529789708764, -0.05838625207893394, 0.03819698494220093, -0.06972113337215045, -0.002211197239160227, 0.030741291046471775, -0.02199490995679399, 0.0267044286236377, -0.05029329735101732, 0.22702005120858215, 1.0759716158906119, -0.0008060060878585359, 0.012794976417440557, -0.03686079773472561, -0.012831468175439169, -0.028664193147036658, -0.04047131253030397, 0.023920127180211467, -0.010944103417459416, 0.012501844641438425, -0.024366888531582094, -0.01875964942151042, 0.019217722929475812, -0.014476695464170013, 0.049202592722787986, -0.0003219374122893989, -0.02539356113646492, 0.03812743233933092, 0.010000866229713874, 0.020380809917154782, -0.01631374523720008, 0.020814086342628768, -0.06248179887676459, 0.057678031595850304, 0.0022812343808875477, 0.06629194609413468, -0.0026382962240711822, -0.019101998934524474, -0.003816486950521297, -0.008234525746774362, 0.07246048066265526, -0.014399699232117827, -0.06178831128209695, 0.0200287360068548, 0.05451615874775807, 0.03800927978874376, -0.08769024341239627, -0.07385072821808347, -0.05729435339510353, -0.021446410152975156, 0.07243897103352614, -0.09125317752913634, 0.008055412485713462, -0.022976377742051607, -0.09795940218940101, -0.020746579532468033, -0.0921493053377487, 0.016919176322069164, 0.016699282939409456, 0.02577216679990415, -0.12480211905846421, -0.03888759005490345, 0.01873023937008337, -0.012187010349768681, -0.02018540438921608, -0.06949155539185493, 0.023926449383350226, -0.00710376841447485, 0.004996177881955778, -0.01525433887238573, 0.05388693707003027, 0.13755890639725382, 0.039142441632080985, -0.01697904086845241, -0.04150160692068494, 0.015140941423866294, -0.05478555086315927, -0.031764801572780436, 0.03592408016046677, -0.017823445484012407, 0.14068150403588392, -0.008335499802852317, -0.018941295905730238, 0.014895534713571534, 0.1291742694736106, -0.00048352450740424426, 0.0009705828131640811, -0.000945206522956514, 0.07600168013295357, -0.06846636434421315, -0.10658567542415463, 0.019212749208987388, -0.019035450257450483, 0.11871292457463803, -0.008848808257198464, 0.023770