{"inv_metric": [[0.4929139658332001, -0.2475595966910478, 0.103197871498069, 0.20606774143260018, -0.0700916363940002, -0.02260770755590935, 0.016566315815684084, 0.011436749670573561, -0.02765711182302212, 0.02421343646486974, -0.05449319645497464, -0.06321563057729078, -0.04232891880753735, 0.008517142612021347, 0.034735479657032775, 0.015166366260823308, -0.015382766151304106, 0.0154608139253268, -0.020513221217552335, -0.011154540803729802, -0.0038399714916904216, 0.011680153492640316, -0.01575281474802064, 0.00943989809897452, 0.03434627402178574, 0.013488254068111482, -0.008417543120571282, 0.018429787422969253, 0.01291807604961083, 0.010222761075697598, -0.10386020917294239, -0.12292582735712985, 0.022007982743915844, 0.0005608335878086765, -0.047187182578156135, 0.013067392347333473, 0.012947992678553759, -0.02017188446451373, 0.00598637560907357, -0.04239732645943995, 0.004998018824540568, 0.024616859111921432, -0.014401241888134129, 0.00904220364013986, -0.01844638664031149, -0.1095127479180521, -0.10771929296064868, 0.06687373900060416, 0.03913041814502582, 0.031769142983176034, 0.01042401810485535, 0.011930552050621757, -0.0012384982048004606, 0.024259442655198235, -0.00696475713540308, 0.018317075407722323, 0.021833335571135853, 0.04035699967914612, 0.038111758264104637, 0.0518165044436508, -0.043453433945730965, -0.0704283873532975, 0.04380607927739575, 0.05309152268016428, 0.012466666984815052, -0.03701129219759795, -0.035559665485729676, -0.06298299808526589, -0.011567792973035913, 0.021646164415283956, -0.0029999275316883356, -0.036053559788458096, -0.02510077446925896, 0.026611142199742, 0.029626008080787303, -0.0849483877839248, -0.021905430917617763, -0.06400033066005652, 0.0714283540051241, 0.005394429722372329, 0.0037302760573595032, 0.020714051613605722, 0.003452303537751287, -0.005621019633206341, 0.04447244804902752, 0.0304154252914239, 0.03667065475686845, 0.05441716234465232, -0.0013690895510914411, 0.023778185179325423, -0.05215758004663822, -0.11273238175336596, 0.03029929271234681, 0.061543857355930105, -0.028390798155755556, -0.023238061927121, -0.05361919005544922, 0.07075808612059993, -0.01268344634056963, -0.03359728668733183, -0.031449099363151475, 0.016672657262543873, 0.020818313645488085, -0.029960662483697522, -0.021247511460197877, -0.1393969835296569, -0.02734450446153458, -0.0035666378367419376, 0.008883331645284024, 0.0061305479165127495, -0.027427124425924824, 0.02023266723153385, 0.016892318876101674, 0.026342465848426998, -0.05439519744228179, 0.0007701215025791778, 0.0414982616049913, 0.023657171604897286, 0.013193037015104521, -0.020139674375139287, 0.00612812902685149, -0.0021492199024899013], [-0.2475595966910478, 0.6077931390890019, -0.08295955514718253, -0.1780279628481168, 0.05689659438746028, -0.018664237380077338, 0.00664008818365805, 0.013145996690002104, 0.013668958417622199, -9.645245063972594e-05, 0.04947467890594864, 0.025066499919412222, 0.01654028784106446, 0.009815379625500841, -0.01132587343446297, -0.012910511739435367, -0.00650501567965865, -0.014524332260046794, -0.0009139393919654537, 0.003151168848658418, -0.002691474555055951, 0.006861178245640375, -0.02228953057952697, -0.011178639384774331, -0.01882379994030988, -0.006787615483533162, 0.00015818850659457526, -0.0426838076128542, -0.014550611349656673, -0.03161835776549608, -0.032692982316582284, 0.0017002187602412836, 0.026481262387911667, 0.04590846917453354, 0.05818823233960639, -0.02804095397313127, -0.08429304192538946, -0.0015858002460919676, 0.017530760730321726, -0.0020249273382279545, -0.06440593491308731, -0.009863192711379963, 0.026976134147625695, -0.054558025011155274, -0.0760730606531538, -0.011132764975170543, -0.04712600214726207, 0.036454765617006536, 0.03195871121855444, -0.08418479336196179, -0.0044612194375963496, -0.05514185119392054, -0.006224140805658713, 0.004756904716149409, 0.025893219134288655, -0.04860404856424292, -0.017288100834198957, -0.05759419320258916, -0.03347931415501064, -0.03791607108080847, -0.05689124817974563, 0.03793107798839846, -0.0022380340196181494, 0.0037151607068979416, 0.01634426095982509, -0.0033748733626133053, 0.02269080406169747, 0.001958287926849136, 0.0073427943710681265, 0.026709202536040245, -0.052409543200184865, -0.021106680057581005, 0.02384244757065677, 0.039425707536944035, 0.10922436897218464, -0.05058986122677994, -0.04655789806421682, 0.08677197404490557, 0.008069652058115086, 0.018288751164187694, -0.014508827479484392, -0.03581288563915921, -0.06341012559262245, 0.012916815919566097, -0.0058314852300101845, -0.016090352692237263, -0.0004421092059911305, 0.007528114084406292, 0.00528687897823673, -0.0013976763434281113, -0.06854268122557616, 0.016096355552111034, -0.0091589549942864, 0.0099457499960471, 0.03885518218780551, -0.04088234944967444, 0.03479029464282323, -0.1095576766875766, 0.028455353352123392, 0.07529624029931228, -0.08055806492753487, -0.03728151076346261, -0.0027505813737188456, 0.05903916696653295, -0.001046356127997309, -0.04879654910005761, -0.06558867005803698, 0.0376361529307824, 0.04305709958421704, 0.0013119897515312046, -0.002851204925022532, -0.03007772065611055, -0.043728761157974916, 0.0015552759277195453, 0.06140599431041147, -0.04226879771562896, -0.03452525145476116, -0.031661972009228025, 0.011701620049261527, -0.04376310975040343, 0.001309907967555671, 0.002375075219751652], [0.103197871498069, -0.08295955514718253, 0.3567478592168995, -0.032226027409162375, -0.018765900522907136, -0.0837525183520917, -0.02302326854185819, -0.03949356944050218, -0.014210647666372608, -0.10285125901738008, -9.41989431207147e-06, -0.05483132686628534, -0.03753631547104242, 0.03516831783600472, 0.06460521661606818, 0.016673101847335767, -0.005890189168037375, 0.015459236066010285, -0.0008464609929532991, 0.011304141222949432, -0.003643149310536034, -0.006569790175461786, 0.011564291499542925, -0.0020128699615641877, 0.020360343508380258, -0.00851376040147458, 0.00842747288491395, -0.0043698466356113744, 0.019896299406843183, -0.006889563689487297, 0.00633862557046965, -0.009744690899212254, -0.06415803126754724, 0.05833308412835426, -0.028153993851681564, 0.030825615222728527, -0.019041905316244882, 0.031040308057239428, -0.0003445980497567536, 0.0003764335568914008, -0.0022750907492540863, 0.013559381407474643, 0.04302140474249633, -0.0037575557995855493, -0.008633055428554326, 0.027612999237285652, 0.016904932046143507, -0.042688492373834236, 0.03587952329768132, -0.08298331688873291, -0.003408417120686911, -0.014069567825935539, 0.014548131809913128, -0.007683988474306487, -0.00975904504899753, -0.001044074425501224, -0.00766189904993665, -0.029810925236901268, -0.004919239647418974, 0.04480171231941072, 0.042883854893166144, 0.00223828364924522, -0.04735388214839007, 0.06190057054142854, -0.013813712233768722, -0.013135365725778116, -0.021927851253017747, -0.001976982134802814, -0.017974893499068407, -0.010418068832669209, 0.012543027477822323, -0.0180422899385432, -0.01904674490255431, -0.0002979928873890612, 0.029662569553511695, -0.04378492805352132, -0.0157893746546136, 0.006297108454845233, 0.01588566516857157, 0.03701891300404402, -0.01514434141309633, -0.008515390610691327, -0.011821731538113871, -0.020025822573838174, -0.059598690661262894, -0.03291751555193728, -0.06476083714131223, 0.04651400828896754, 0.01142034846005708, -0.007825188869433196, 0.030993684637258247, 0.05769875883868929, -0.10505484162401042, 0.04914736707400783, -0.044837046755346346, 0.0036639384738421242, 0.000746108314772325, -0.013976906287519417, 0.005338683526079681, 0.008589767797230228, 0.011129366240991218, -0.02235180952207032, 0.03197702907288819, -0.04258964923563555, -0.023137918829209892, -0.03087312831330869, 0.08117581368399372, -0.10318142548135678, 0.04828823708529645, 0.010693432859769775, 0.009317776892314862, 0.01538968499697798, 0.026917138110162525, -0.009474200106493358, -0.019847261465057865, 0.03271518288876211, -0.0066179264661334865, 0.0194782522424556, 0.012102333152081394, -0.06524563741523542, 0.003223749156997452, 0.00017601517865899088], [0.20606774143260018, -0.1780279628481168, -0.032226027409162375, 0.4115495733904004, -0.00018728738392394457, 0.0239500102903633, 0.03375762845231621, 0.037930047003330365, -0.010782199263518191, 0.03080111202121287, -0.038037037449731304, 0.04742442562252727, 0.06250928296246032, -0.06655178888429007, -0.09851908592504847, -0.004626683533385067, 0.0006502283565937136, -0.00898377353664015, -0.0019270087183023434, -0.014733758972208803, -0.0015086090221457377, 0.0013587280009618751, 0.0003844622717810891, 0.014578653614172089, 0.02164337006871518, 0.01641877971847488, -0.010850667500466381, 0.005434824640164115, 0.00029271557315681875, -0.013436522281581773, 0.018624504097157723, 0.009836044155073772, 0.03911283624437535, -0.1066175463149627, -0.08060671176141224, -0.006094018537824033, 0.05401727467239381, -0.07659626774375175, -0.0096092464604468, -0.010778347080635006, 0.010031967070878242, 0.004936257261498656, -0.021073714728020564, -0.014825454446917448, 0.00802700546601728, 0.049066822853870665, -0.06163040213013465, 0.04145481412422494, -0.05010412781290062, 0.015353292290532117, 0.06831123839524687, -0.014563287684260242, 0.009974389739900648, 0.02695133310405111, -0.034820204702915226, 0.020424507155002804, 0.011536726427373604, 0.060541274485809975, 0.0238549040389956, -0.011917444420570958, 0.04959931593802496, -0.02806445538236905, 0.0205414255764073, -0.04584539449697527, 0.000413715240762935, -0.025977241426262704, -0.016181411225142498, 0.03844685010564089, -0.006391419058087742, 0.053478532378925726, 0.006265462211286318, 0.00979072915045289, -0.049595359760926536, 0.004811585292359493, -0.08764798517719535, 0.12652820513576818, 0.005057897728498946, -0.008375218935856237, -0.01913970255808703, 0.006481575866179523, 0.0300832920637187, 0.003248591995604821, 0.06842212235357197, 0.005464281469487703, -0.055377329858053215, 0.029799459684570356, 0.01004400636867104, -0.0040797809512899295, 0.00018076688677848258, 4.0469861938821595e-05, 0.057804784719269274, -0.04712905694947389, 0.08210704909073092, -0.046136822102534336, 0.030430443491943, 0.011250039352236936, -0.00726416200507785, 0.04605930350155579, -0.0399710026603388, -0.03335731652297637, -0.011796159681813481, 0.016681076920232966, 0.01942426361698397, -0.012356708237365673, -0.016180564434598057, 0.015436512283745374, 0.009419363121965773, 0.035506795138469424, -0.11482378834847377, -0.013230853021498, 0.0041493789589355625, 0.03231939681188644, 0.005513000437712812, 0.019255485676744375, -0.005361526855813858, -0.018245057229564786, 0.03893838335546071, 0.014351123159362992, -0.05357537423374786, 0.04728309560114264, 0.0018333696523280473, 0.004253564168177016], [-0.0700916363940002, 0.05689659438746028, -0.018765900522907136, -0.00018728738392394457, 1.0451940863422913, -0.028912543720273038, -0.03422259376908145, 0.04587610067632267, 0.004247714268968804, 0.08500533397322511, 0.020090972787611353, 0.03660517242255115, -0.021879927310167996, -0.01603766441960775, 0.013806194794842023, -0.013192766622868399, -0.0018713181554031995, 0.012842761271425083, 0.00599007586701002, 0.05930388403436146, -0.018857523062924937, -0.010739359796332122, 0.0191346261233556, 0.022061039934820684, 0.010953619849018192, 0.0034798641994750333, 0.02315577617849987, -0.0209563394666908, -0.016142695153771747, 0.01706149846416188, 0.04782861370735477, -0.01987962159461964, -0.0024182214515581432, 0.014057936035768458, 0.0881973257936719, 0.0245177295288606, -0.06375405666575783, 0.03908503866180992, -0.024278921139542622, -0.06416516054885084, -0.025656180799441437, -0.02129596521559846, 0.09667424984295894, 0.03182257274306402, 0.0054464778480812015, -0.02488240362924896, 0.10671348918703406, -0.038034999411346665, -0.06338943384830968, -0.06763250968932423, 0.10733772513126326, -0.04916780706195863, 0.03229516078930703, 0.016996388117130678, -0.12786512661715793, 0.0438228098296308, -0.009814767015394318, 0.053965204986544904, 0.06365939230897832, -0.017488544137603545, -0.003581775825767052, -0.025150227194680113, -0.02180118068001511, 0.013438305962536189, 0.08209386919231193, 0.04824293919926979, -0.014815952352440525, 0.033414982599471454, 0.02688752414188145, 0.00022873974389873492, -0.019457100301227732, 0.020545241475110942, 0.009168184146569247, 0.053610066153647606, -0.1125454751650343, 0.024319596017977264, -0.047966168059305404, 0.05817057366126713, -0.04869577521090511, 0.03170792786071515, 0.003544580545349262, 0.06149970625952235, 0.00468845618365696, -0.006765146036737295, -0.029599260626084423, 0.013956753077682883, 0.0008587892492800303, -0.03507192310028961, 0.018181428502520122, -0.10169933467376673, -0.02365443445098077, -0.02146512728205201, 0.0012319210239941062, -0.07962674426531033, 0.04544675527555492, 0.043889574140835184, 0.018495489544071066, 0.0687810892148818, -0.016199527678597773, 0.061795288968275214, 0.041969338532335164, -0.0862113047851819, -0.051746635874801855, 0.06188274451187953, -0.1184640127532934, -0.00972673767529188, 0.05360315902150518, 0.010830259176082394, -0.0050736518504675915, -0.017399073039024018, -0.04110000430571713, 0.01976097472084749, 0.04168369412650719, -0.011613543255935764, 0.04885636178224817, 0.0001567788861601065, 0.007025021416391915, 0.03472468687549421, 0.036625844834251894, -0.06125409842552732, -0.007298872852069534, 0.004792012600773176], [-0.02260770755590935, -0.018664237380077338, -0.0837525183520917, 0.0239500102903633, -0.028912543720273038, 0.5137508447548415, -0.01006915366797778, -0.0025991999272241733, 0.0008309669842180811, -0.0752448015608309, 0.09352451787182879, 0.018951873454811783, 0.010964194008267352, 0.005650697288213661, 0.015875389457684925, -0.014385577444652293, 0.0009309630751841747, -0.008613354504602138, -0.0067555606631314585, 0.005520212335026888, 0.0023989708135681294, 0.009810314126152781, -0.008721293071895998, -0.007284969795131132, 0.06094307417524334, 0.00607249211875961, -0.0008116696555359069, -0.0005052189141553587, -0.010621973228944199, -0.015931703734309282, 0.0008384815089542643, -0.014850792602959484, 0.024130126235033827, -0.014451306575419877, 0.0285745251765151, -0.025977584135706423, 0.020204784957905206, -0.07646103411306379, -0.0019663897514354436, -0.04135923300330491, 0.0009019523892539001, -0.0032069077831867296, -0.00745958140225453, -0.004282153255152506, -0.050064313653752204, 0.0413875243463399, -0.014485087338316313, -0.037069953480716254, 0.017528886424827562, 0.002674960484731054, 0.007179429695277077, -0.05651426120851885, -0.06165528731179128, 0.008136350937516466, -0.014569303133959745, -0.00511937545409214, -0.016012403496767292, -0.0641152307911863, 0.05392896973422536, -0.018673434592728275, 0.02353886650477117, 0.018418055642282643, 0.018987087251026994, -0.0004991304108148999, -0.019684985802684563, 0.02874195897317244, 0.04569748662806549, 0.052867573118842805, -0.000307600416546001, -0.038901547288829295, 0.04136430221354491, -0.007576579142805634, -0.010689458292043279, 0.047963346892554125, 0.050516387797212486, 0.023908281482932312, -0.012075659905924298, -0.005025334857340474, -0.023722670787827024, -0.023903150082994977, -0.010203996313869475, -0.01381890643257709, -0.028080355967347627, 0.011791369850598848, -0.023123490466826033, 0.05467032649602295, 0.030062433530999, 0.029706926759528476, 0.009759734824531621, 0.004047773179773308, 0.05000368760443557, 0.051005993787661054, 0.028157399592012907, -0.030611734764004292, -0.02783083160237794, -0.09892764935335528, 0.04748507010076846, -0.014936025152768321, 0.013236221175661606, -0.0376141884587363, -0.0530565794035952, -0.04800498467737497, 0.04106241921011891, 0.025751468047479107, 0.01343483072253585, 0.04360695415231026, -0.0201856430662382, -0.012287917561222779, 0.02081427320214049, 0.04432614431304139, 0.01676543635701104, -0.02031861081186155, -0.08361700271228434, 0.005338332433445742, -0.0857688131435655, 0.012312528365193311, -0.011272305975215932, 0.03600837953872085, -0.0010038201501011003, 0.015498321138793698, -0.0003485839203268715, 0.008163057691741731], [0.016566315815684084, 0.00664008818365805, -0.02302326854185819, 0.03375762845231621, -0.03422259376908145, -0.01006915366797778, 1.0852918870522643, -0.10498791367366488, 0.019698127791425265, 0.05971977473295961, 0.02366179043724517, 0.04374622512210388, -0.029716971230525607, -0.009947771762248822, -0.055895425833011395, 0.012460947446760656, -0.0029418950151092415, -0.023181907555235626, -0.006823973123918055, -0.02289175942221188, 0.013433726761179442, 0.00391661361682148, -0.03104411818384852, -0.010506851752491525, 0.03422653453975245, -0.02262310282960717, -0.03575388128252369, 0.05160506323015063, 0.03908761327317618, 0.014624806469104749, 0.044085854237343854, 0.04404911122952877, -0.03581998919972894, 0.03774727390413528, 0.06464656670553375, 0.04272121219765734, -0.021981158827470863, 0.08074538791030919, -0.0042286085550827576, -0.04332677660087413, -0.06142122788851758, -0.03749445087480759, -0.031238702122815744, -0.062057391743111055, -0.01117805447445586, -0.03161147635484991, -0.05263791366481137, 0.07964373562491459, -0.06279345851264251, -0.042031543932048526, 0.007782530921363811, 0.015324697948118133, -0.0006009268812272299, -0.03990820736324525, -0.003933104847491935, -0.011045398091643286, -0.03486657163292181, -0.06785108386926345, -0.02949543781620518, -0.016340988966844442, -0.047480341800495846, -0.022733431252569044, 0.08155228570544364, -0.09508263875724507, 0.039125905305907406, -0.07100616347101031, 0.10513707097651524, -0.04986582359453569, -0.014566653241309888, -0.0006315241201998102, -0.03546981097258431, -0.033677770960811995, -0.0016589094184590069, -0.04676161447583256, 0.06860477619308251, -0.013229656516626354, 0.010601571040288311, -0.03929620516154624, 0.01847386973129012, 0.030999293983370434, -0.002506917412999187, 0.12437733774174413, -0.026795864076425768, -0.02281105299282906, 0.014660704647354608, -0.009898454870578602, -0.007016458019609299, -0.006471318256164178, -0.03371375019781359, -0.06946326341957165, 0.05369962213225169, -0.0009530814166157051, 0.00707843521611211, 0.05876923646108373, 0.02748947866693277, -0.044313867678648894, 0.079437841667547, 0.0435850777440861, -0.049574096559643704, 0.015057804951330753, -0.07014381217521058, 0.005640528531494879, 0.01592881806623905, -0.05595401807262983, 0.13693173968039338, -0.005730951849779433, 0.010247787634996782, 0.018371590856296197, -0.050357581275891516, 0.10966755544948739, -0.015852653912324256, 0.008857523391021917, 0.028430816017078715, -0.008728019059120098, -0.009514060724233756, -0.04329327145848804, -0.054551093729384256, -0.05213676574099197, -0.014795976693009355, 0.1909403425488162, 0.0038696131780760427, 0.004736184219008946], [0.011436749670573561, 0.013145996690002104, -0.03949356944050218, 0.037930047003330365, 0.04587610067632267, -0.0025991999272241733, -0.10498791367366488, 1.029742862932901, -0.013401351374684404, -0.02312012776071609, 0.005421647891673946, 0.038848988107809096, -0.04308448491077138, -0.014653209935976784, -0.004447106024559745, -0.017053405612530523, -0.010867194146164135, -0.021929724936245103, 0.024485421853967255, 0.023261288242917965, -0.00583331177330683, 0.02410376358381283, 0.00835258932773319, -0.028886740790345936, 0.02675847154665945, -0.0015180724292821427, 0.01779270665305373, -0.022392863271252998, 0.004738833189322042, -0.016776332697924397, 0.018902912141592263, 0.026752175962672296, 0.054123570115920956, -0.031398721542285485, -0.1291469713672022, -0.018894389686307713, 0.043415636994688395, 0.07390763945670888, 0.017131380741790103, -0.047408768944035694, -0.025322341020365506, -0.038889738374508355, -0.11137410355357019, -0.053230713481406206, -0.013751993149367623, -0.04281663391655434, 0.047250377063144874, -0.019165008935594897, -0.02782686644066234, -0.053772221357792804, 0.03621983591167146, -0.1101314969135257, 0.03878478862089241, 0.06678976316674441, -0.03516858895751351, 0.010386104246938763, -0.012058519566566688, -0.04522714997991487, 0.00402713944449702, -0.03225004768730856, -0.08095204747307302, 0.04229677153806796, 0.014592309118573784, -0.03144938104083881, -0.001675702487555791, 0.022430081934511504, -0.07373847778462507, -0.04129244881176652, 0.040182442173634474, -0.06960392704441169, -0.0064481933914192335, -0.02182150123091568, -0.0440776524953651, 0.004083962494222401, 0.01259112913421589, 0.046702406193126336, -0.007409793396939384, 0.02002560073043188, 0.04700433206155823, 0.047630274096757234, 0.046794178649743036, 0.03567776113064337, 0.06865323120892108, 0.031656187120584, -0.07354356630361925, 0.00843988259956115, -0.036093292922522, 0.03151755305776695, 0.003825199200418155, -0.000969831700830147, -0.10180370392318057, 0.009985576173261129, -0.017684554660524567, -0.04215390705926633, -0.031991885001129886, 0.0005945472250279423, -0.021950180014270834, 0.03286983003747367, 0.054109452024626484, -0.13705413925347165, 0.051693737044116284, -0.02487102155627639, -0.09237931413986922, -0.015539368350667363, 0.01193083572940183, -0.04042232562192194, 0.02322880241811514, 0.08163023219358079, -0.011407298280397736, -0.06925248601478451, -0.01306568687954253, -0.08830647272005464, -0.04128046755031547, 0.017635917387541063, -0.03512979905372031, -0.006536998405311145, -0.029049230340454202, -0.03304927501252739, -0.00872608828192907, 0.00180737366559098, -0.0042424997272982, -0.0056438955615792374], [-0.02765711182302212, 0.013668958417622199, -0.014210647666372608, -0.010782199263518191, 0.004247714268968804, 0.0008309669842180811, 0.019698127791425265, -0.013401351374684404, 0.057255553082491466, 0.015215974428264176, 0.004705553130554114, 0.00752896603888065, -0.001322406377816441, 0.002596640561309328, -0.003898327121157533, 0.00017960495406203227, 0.001564346206879502, 0.003911790385122381, 0.007736605761990079, 0.0017493389001415776, -0.004923043541694346, 0.0031380214988399754, -0.00029746080541663046, -0.00309320985850774, -0.006442751145318552, -0.0034220289133649814, -0.00117721712094622, -0.0012204334805843346, 0.002063113911103162, -0.0007712389455463978, 0.030783716684746443, -0.00411212277799192, -0.0023107769783043807, 0.019007718067879147, 0.03606599378879694, 0.0020282639983972405, -0.017937583868770236, -0.00573209681236949, -0.09017394210837197, 0.023739375322968305, 0.0010438263086133069, -0.00021540942658567072, 0.008130857965293042, -0.01369660471830307, -0.002253122917444033, -0.0033414225847638156, 0.0028519275055845787, -0.011198734965737134, -0.004487904571234781, 0.009107195293162808, -0.005836033291415624, -0.00021984907117362726, 0.0010922114681051736, -0.0868575860152702, 0.0037145295458374293, -0.011691162228365878, -0.009804895608127088, -0.0033551008340239664, -0.001952576301435232, 0.0036980901861002214, -0.0005056443166622916, 0.012982717572057989, -0.021724946332709244, 0.0056556346868447726, 0.008926232312437141, 0.002792618822058936, 0.0007351140863840105, -0.004318242874067412, -0.08986859997932087, 0.009697952525563582, -0.0035148566998655455, 0.004770838911597737, 0.008941367502777854, -0.018332767292550456, -0.010563072510884597, -0.0027100003573676504, -0.007440789305717266, -0.00026597324302116425, -0.010524165606293837, -0.004431758485945702, -0.006258264164638456, -0.022051425574792952, -0.011313264626233078, -0.08162975841744675, -0.0034754081151183933, -0.003712370137161748, 0.006550672696708186, -0.025432648735186875, -0.0007693593530844657, -0.007591673722927562, 0.003859914554337823, 0.010725822475625245, 0.0021934956306973136, -0.0008964062679898289, -0.018959233260610133, 0.001029578873093218, -0.025031010910802877, -0.009892775204333511, -0.08511232538113386, 0.01621669602302613, 0.0038300785019229674, -0.0034132060626924725, -0.00581172167467345, 0.0018100004341034014, 0.009507219199035584, 0.013434088464591678, -0.0017419244590722502, 0.016601149588216353, 0.00377664463526394, 0.03428636714492084, -0.015912961221128452, -0.0028399816381855336, -0.009435681864990789, -0.08399832556732291, 0.02033479538052921, -0.005229237295952718, -0.001823825209144233, -0.012056845538165665, -0.010426238770112633, 0.004729500296774963, 0.000624699233822456, 0.002302484582860238], [0.02421343646486974, -9.645245063972594e-05, -0.10285125901738008, 0.03080111202121287, 0.08500533397322511, -0.0752448015608309, 0.05971977473295961, -0.02312012776071609, 0.015215974428264176, 0.742713382602054, -0.02232760372061229, 0.023233553030954673, 0.00780041084072769, 0.025337648147230742, 0.02303219660146253, -0.008051718487739135, 0.003236775977812288, 0.0007423677954745089, -0.012619825896020322, -0.0045349727175099785, 0.015602014805952262, -0.006129072467060718, -0.006241316317104349, 0.003217160967698818, 0.20603539572176935, -0.024696570685135744, -0.009998986809335602, -0.007870339145434977, -0.010069955299649986, 0.004549158657669939, -0.012711751312047657, 0.013807811222432223, 0.01780413057490172, 0.0012035576798837479, -0.0431713975734824, 0.00030073978138968213, -0.058957544497052664, -0.010880162799191871, -0.02902721347431625, -0.1591965812124668, 0.044479475274753925, -0.0029251366065458913, 0.07165350715576325, -0.0024775076470740557, 0.04047615222048256, -0.05712112457815557, 0.010981920233388657, 0.005828602883484685, -0.008603450619826722, 0.02176376309261689, -0.009456198475143666, 0.05079264870376363, -0.020317945793972152, -0.044687232222798044, -0.13216030096636536, 0.00926328822323919, -0.01963682943722276, -0.013765554518988966, -0.002226868199992712, 0.05564044702164581, -0.03859559064876032, 0.030135938069623617, 0.002357259187670878, -0.009288278053098576, 0.08688831043256016, -0.08944038472528246, 0.056534843076661935, -0.0575806896281047, -0.01257636399024793, -0.07789914981027596, -0.06004538583220885, -0.014334209121181963, 0.03480799329174609, -0.053613126149828126, -0.08274307835703736, 0.02234156430577846, 0.05947526408235443, -0.12172621099184636, 0.03994300154695293, -0.004439579661446101, -0.02934351651381318, -0.002989376295730894, -0.03176517707074166, -0.012996786866324148, -0.0443144084279734, 0.05582189770135577, 0.1093963373468776, -0.014878305266770682, -0.05879745912936859, -0.05069877077232112, -0.010374127951403822, -0.06433240829895288, 0.03908627336667508, -0.014558556881779063, 0.04059387426235942, 0.04474958569812416, 0.009342403547761124, 0.08887605042453685, -0.02020065697679339, -0.09971551549089772, 0.052075135215715704, 0.0029832270819613337, -0.036417827775883406, -0.031094895235978883, 0.0001838055877409516, 0.005813987702101022, -0.021586804403368628, 0.06288080560482377, 0.00792060371423196, -0.11699914911152377, -0.01576683772334117, -0.03041164604555746, -0.047548272555734, -0.024774022749242623, -0.10693271738625482, 0.010429535269983282, 0.010404172031486483, 0.01730630435180302, -0.06131221536652296, 0.010061961891633317, 0.0010920963097216555, 0.010530876751644387], [-0.05449319645497464, 0.04947467890594864, -9.41989431207147e-06, -0.038037037449731304, 0.020090972787611353, 0.09352451787182879, 0.02366179043724517, 0.005421647891673946, 0.004705553130554114, -0.02232760372061229, 0.13224582997463055, 0.028162131050473556, -0.020696036947532935, -0.010685286159024567, -0.012439493568727355, 0.0028842418716524777, -0.005894966747288509, -0.0015832752630521945, -0.0029898374553041355, -3.028313565593287e-05, -0.012792895430751388, -0.007047074589672626, -0.0017000399458190903, -0.001200602569213045, 0.01376986488870737, -0.024837458693285495, -0.0029391012714648614, -0.0033521983719043006, -0.0009911906530766317, -0.0018847183717656533, 0.021908552655482222, -0.022116472222137886, 0.025784399372674738, 0.02412900715123181, 0.021340001129073673, 0.022695203356305715, -0.009504859800016105, 0.0026179335756584, -0.0011496330390777737, 0.00861041357900449, -0.09438367062062832, -0.011803027883828773, 0.009245248598510886, -0.008385842583497408, -0.03407148886018807, -0.021891552585698915, 0.01111637713696959, -0.00037741442473278135, -0.012026903470337937, -0.013391513377273895, 0.01299454003084151, -0.03749610705643687, -0.018576084105212325, -0.011436342169950592, 0.003842736865328875, -0.10669370868280433, -0.020785218516176256, -0.0250823401267744, 0.006721832473789102, -0.02313406995492019, 0.004462299259437399, -0.006653450808562386, 0.011645885029889199, 0.01330223005737452, 0.02612229628782922, 0.03341555289604798, 0.006461920400639058, 0.028687719050396417, -0.005960517429425832, 0.002473170603281813, -0.09760825456192337, -0.011042091212735925, -0.004307856799222974, 0.018096806437513116, -0.001755889511695675, -0.00644036516437162, -0.004416566265511029, 0.0011094091092101104, -0.027421182929770613, -0.011757556851325165, 0.021818798442776875, -0.00661032474984161, -0.014593765304567147, -0.0088521650389089, -0.0257680108714758, -0.07328910934168208, -0.003350590351821653, 0.01655536035225163, -0.0031750039537877606, 0.004892097285334126, -0.002565406664914098, 0.020319945622274047, 0.007211131073266621, -0.01227769603634563, 0.01672548539204117, -0.019813679694874593, 0.010458443281266999, -0.011635469964322258, -0.007827525649328749, 0.014184178978449143, -0.09538668156949953, -0.036488792806624294, -0.01777988188931059, 0.026440335461294512, 0.0016301378809791892, 0.005242805472619328, 0.021012625336878574, 0.0010408124859452815, -0.007888555729305488, 0.027013092889305253, 0.010576552777444194, -0.011410202218813817, -0.04387789841805224, -0.0031345492148738894, 0.010334781455814927, -0.08435425062240609, -0.027822160475673513, -0.0037223977117527038, 0.004341137201148331, 0.02492041613211248, 0.00029923900969858316, 0.00324246924669118], [-0.06321563057729078, 0.025066499919412222, -0.05483132686628534, 0.04742442562252727, 0.03660517242255115, 0.018951873454811783, 0.04374622512210388, 0.038848988107809096, 0.00752896603888065, 0.023233553030954673, 0.028162131050473556, 0.20054620299050008, 0.042572641976511165, -0.06731789392444078, -0.10198283885656402, -0.007431032477422338, -0.006796042960596483, -0.0194160382545419, 0.00928930101992151, 0.005856855345853377, 0.000718779048959373, 0.000541386375530779, 0.004633861971328532, -0.0058284599324516, 0.006128005624197872, -0.006513115753367359, 0.008351735808304157, -0.006730842130454592, 0.0043738107601044495, -0.004222108550807992, 0.03548416169368467, -0.007409100749171357, 0.002130652394290917, 0.016693645175218107, -0.05372183088480164, -0.015531438498557364, -0.024679841016244947, -0.046315594737925354, -0.00880105842805449, 0.013393601407686724, -0.006920976740557443, -0.13016008241364854, 0.015763142640954842, -0.011684853780683556, 0.01590322628468847, 0.0036065108071064787, -0.012452393304650113, -0.009246291644743125, -0.00976850258910103, -0.0012103413251409957, 0.012746610928926143, -0.03680963123890544, 0.02956618527667036, 0.0005763624827200039, -0.01319871819794298, -0.013059277451861263, -0.13295040681228254, 0.04073837044001895, 0.010743236200224696, -0.04269665420435809, -0.00926841009895468, 0.00017392725855466785, -0.021168161051933542, 0.022277659099004293, 0.05368507328114871, -0.00011166986357755599, 0.003046109015463174, 0.017106707666494317, -0.010183533117266648, -0.003857420825173746, -0.037020397835433115, -0.09935119173465212, 0.05031899511252968, -0.002021294781509917, -0.05357100660499569, 0.03669903355386866, 0.0016578891499086112, -0.023044983058584125, -0.0001807218266866048, 0.029665245265839135, 0.005568295468229619, -0.010887814107841884, 0.018310260333387937, 0.002511552585469486, -0.03174592677214512, 0.015154996123974706, -0.08129369699371684, 0.0014557793395484071, 0.0033803896053570736, -0.0047312129793405985, -0.0019075112982878493, 0.018444864949383508, -0.0024333599741059395, 0.006547377034499337, -0.0007541360247470165, -0.0011618292110669782, -0.01234290197608915, -0.00603044013477418, -0.003926306790460923, -0.008672025350205559, -0.004751065998923018, -0.1551390277400021, -0.0048876108410381685, 0.016065001036223065, -0.0013253117412246778, 0.042601761659991154, -0.0020625660985044234, 0.016241550853902154, 0.0018579660752915121, 0.017327399915506053, -0.011857571046852824, -0.00940145196142591, -0.009001649241634425, -0.005110418885075915, 0.011612865986925182, -0.015943399310876148, -0.1148117930921872, -0.008206510008543931, -0.04665601316110025, 0.040971552743919684, -0.005080924556862068, 0.0049226664298581526], [-0.04232891880753735, 0.01654028784106446, -0.03753631547104242, 0.06250928296246032, -0.021879927310167996, 0.010964194008267352, -0.029716971230525607, -0.04308448491077138, -0.001322406377816441, 0.00780041084072769, -0.020696036947532935, 0.042572641976511165, 0.8550278215170984, 0.024038474524991024, 0.20386453756745448, -0.007798248784142839, 0.014162890872893848, -0.016098164436813035, -0.016212019196249563, 0.00246726415228017, -0.028176178873432513, 0.007875302604043384, 0.004313908185700325, -0.0064616278858946555, 0.057247815929846624, 0.012252049661884878, -0.01139742375910712, 0.0049545527812703835, -0.04023177211713756, -0.0022288412368891303, 0.0008555748536787096, 0.02827723186344123, -0.055259821008748516, -0.030471312934807232, -0.06194255563351591, -0.007203517819310869, -0.0014350417768429799, -0.07452014680221493, -0.006237875668337755, -0.0026751393123546473, 0.03360415536753288, -0.008089885381503263, -0.055169002397939315, 0.060508578464916855, 0.005108024933495729, 0.10106625912847252, -0.02483765053908168, -0.01841702257237384, 0.011070805600940975, 0.051788058775845414, 0.02230130915791263, 0.07625283569270208, 0.014647572537690282, -5.77742805861169e-05, -0.02905077966704519, 0.04532290792954744, -0.01802271941559057, -0.005372596407496258, 0.02095063456174412, 0.0030135886379736142, 0.010767910335434288, 0.052982635002442734, -0.034600329630122426, -0.0379064635786704, 0.06446057196166036, -0.022288554561647248, -0.04230510915831378, 0.02630095033337539, 0.012231381048116753, -0.029887788850905202, 0.014560577112705673, -0.014856067680063246, -0.08559798003952232, 0.004388543236432426, -0.10479986904362337, 0.11801470999512846, -0.08365555811636662, -0.019721548106791487, -0.018555871174121247, -0.0968238288738729, -0.033808961836498695, -0.006496349102283227, -0.005299931356982301, 0.020096995615129343, -0.08693776400907924, 0.029840469345658874, 0.05741917571060703, 0.06633636611632737, -0.03262292673782458, 0.0191512549921014, 0.034315611310469715, 0.027077202360885146, 0.053783541339223355, 0.049742229598814934, 0.0132977004323514, 0.015488288733989527, 0.05091173868068399, -0.16018851792449476, 0.01699508661983953, -0.017795275086002663, 0.015522114596181436, 0.05676732789684059, 0.029209059565538823, -0.005596533730670438, -0.019275551363329115, 0.0021282113215553944, 0.0682071068676532, -0.06256344751447888, -0.0023801047834702796, -0.014392691512981753, 0.017376500181788827, 0.005697873092491837, -0.0600019304283721, 0.017585752755767015, -0.02694829005631541, 0.04714878876921336, 0.028897936428243606, -0.029622851937030667, -0.00036079278146909557, 0.007160649953461565, 0.0011770456470271797, 0.005151443595890961], [0.008517142612021347, 0.009815379625500841, 0.03516831783600472, -0.06655178888429007, -0.01603766441960775, 0.005650697288213661, -0.009947771762248822, -0.014653209935976784, 0.002596640561309328, 0.025337648147230742, -0.010685286159024567, -0.06731789392444078, 0.024038474524991024, 0.13347197238037226, 0.19276851831791578, 0.002721551908182657, -0.0020971925946358747, 0.006182346058458018, -0.013798136128428127, 0.0049977408987968465, -0.004400265325880962, -0.00635193445895052, 0.003032285771962418, 0.005259881499877022, -0.002156565751440232, -0.009797547418559968, 0.0016331853609488803, -0.002871643359485823, -0.0002723011190059232, 0.0001667598458846327, -0.001389218096495638, 0.02557267487402262, -0.01663881079111637, -0.014556707815175395, 0.01031595154194854, 0.012916661665016106, -0.02834052985796006, 0.007532652562219659, 0.004283917097582246, -0.022594470883380246, -0.002055821771281348, -0.0027017486645615173, 0.035720164727900114, -0.01407582466836818, 0.015008667847012125, 0.01999945374717065, 0.004982405155630892, 0.0032317533288451256, -0.01733573433106641, -0.02525570030815295, -0.0008715817470814825, 0.03481924733398172, -0.028858334494712336, -0.016625619052357175, -0.004588518321893163, 0.012176835428783476, -0.0060109918775627545, -0.029894390153071347, -0.04180200678922121, 0.04566810623089382, 0.023499582773510306, 0.023976612070206654, 0.02211301062842996, -0.03207646518821103, -0.002870604394773398, -0.0007469536164395193, 0.012661352368779596, -0.01927891023105892, -0.006435509827425172, 0.015948554299721092, 0.010739387335331073, -0.036218653983288926, -0.02223913402612911, -0.051496733276149335, 0.03926906204566232, -0.024063376532990108, 0.021555155469686015, -0.0007134006980012766, -0.017077729716326016, -0.0074463494214708995, -0.0184067015728182, -0.014294405711505751, -0.01934262303762232, -0.00925510060079311, 0.042156651430338504, 0.006807318533080927, -0.0033358043994491425, 0.010671544639268133, -0.05463061898979898, -0.021568825303434888, 0.02999365879631156, 0.012914888877362519, 0.022825308628152137, -0.026970672978833578, -0.019480084463565295, -0.0012261455234324576, 0.013826994994121489, 0.02812544392484907, 0.004648779951136598, 0.021120590537138505, 0.00916703588554615, -0.020861516412570044, 0.00836777621925047, -0.07948471384919464, 0.0009553038589412942, 0.0016453163403440467, 0.023034294032255702, -0.003890080774841216, -0.01610599465680838, -0.0005983472720172834, 0.028037246961145693, -0.007303366660211701, -0.02414578756541713, -0.004937255702340902, -0.030071471873748392, 0.025114919013721818, -0.017311457216993908, 0.019770096114308074, -0.007356049737475335, 0.0010978571575737085, 0.006081532946643579, 0.0005492410661851097], [0.034735479657032775, -0.01132587343446297, 0.06460521661606818, -0.09851908592504847, 0.013806194794842023, 0.015875389457684925, -0.055895425833011395, -0.004447106024559745, -0.003898327121157533, 0.02303219660146253, -0.012439493568727355, -0.10198283885656402, 0.20386453756745448, 0.19276851831791578, 0.3775320361596962, 0.008396634318419197, 0.0039355888019833715, 0.006653505963314546, -0.02272582190795727, 0.010211543932101998, -0.015151954690052863, -0.0008410622789241515, 0.0003108596783865092, 0.007009989871201799, 0.01972931472913015, -0.012158239417928676, 0.008720358795016649, -0.009837514602999782, -0.015860049868441334, -0.0018833847047159485, -0.01931308200829763, 0.028466163417678107, -0.04185218643567581, -0.02968513907451269, 0.010255387082237126, 0.02233028147869974, -0.03786271101904957, 0.0179416637105771, 0.005801040921171202, -0.0471682841380213, 0.007924969141657974, -0.00850990396102452, 0.09559510655850892, 0.06206500297964794, 0.01331512891725537, 0.03250369986371704, 0.008071038460166487, 0.01713991898455304, -0.0316879795819751, -0.03637343984695623, 0.009053614019639724, 0.08268366663591088, -0.03728665478334382, -0.02931214178851229, -0.04243503196265878, 0.03220000636166006, -0.018057204360331983, -0.029001401377703528, 0.0020454618176112046, 0.04918951220799024, 0.04713926730772909, 0.043642198340507574, 0.03439663849984057, -0.05496840648844768, 0.020602584221417496, 0.01336903653808131, -0.005297899323121644, -0.014170846583778719, -0.008117022731590559, -0.014569175085966316, 0.02255917709236976, -0.07462340902830489, -0.05489593905754646, -0.0029475761756709664, -0.002987260345846157, -0.005924250936563068, 0.013480015158041574, -0.004837874132467032, -0.03475719474594595, -0.02531358981086525, -0.028704942597020236, -0.0033671164501171986, -0.007532282484545349, -0.017119082113280136, 0.03078035859274337, 0.022985028184216355, 0.012866601234195911, 0.06381263572977174, -0.05695489074473851, -0.051104753974900746, 0.04054526571911754, 0.014450198732381571, 0.040695505159932276, -0.0309866908259