{"inv_metric": [[0.4006232218178182, -0.26482622862866845, 0.07926902195845514, 0.18744654029149416, 0.04152808062429677, 0.000494860482418242, -0.028153184586019973, 0.009012623007181347, -0.013509488514876015, 0.002991653508873542, -0.05630330614093942, -0.039163348852631646, -0.02098086384089199, 0.0114480602915342, 0.020327427825214555, -0.009117466594514007, -0.014505588438671604, 0.006773440825768003, 0.00909049734203865, -0.026979809178970644, -0.0032588694981599393, 0.0029432110413118097, 0.014362706696410646, 0.006654000136819282, 0.009084742389643892, 0.008136725305711448, -0.00219430805382012, 0.011688069853417337, 0.004428540159317855, -0.004186812164468371, -0.06880009529810804, -0.04772760320601852, 0.03322033915204085, 0.0271660991534104, 0.014505031036766883, -0.010445892834726035, -0.019919266245880498, 0.00015321406745737713, -0.007608393103985775, 0.0158655088871811, 0.018433621055567447, -0.001170164646085145, 0.013161140395717247, -0.026191836856398098, -0.007609912075256257, -0.04946847266756971, -0.05129177653127684, -0.0013032889563296128, 0.07552312725134983, -0.0030959787173679195, -0.017098286362535752, 0.0015185735743543163, -0.02779738165346869, 0.01079858589549528, -0.011008919030828708, 0.00521686201965676, -0.0046302558596161, 0.036350259105926895, -0.04394226797414493, -0.002620174774938106, -0.05423937581957281, -0.007270460975777885, -0.011399912460443778, 0.029533409723720056, -0.016449325839373915, 0.0014799131953628403, 0.014990938687474323, 0.0025529866803506726, -0.00647901495064462, 0.00703253336340651, 0.020593537691404616, -0.018159657748493575, -0.018724390181441095, -0.008564748540170492, -0.011569866364421772, -0.07464212611030478, 0.029227668559092757, -0.010053780150693841, 0.023671768372186857, 0.04936229826584355, -0.035059991356193886, 0.021697991383670345, -0.02925797951324689, -0.009611158464920591, 0.015329005708524267, 0.0051265451894746865, -0.01942820766565009, 0.017443624271335195, -0.03704638201370871, 0.025892424171510022, -0.06410404900931345, -0.08146049926952091, 0.052621043365006545, 0.025493710920827202, -0.015417300425371623, -0.038723928920515314, -0.005931367578143073, -0.05332797394167232, -0.011770775046842624, -0.012814200710485254, -0.012081773880599214, -0.008147599268790119, 0.027170903461694557, -0.016396060517866018, -0.021262618970079566, -0.04755636932867189, -0.021990542068368236, 0.03231125624875668, 0.06196157914877556, 0.029969506960265214, 0.02563915454071951, -0.035201946727491544, 0.010201193807176262, -0.008246230950864313, -0.04722657173097892, -0.020626171967346736, 0.005130181188070177, -0.0012322095069910671, 0.028487345628153082, 0.05466822056138797, -0.0013924021591101158, 0.0016233132580686976], [-0.26482622862866845, 0.6778499598255604, -0.08593947633809769, -0.19058153278891535, -0.03619920407178766, 0.016509718199508475, 0.02486273811954012, 0.03624815319261253, 0.017357214304418077, 0.016978157507597114, 0.05478956034731064, 0.010185976102589022, 0.021481323849776805, 0.03315401453121408, 0.03962612606013613, 0.004065196746084524, -0.016037257469650165, -0.005364691786607905, -0.0003455450875705105, 0.007725270494210047, 0.025355191927235197, -0.027450063770730268, -0.010470574158111357, -0.005957018933698423, -0.012346732270662977, 0.011582299994363797, 0.002050035057744377, -0.004977139724545098, -0.006754952480899331, 0.004375419524020657, -0.08180684057237823, -0.08584685100081099, 0.030332418374186362, 0.011713997993295682, 0.1087259541080925, 0.0324578700613704, 0.06196485004220641, -0.003157922323152129, 0.029512387215598505, -0.02922893720240468, 0.0027829258874732393, 0.0029966195462695295, 0.07724615544252351, 0.015302313773134398, -0.0038801500499933525, -0.01382870845488107, -0.013727941214474956, 0.026532389779543558, 0.012202983600139881, -0.04159826397608433, 0.025208295975742073, 0.07228014499832765, 0.021165848597162785, -0.02038803314116291, 0.022866907680916558, 0.023471341646163258, -0.0019698732023016204, -0.07119140908128359, 0.014162704305464957, 0.013219308822198695, -0.06155318761430323, -0.0379628748771109, 0.05678799364786841, 0.007694880462785389, -0.01889256762357944, -0.021227213713330136, -0.005276951417531089, -0.11186812962912267, -0.001346959211585521, 0.019255637728195975, -0.023299954850750166, -0.0034823961143629445, 0.031621846541961936, 0.03251958353550163, 0.000960605759208892, -0.03568378626905965, -0.10311644126029891, 0.03443243078785794, 0.07681664281090611, -0.09510174354601622, 0.03926828540635644, 0.053533409835392544, 0.06648694369082934, 0.02173315997915816, 0.0533090478911836, -0.018533651254431682, 0.023493656251162953, -0.019512228721489607, 0.07241922601054446, 0.020318193781043412, -0.06732472946919055, 0.05583496847363861, 0.02530622996940627, 0.0013164037747316329, 0.04186263414092861, 0.08025773034531486, -0.020526300811016685, 0.04580658674109453, 0.0284112087141785, -0.02116685457603479, -0.01514716644291812, -0.02319824978904003, 0.03712812835569734, 0.028063954256307068, 0.049356688868875315, -0.04464061118245874, -0.06570129985138178, 0.06577293074442414, -0.026466683850028594, -0.09595148251490748, -0.03726638416124365, 0.0972179815133673, -0.04549880308783844, 0.005839082912313497, -0.011453979755976599, 0.031777678714806905, -0.02419203545492305, -0.07391295296216767, 0.024575693058864485, 0.0049655676873435394, 0.005879792752815868, -0.004183137281622488], [0.07926902195845514, -0.08593947633809769, 0.3117338964035318, 0.00773931061384667, 0.029912327683290454, -0.06512776839351861, -0.010336028509242005, -0.013837588741273549, -0.002834855142951899, -0.09544998101682224, 0.0041331437358160085, -0.03557078472030058, -0.02627883045564735, 0.023749688531249036, 0.040242973897520906, 0.01201990638060134, 0.006415864024899522, 0.030914269550530008, 0.005477736812174694, -0.011269096246136789, -0.03631850940561309, 0.013435023444754947, -0.0026710923498273996, 0.015115526112525203, -0.012645689854958266, 0.006918184410911698, -0.0018539510589037965, 0.01419047050171381, 8.435900524809976e-05, -0.00021951264159718217, 0.02017975419896312, 0.035648655482429924, -0.0672355524665522, 0.011130783002145208, -0.005809283637129687, 0.018948111869082775, -0.026527072958817132, -0.00482320506925139, -0.02335743898445385, -0.012934761331350447, -0.009757517277789287, -0.005810055379360326, -0.008887774729090258, -0.005015828522891785, -0.008645309361180093, -0.0003386414081957703, 0.02051722752588847, -0.04982423786470076, 0.027229263177555467, 0.0012259135827800466, -0.038008931584891784, 0.033031071700169945, -0.04345682636971213, 0.0014819935757475705, -0.0733614798572255, -0.02540425848018422, 0.005489492909109351, 0.022758840590307694, -0.019474074226743028, -0.018045774321974968, -0.0001227090518209244, 0.04868206874601078, -0.045010266616198974, 0.003358421794218673, -0.01247901350985548, -0.020553252731565625, 0.04013879211878597, 0.009764607662506756, -0.012298766035861677, 0.024048590890853976, -0.008652951581942837, -0.01937718409410243, -0.06354575762737774, 0.01114003973010388, 0.0075953341069046046, -0.02213150489824825, 0.06882380973075874, -0.04731016465036092, 0.0005209769902554667, -0.027625548811036738, -0.028564491959613955, 0.0023637714670265903, -0.019069560957263337, -0.00396193393320691, -0.0027802966916690318, -0.014398868756192612, -0.006903898971609196, 0.005327138934470006, -0.01865551173506596, -0.011680508029714189, 0.024266181390930966, 0.013428009222582476, -0.08394111892649384, 0.021343140557282713, 0.002126794460185035, -0.002137493910687285, -0.004935366363269843, 0.025118442218241714, -0.019626927526607132, -0.0030465752375212984, -0.004597331329976856, 0.0034089287719231884, -0.059562523396724895, 0.015147692595650684, -0.011935775045879045, 0.029026500732252197, 0.0001762393188072295, -0.09969025257266284, 0.05027523415026076, -0.03496206768487742, 0.03128172021624335, -0.0019993091431343246, 0.01162043945885963, -0.01564916079978018, 0.009610029186872832, -0.027728853870488183, 0.003739738140882446, -0.03412595810070852, 0.03218008986752657, -0.03777999407451572, -0.003686182412658651, 0.00018077680218321848], [0.18744654029149416, -0.19058153278891535, 0.00773931061384667, 0.3829331406852495, 0.03330459468921706, 0.03942563323307153, -0.015700619921682448, 0.043914651277239966, -0.012597003556688871, 0.04607156821815761, -0.043116690892248934, 0.032608285693574345, 0.11298885246024556, -0.045409982723703356, -0.06420924591647763, -0.0020300156686554748, 0.0180418086888296, 0.0035604916221690917, 0.013969839699301424, -0.0039089241936041295, -0.00035410983277460467, 0.0016916117021489368, 0.01868437314303602, 0.008481361568646742, 0.028853705321092774, -0.0018034455549779625, -0.005370671793239119, -0.012379122066457178, 0.002460349855821882, -0.0016507618482785732, 0.036532366875210935, 0.02237565132575798, 0.043275719373804804, -0.06495234157438284, -0.03767301100097547, -0.011375315767244851, 0.008381829623449018, 0.005023940704248522, -0.0049380864921938095, 0.0337336763619126, 0.013379575478924587, 0.0025128525781672045, 0.00593007096995664, -0.05963303620745093, -0.019425115678399968, 0.045545156315263534, 0.055408681743253724, 0.016185073494020173, -0.049687570963071116, -0.00037013750805677345, 0.0320148582588207, -0.04056169620064624, -0.028356695536641725, 0.03845508726572006, -0.04814017490433383, -0.002632419747395955, -0.014288765835132132, 0.02530286815868516, -0.030453334223457244, -0.036703410130539696, 0.029302285614679728, 0.02495988744807556, -0.009134219395410495, -0.07879831246862042, -0.012586300759004722, -0.020635953162201483, -0.030932908273913408, 0.04173234769252925, -0.0026526988486513035, -0.025320541953949765, 0.006547252694571848, 0.001009771362586357, 0.001677455489633268, -0.02462438171857243, -0.049384478525157635, 0.02951285566040835, 0.045038238387291415, 0.008014441428039006, -0.04816363942757585, 0.025026624430974097, -0.025337032840590214, -0.03139976206105418, -0.009207637280868661, 0.006810933306968944, 0.016373464995286864, 0.0009674575088836784, -0.015585740953304665, -0.005281013704531409, 0.0019720803246065944, 0.04591058049241062, 0.037465039898397196, -0.006341611288494332, 0.038510765908157094, -0.06901559738605806, 0.020259455731567504, -0.03639878146584437, -0.001839235227738679, 0.03677725770038686, -0.006609605774211682, -0.010169004050823022, -0.012849975219051953, 0.002158380703653212, 0.00627721954649384, -0.011192934148135063, 0.005360314473200679, 0.042544654597673995, 0.051072015445401034, 0.06730830249454174, -0.08489075344046944, -0.018862388193966146, -0.018358201577574302, -0.03270953246878721, -0.0015460501761792845, -0.00039247692882873945, 0.014803268534218678, -0.006406659627118244, -0.00807406339061075, -0.037554656825268026, -0.008306202437172588, 0.027131456757283765, -0.0028322936692658025, 0.006504997628257419], [0.04152808062429677, -0.03619920407178766, 0.029912327683290454, 0.03330459468921706, 0.9424807117882202, -0.04452751700928369, -0.06510655202798213, 0.017038340953342893, 0.0018732635155806916, 0.0674458213596632, 0.020903231991850218, 0.038912943627500564, 0.13352194696952097, -0.010294463547049023, 0.008054841362941911, 0.0067403499952888085, 0.012511949148904999, 0.019505317906475195, -0.010130463303653721, -0.009338225618660571, -0.020630748049871837, 0.02305631614288417, 0.0522075374174762, 0.00197798790023066, 0.0308954611115705, 0.008595078046952772, 0.004302961980274014, 0.0112055937632172, -0.025959544998458473, -0.020170838259179036, -0.06508379842935572, -0.03203514080966032, -0.013841219378236552, -0.021837581129477025, 0.00643749040940071, -0.022845020435498017, -0.08032043744337937, -0.013235697314497216, -0.02016962801481723, 0.013679227855110858, -0.027882451567552865, -0.01978451056486738, -0.03653421414751844, -0.0035569724771516956, -0.009660913813640273, -0.09622236165816382, 0.06539417913011504, -0.05550114439751322, -0.07279449558438437, 0.03292079006174281, -0.008130486085012071, -0.025155637344429098, -0.08147815981248176, 0.01350022463064953, -0.00434169557220859, -0.0003770812230000596, -0.01782106593196592, 0.0703246800966835, -0.05746702563046698, -0.03592065666867704, -0.011635162417922975, -0.05620584597671733, 0.017315812542915886, -0.0009892048561325846, -0.031140513583653762, 0.007219384548529359, 0.07017252425560165, 0.09992807215518865, 0.002294880820977201, -0.05174478962564751, -0.021478027921531584, -0.019472538396769237, 0.06166573780124774, -0.039633026437956576, 0.002378755622558085, 0.0017599866085568257, 0.022920413137907682, -0.03439025298848198, 0.05050281210638176, -0.08328961533905115, 0.06355836334116653, 0.053290398791623714, 0.019940697326997027, 0.00495910993384788, 0.014842318636917522, -0.02339599892994304, -0.022264521267308966, -0.009763844190487472, -0.01253311690885302, -0.02726455841063622, -0.062337553257116214, -0.025308331641922734, 0.02681151866230729, 0.020732490624934506, 0.06688796934223251, -0.06955532918340959, -0.06082926633760987, -0.001754523153456307, 0.0044655242190200835, -0.03461533851027264, -0.08661050191028279, -0.02158779138442273, -0.0595610247189313, 0.004473471205475065, -0.1209686375988387, 0.0037624807261732417, -0.03092439873226915, -0.0070124089918260695, -0.0008447484010127785, -0.002447080935684203, -0.016189946774197442, 0.002708384271727866, -0.018316020849724335, 0.009047314577799788, 0.029560697753980222, -0.0088170280453644, -0.0450642525129893, -0.08689415312102287, 0.009997805109443146, -0.04020674429175049, 0.0012402769694866828, 0.007269508359983639], [0.000494860482418242, 0.016509718199508475, -0.06512776839351861, 0.03942563323307153, -0.04452751700928369, 0.5523328833702004, 0.05976163173534017, 0.006285100692066519, 0.02306424307859179, -0.18776394475983862, 0.0882219604739061, -0.017746207801005935, -0.015130612615692672, -0.002251531275529941, -0.010943822228670182, 0.011972197336641224, 0.013498948922647578, -0.006300054252902828, -0.009806213948296038, 0.006893095863055476, 0.0005666203930851476, 0.005375112616093689, 0.017265572505446174, 0.004052688778780947, 0.05492999047783615, 0.018463611523039568, 0.011911909434508582, 0.0005253790783487324, 0.004486475970483918, 0.0018138359890299545, -0.03733378662502198, -0.015490573203461984, -0.0025991438382398035, -0.052343447101336316, -0.025176685740038514, 0.012756231291804924, -0.020558462893817856, 0.04017700478946211, -0.015607173790871813, -0.05458644048937098, 0.04522045007040632, 0.034427978042082114, 0.04461999527678473, -0.022592030413155655, -0.05651587298280285, 0.05427659686391382, 0.02244862163525086, -0.016296760229635415, 0.004347863166740795, 0.038214902452085565, -0.010374426845454827, 0.038642118674858304, 0.035529535581604585, -0.05801591193550649, -0.057268475032842395, 0.040635840803916884, 0.019899956325412055, 0.007098781421836454, -0.007242504655088571, 0.054279195971935104, 0.06910950775046791, -0.02669973670770738, -0.04593524061633186, 0.08628791793030857, -0.06418956796989651, 0.03809369805936803, -0.011884522323825463, 0.004463085943909309, -0.03256136056743084, 0.016984328036769383, 0.062219107798888125, 0.045386511824129346, 0.03589769562680721, 0.04442494782584168, -0.027568741835298845, 0.07585781665462885, 0.025681022043406943, -0.02077342797290762, 0.03867422411435759, 0.020029989868483457, -0.033144330636035585, 0.031287451239184395, 0.03309691297773869, -0.052500863070728036, -0.014715137744092806, -0.03829240651001239, 0.02704778420410555, 0.03272656896279194, -0.021951437773099755, 0.006687373321366138, -0.018799122330840988, 0.020599174281132143, 0.06597062548640396, -0.04755301296353098, 0.009583320493174376, -0.04226808250931957, 0.012109416594730886, -0.026314710005436424, -0.03287628063163058, 0.019986184600425488, -0.01883686755325052, -0.006236339646764629, 0.033196228463383284, 0.0332943234713543, 0.07872761047584406, 0.01313005364394185, -0.03769233972900881, 0.041226099481063025, -0.02713287575893018, -0.012333826517871934, 4.244338763637928e-05, -0.07932829535193146, 0.013393172590935679, -0.0518695555622196, -0.09168854761975698, 0.05061096688559751, 0.02989167668150462, 0.010592568729194998, -0.01264326752050568, -0.0023270154283385387, -0.005451088181086751, 0.0031937933020008543], [-0.028153184586019973, 0.02486273811954012, -0.010336028509242005, -0.015700619921682448, -0.06510655202798213, 0.05976163173534017, 0.9212109346974865, 0.07514960669742683, -0.004643195709756749, -0.04263640433055733, 0.020391933582579888, -0.02271981994808509, -0.07405862871347231, -0.0116071866822082, -0.02520293308635589, 0.010197641964873442, -0.00775802905616017, -0.016029198117225103, -0.002698217090479595, 0.00494268360169876, 0.031233249136252028, -0.00587691290782205, -0.0004228633451295309, 0.006686425299758844, -0.008047953491484572, 0.000586172764583283, 0.00558539291336812, -0.022453116361750035, -0.0005954690214229626, 0.0565619171481872, -0.018651066336606376, -0.053358645424381825, 0.026884829552275603, -0.02356477731425166, 0.03385006568004615, -0.006945450412269514, 0.05401065716078516, 0.008749629612253583, 0.034004010965223715, -0.014876762829908978, -0.03078525191193142, 0.057645800965024516, 0.0396500326806947, 0.006258157531469845, 0.015940142256384765, -0.015899372125033256, 0.022110699193156433, -0.03672284857550731, 0.006532260071686085, -0.009686108817103163, -0.008811310539988852, 0.051846128623896176, -0.007014930031070789, 0.020036242099708123, -0.00560722655685021, -0.05593635575837657, 0.05139802670614275, -0.008724383001871984, 0.05234878187400068, -0.014015823760252103, 0.0701799066363633, -0.0670028505052782, 0.04492622508325035, 0.03722876937474279, 0.023722059517495106, -0.016679275691400135, -0.06042752944491326, -0.06771875564605902, -0.010459061151290224, -0.024932515137701252, 0.009206298243896677, 0.030474184380902464, -0.04091075811332875, 0.024006249679208343, 0.037835953700803275, 0.00037465125576629436, 0.022975031912902906, 0.03530854626752473, 0.042610780158585014, -0.01086818001093651, 0.021341119026315563, 0.0212620962562675, 0.04341589461245361, 0.004675647298512986, 0.012038007720644258, 0.01721771697918354, 0.05054104955341971, -0.07413475096066316, 0.023092810167505747, -0.008952462108175128, 0.05831725988663685, -0.02925032856758544, -0.041406181625428494, 0.028223388558815322, 0.006288257274257731, 0.03005112799852593, 0.09184609356309723, -0.024325939414779386, 0.00719682961572399, 0.10448406123484895, -0.005902797050689638, 0.03500131047775533, 0.028605273554629256, -0.001116021603964008, -0.0049090586762893865, 0.031787879835292306, 0.013027794035420879, 0.019858915352545782, 0.005585634816757905, 0.0049283705507990406, 0.01108071353609295, -0.0917100641227804, -0.026339716617961393, 0.010134115224660336, -0.05109869045450717, 0.02387711477862387, 0.040370401125396506, 0.07223989473800121, -0.032255292018984874, 0.018683324441520942, -0.001683731882777649, 0.006279708938391365], [0.009012623007181347, 0.03624815319261253, -0.013837588741273549, 0.043914651277239966, 0.017038340953342893, 0.006285100692066519, 0.07514960669742683, 0.9163127093259283, 0.007154601325940928, -0.00478028338314692, 0.02021106607781073, 0.051211586520780276, -0.053433967647404886, -0.030521673551363468, -0.016301695433108564, 0.013718840522073826, 0.011299765088704533, 0.025008136646412688, -0.00508896436873037, 0.009520878818949828, 0.014794967695249777, 0.004788653113852154, -0.004373575213098555, 0.004288677953460519, -0.007760705218567176, 0.01417064038613538, 0.01315752538041101, -0.0036245151438933404, 0.01878980834912494, -0.009112240996430767, 0.01850107085571882, -0.06311546313633407, 0.0300087161242053, 0.006431903617142764, -0.010970305442104216, 0.024716458811364604, 0.033382804134830316, 0.07890410487074793, 0.014084096755126079, 0.04906093925368135, -0.007154308725933572, -0.024593876662105194, 0.02981900670610245, 0.020392083434765246, 0.046688874689232, -0.06380516012342365, 0.014853506746563742, -0.051897281231110336, 0.0056917203599027785, -0.0069215234850140365, 0.014302585911188744, -0.02807503789253908, -0.012617435833066782, -0.02171959332159799, -0.03216558374769292, -0.019772958052518767, -0.0316797028738724, -0.013517834577500134, 0.04748387120742075, -0.05345708855361016, 0.015024248788609806, -0.017477766226768107, -0.013509585774363715, 0.04993883750040648, -0.015276186121583341, -0.001348935463053472, -0.023158956545212845, -0.010978491934205206, 0.0070033974096033865, 0.006083243673620632, 0.03941998427019954, -0.004619433527278191, 0.02160874390172763, 0.041371135962549606, -0.020218300964395867, -0.010487947398923819, -0.04909639522231854, 0.018679604528710973, -0.005882796403281337, -0.020846410120051843, -0.028823055172307318, -0.029525325646740697, 0.014445946064149541, 0.019153285428222557, 0.023313481409483066, -0.017637215141176287, 0.00615343564960314, 0.015827448168791395, 0.04405829186583285, 0.04667615212664675, -0.08075305399453486, 0.07190556546830669, -0.03791160490188669, 0.0035833446598096653, -0.06794917097032943, 0.00879776825362492, -0.09829736842839555, -0.01261496478992846, -0.03143961757514962, 0.02358722652164057, -0.005838665706427514, -0.011034053911847645, 0.07838134395908031, -0.022282606729792504, -0.0604661285105839, 0.0006631565259462219, -0.03304670016192818, -0.0239248184476262, -0.03681045866212384, -0.01607472687401136, -0.036894971106381125, 0.015011855940613899, 0.05003665301445121, -0.01443735677225811, 0.030193235375407475, -0.04056510575789648, -0.03432290161446623, -0.02425789948769044, -0.0370491081090338, -0.07818963146339156, -0.002501645357303933, 0.0002283533549288641], [-0.013509488514876015, 0.017357214304418077, -0.002834855142951899, -0.012597003556688871, 0.0018732635155806916, 0.02306424307859179, -0.004643195709756749, 0.007154601325940928, 0.044945083214027334, -0.005508722432753904, 0.012580143600430596, -0.0009500578836293452, -0.0006632223603257136, 0.004569592935988346, 0.0038913924560516457, -0.002948836336675171, 0.0008029984136623904, 0.00046598739592578273, -0.0019554101981916153, 0.008352980897131622, 0.0011316731922895813, 0.004286047303788948, -0.004422631597870546, -0.0026009608794328133, 0.0011454555782754454, -0.0031629108331158776, -0.0011323555276506704, -0.0032205977345224784, -0.0034177527402745925, -0.00211080030737973, -0.01068028855773432, 0.008443773415771953, -0.009400132798165945, 0.008959331871859919, -0.012477509823512927, -0.007571816323403958, 0.001956895160445127, 0.00198622886067887, -0.07425742631565778, 0.013174006804208153, -0.01730598931396859, 0.008317008778407024, 0.0063981748137257495, 0.0026555854400875946, -0.008565759866768096, -0.012027979296786468, 0.017147191720650504, 0.0011913145377566723, -0.009761611165672212, -0.0127579758988609, -0.0050012482577018935, -0.0018627109687434158, 0.007198124999976973, -0.07499847452673895, 0.010289528719585718, -0.0029920738791140815, 0.0017564051868407262, 0.001033062142103431, 0.0024843050099942767, -0.0030588737433466097, -0.010016918981321996, 0.009178957025748563, -0.005675288218450242, -0.0008363130672039539, 0.01507842434670669, -0.0013224296437325984, -0.0061309629722446825, -0.0012688634180399027, -0.07212009456478022, -0.013863047196378504, -0.010598716934076826, 0.0026497380624610372, 0.024331919746766805, 0.00411459275083118, 0.007077709632576646, 0.002654734393558183, 0.014553028396334522, -0.021035799298135538, -0.0002461452230589672, 0.004354223429130784, 0.005838331497244894, -0.0034212700339637634, 0.004403045550209573, -0.07644684352338867, 0.017785765599039754, -0.017772513156898123, -0.004524970909102706, 0.0010704296541479926, 0.010121326531516752, 0.022721522711238416, -0.004060617482774239, 0.0036468460790441233, -0.00015559248472770806, 0.000592923042283855, -0.0025113421725219197, 0.0015551925228449964, -0.003782410798359149, -0.00650288939505716, -0.07214970768022796, 0.01892596864115972, -0.005453032586571608, 0.0024686476796842763, 0.0005188890988780459, 0.009800031768425624, -0.0060730062157342835, -0.0008256137685603025, -0.005284748708726975, 0.006751851060330438, -0.004680829778635514, -0.005569910478338281, -0.0143983732322588, 0.01030597215447044, 0.012530061038494371, -0.0852832660192297, 0.017027220941516926, -0.0029178907122600676, 0.0002341446205878161, -0.005947916101791852, 0.000983610934568922, 0.0008909339959300842, -0.00045606171575937815, -0.0009303308000678908], [0.002991653508873542, 0.016978157507597114, -0.09544998101682224, 0.04607156821815761, 0.0674458213596632, -0.18776394475983862, -0.04263640433055733, -0.00478028338314692, -0.005508722432753904, 0.5847667118871189, -0.07396999707070687, 0.021303011215818353, -0.032684114697515566, -0.0065387986388464, -0.040701383593624685, -0.01993927160132292, -0.007449480997311575, -0.009739063724265673, 0.006649731130957043, 0.0013033172131471727, 0.051392177238204564, -0.0005784134609655113, 0.0036542883950543546, -0.008360604418083601, 0.08434868288311143, -0.014110634511884938, -0.006431263078757796, -0.013022007216103861, 0.00203780203771393, -0.011440425413211172, 0.014133519527582725, 0.019645208950612524, 0.05995969733311874, 0.027184596677183932, 0.06254822144757338, -0.08461222458405636, 0.03806861857516536, -0.07208584156269296, -0.01421516147140094, -0.08988461642818557, 0.026454421931093805, -0.00192638718701711, -0.043778606986223934, -0.024207858544322877, 0.023267685533440913, 0.016231759541629233, 0.018886239983877184, 0.013968540573440453, 0.05483171347254717, -0.005618840520535978, -0.04580938782516918, -0.01626367797994444, -0.06592537831335284, 0.02871703377288064, -0.032962933267140636, 0.0009225034274654759, 0.0020860687460941066, 0.02090582993381267, -0.0158875511661602, -0.049101537222928225, -0.008511619490814668, 0.03510685800591123, -0.04811803894603487, 0.005424700444620034, 0.09344321534387112, -0.06873866007273902, 0.05352462785584175, 0.018120379987296185, 0.013403972327523495, -0.051046756708511665, -0.058559541448485554, -0.009925602161261034, -0.033980281638409424, -0.014289019054832527, 0.005470019450910274, -0.021086697572460317, 0.01046874960282751, -0.0475442447599494, -0.0014150781576224686, -0.0006127787067519481, -0.006915007146232264, 0.02656569957248034, -0.029758195234067992, 0.017699187491389646, -0.03636720084124853, 0.04785157269480109, -0.00022137369332915762, -0.10446942876548485, -0.009427423835305397, -0.054527590033127335, -0.00461030237126788, -0.03922537332525543, -0.002979468381176954, 0.0002719981469017486, -0.06179474129030268, -0.026732867383879904, -0.00038024118670428107, -0.012742716164669392, 0.017476632301058143, -0.07325462196652718, 0.03814262495538345, -0.0006986858145383876, -0.036694524994208326, -0.023342237932748876, -0.029743364270706226, -0.018119380079326036, 0.004128452472121496, -0.004996978729561462, 0.015356011838505837, 0.028547960389464628, -0.07061884872770496, 0.049291251698395606, 0.014043225027342128, 0.02456500298355434, -0.05689539747823013, 0.004278588993063128, -0.008501411918649587, -0.0650847778865183, -0.0026041243949158897, 0.00743555201448484, 0.004024740453924346, 0.0037875009202134125], [-0.05630330614093942, 0.05478956034731064, 0.0041331437358160085, -0.043116690892248934, 0.020903231991850218, 0.0882219604739061, 0.020391933582579888, 0.02021106607781073, 0.012580143600430596, -0.07396999707070687, 0.12463728860631082, 0.009159198535390944, -0.007437988800833133, -0.005805627532777825, -0.011993910776333938, 0.00822600617105721, 0.00821262023084867, 0.00044083175418990273, 0.0034622367491601133, 0.00753497730897562, -0.011496895081195937, 0.001457037318811438, -0.0007079765499330669, -0.007043663245899643, -0.00698968314395182, -0.012348793245527682, 0.0030908502719271995, -0.0016876832752681422, -0.002717815623049892, -0.004771638908407764, -0.025900217146188297, 0.009308903777196224, -0.01110226787035132, -0.02709256685548054, 0.016546570007518212, 0.028378427485628417, -0.008559304989290625, 0.01354597911347732, -0.006902876173237035, 0.007221807220522775, -0.09267301260224604, -0.0015259586040394905, -0.0014070572910749647, 0.0033294117169219042, -0.006340550970625597, -0.021624597796696312, -0.0017741340907322524, -0.008827628286703934, -0.023858756611841978, 0.013859905658809518, 0.04519649872947169, -0.01233399397090266, -0.0156744984766506, -0.020278530849254135, -0.0008730641789095601, -0.09077427819574357, 0.008154028125069475, -0.008286238599745829, 0.015827613059111834, 0.01926887346131406, -0.018354730169721056, -0.017934227636363178, 0.013780293425730882, 0.0016971837337744389, -0.05030413596767467, 0.04466395142367001, -0.007058303772257239, -0.01537721710148773, -0.015283926629325172, -0.0001410688541916245, -0.07755389069169609, 0.009682936633089908, -0.002058504032499618, 0.020120600089414683, -0.005559180570432908, -0.017794618807972912, -0.0037129356602835645, 0.0104600393145627, -0.006332103822873208, -0.033690424191410634, 0.0416203286009533, 0.026272221951809317, 0.008124972939292886, -0.01924574257265143, 0.006847129867751711, -0.10505669446569778, 0.00831892996145767, 0.0013537521727007295, 0.010550686165699588, 0.028511569940098028, -0.025963594186304742, 0.034865125062830855, 0.0070998530683435085, -0.016553334623819038, 0.015995445977569238, 0.013322558585041656, 0.010877063360720732, 0.00638267629643765, -0.007509554924716192, 0.014770625218772825, -0.09192762760149224, -0.0057075812238399255, 0.008605215678041617, 0.013209465298424556, 0.018632222832761825, -0.01576781356174766, -0.014610321910468871, 0.007049361038305998, -0.017088257655833175, -0.013613753808410912, 0.03272547024964321, 0.013043678549102353, -0.036816435833172324, -0.014089532137314766, -0.012637684818751159, -0.09414560866304124, 0.00032301121618259987, -0.0048702550378620715, 0.010100026966848245, 0.011429000972676235, 0.00031624591879637746, 0.0007958914638313576], [-0.039163348852631646, 0.010185976102589022, -0.03557078472030058, 0.032608285693574345, 0.038912943627500564, -0.017746207801005935, -0.02271981994808509, 0.051211586520780276, -0.0009500578836293452, 0.021303011215818353, 0.009159198535390944, 0.1639619150658501, 0.07370342785639954, -0.0503581667630358, -0.07321162389985063, -0.012737631556416293, 0.008643825716914074, 0.0013214009635359226, -0.001606565840790038, 0.00672829892735196, 0.002434111336801724, 0.004749929647148246, 0.0045031408731951595, -0.005719394005776701, 0.009450353361977595, -0.00012871402963436982, 0.019717375756668154, -0.003321776882057018, 0.006647784974573417, 0.00041911680862846354, -0.01027671438650538, 0.00043935672845816435, -0.0014960907130472107, 0.004088901132014677, -0.004577727237700188, 0.008672532311403915, 0.016144055763735805, -0.00586523154545311, -0.006033174270726771, -0.006342214756564486, 0.007678476466133263, -0.11719922574753217, -0.039293559637050134, -0.015405764977197152, 0.0021968420640166766, -0.0386286459587592, 0.009590643057696092, -0.01122260848835091, -0.01988236411054894, -0.0200660138425399, 0.02525792530846429, -0.0281660000026442, 0.018554525674689508, 0.0191935988919023, -0.025096044755642775, 0.010276587047989312, -0.10919991638118962, -0.0028677776031411782, 0.01584974359385275, -0.018043791231912208, -0.001114987309346864, -0.032065873590912716, -0.009155852634029014, 0.024059787908594355, 0.0165400178379905, -0.03088696260965692, 0.012733474129988716, 0.024439796256275827, 0.014740099698852725, -0.005397041841941804, -0.014530048052989469, -0.09399300450831889, 0.051830784253239684, -0.02556800825821911, -0.04761955290529153, -0.02679902322781261, -0.00044497638868651595, 0.0069332455451425485, -0.007986320846093633, -0.04287429191154695, -0.005798225207761088, -0.03341266251432028, -0.014403212161188322, 0.008910518588465416, -0.01922294424440533, 0.008060139283097616, -0.08432684823416954, -0.007713866123024188, 0.007513424924881037, 0.0026601372183058824, -0.021798464269100176, 0.006586763751295944, 0.007480455086446756, 0.018410477103443495, 0.01941666986038556, -0.007484090644388133, 0.011367493085902361, -0.012575510805073476, 0.0054688370539928205, -0.046627248227255565, 0.007316717530159992, -0.12912175150533406, 0.022794728521056823, -0.005133308582846087, -0.014284276113426829, -0.002355049827614152, 0.024257304243156672, -0.018731952536431073, 0.00038755076773387963, 0.008475176230526266, -0.022787518670875032, 0.013122583563944024, 0.02216541640026539, 0.00907281801555625, 0.00731898695844586, -0.017161057957041898, -0.12312018045266915, -0.0038417402863339745, -0.024129828984890755, 0.008876052181070062, -0.004070007978873916, 0.0018994706473812986], [-0.02098086384089199, 0.021481323849776805, -0.02627883045564735, 0.11298885246024556, 0.13352194696952097, -0.015130612615692672, -0.07405862871347231, -0.053433967647404886, -0.0006632223603257136, -0.032684114697515566, -0.007437988800833133, 0.07370342785639954, 0.7905691066395885, 0.012384810204664183, 0.1698617632902233, 0.0058876123547230595, 0.025686532749936597, 0.018735878083734038, -0.012270318398741889, -0.02259723839288481, 0.021141718439709672, 0.035129875852646396, 0.017310666202339526, 0.006791954623511722, 0.03150053462922606, -0.011654696996079652, 0.008626909331315363, -0.026622862550044164, -0.029591940945128358, -0.02834269689352926, 0.032599108110809426, 0.04290201055140174, -0.03879391992160992, -0.0688402629065254, -0.027815817624965666, -0.02092548414946759, 0.002756879699926039, 0.004663318629915671, -0.019662683092760366, -0.02079471708784732, -0.01915369045130554, -0.06943278139991195, -0.09105021910526924, -0.030483563713789685, -0.08883323572839416, -0.016411589247750876, 0.09037668122612309, -0.04112365058883024, -0.08666909421502339, 0.031239399278846298, -0.014106709318904903, -0.03771383017220529, 0.040316832595449596, 0.030959390694293053, -0.053505487074844676, -0.056709509466028006, -0.0680587257543763, 0.02405445253324621, -0.03426782602953269, -0.08916047611476965, 0.019232028440476397, 0.019710156601589656, 0.0009604910169861764, -0.03902203792837128, -0.0036742902128989456, -0.052523496564177076, -0.05255008314854257, 0.07918999185554308, 0.015312692216186646, -0.039852986144829995, -0.015556768427316816, -0.01977877443526827, 0.02955820705536521, -0.062385056664118796, -0.11812559082269314, -0.01821788436739274, 0.049897331935606526, 0.0034519178963040727, -0.04399558885719883, -0.047067274178350445, -0.017018629780339883, -0.14078169975387808, -0.038449757818319975, -0.003080939666930651, 0.0014094924856694563, -0.03424265616015764, -0.053344932834648716, -0.023008836331914893, 0.028117933173642376, 0.0918050995204732, 0.026813435532394594, 0.03902013568749211, 0.0070469897999054214, 0.022590409209100416, -0.016688020420506898, -0.030917201598884697, 0.0297004963405366, 0.135238396415366, 0.016224048951579775, -0.0748019213851273, -0.03232729621198703, -0.00470245570344013, -0.05130929921785309, -0.06451765802427917, -0.030939564390766526, -0.031474331101308956, 0.0714798892541294, 0.005626084993133175, -0.11376746886072085, 0.02735708968853227, -0.05824901219760815, 0.0571231183216416, 0.0021745142944506832, 0.005708345330487865, 0.03558137999332842, 0.01010221647836965, -0.03738163591737644, -0.06517353569357195, 0.01181046931798969, -0.0019770437491301554, -0.0035540066276437752, 0.0064969854472153275], [0.0114480602915342, 0.03315401453121408, 0.023749688531249036, -0.045409982723703356, -0.010294463547049023, -0.002251531275529941, -0.0116071866822082, -0.030521673551363468, 0.004569592935988346, -0.0065387986388464, -0.005805627532777825, -0.0503581667630358, 0.012384810204664183, 0.09485083800157125, 0.13422052778149757, 0.004099804709222314, -0.006817230670802002, 0.0007758393763620465, -0.0033025273186265878, -0.0022817106526291557, -0.004131882119324522, -0.008056587597514733, -0.0003380066259928609, 0.004076010388035177, -0.015880122865706937, -0.0026698056787809155, 0.00015796169113395752, 0.001770543024250056, -0.00035589966382951546, -0.0009608181993750578, 0.006518803878762093, 0.004908544745295662, 0.003978648405917362, -0.0013180471989619334, 0.0002750779315567024, -0.0010127881740182696, 0.0036664568097534754, 0.0036212810958842533, -0.010122974001568774, 0.000710309625495232, -0.005978951879460065, -0.006402372826135643, 0.01911366519746192, -0.014161303863106336, 0.0058051219148359, 0.01457158848053769, -0.0067659011674584294, 0.02801921962819099, -0.007822486381427794, -0.0004790702539398357, -0.02081212222315306, 0.01669171266469646, 0.003115452496879773, -0.012469574097499153, 0.0298507260611004, 0.005112230919648688, -0.0017002247101324747, -0.0013934355465433578, -0.03710277497645224, 0.017145797868793455, 0.007838181524654151, 0.01711624968298189, 0.036364905286007436, -0.03813805191541847, -0.0009924331340252525, 0.012411672151898622, -0.0106939278056418, -0.0018554645862959344, -0.011836462294688618, -0.0035522786774334603, -0.0017505387734929885, -0.022566390457236244, -0.04815331025130794, -0.019344599575706396, 0.04260934051435268, 0.0029100356186397597, 0.01132074973246479, -0.005263947622428981, -0.010594006625230929, 0.007579878884536991, -0.010763930284063167, 0.014818069451340241, 0.005984071536171958, -0.005593853728477092, 0.04156202065292438, -0.023410748946052145, -0.005799026240622213, -0.006295406651568082, -0.05701089892659816, 0.00012025786817346244, 0.0077390962796533075, 0.011254831636899955, 0.014770259266892492, -0.018973666570338513, -0.0149275109531523, 0.006744062510443811, -0.016280418679280328, 0.001927582200321004, 0.006549987643242814, 0.011699911542477705, -0.012991204119284066, -0.013929613768271523, -0.0011316292278568643, -0.06386759419479436, -0.007638520705292886, -0.0010048302638961078, -0.005373116321417118, 0.002023216238956325, -0.020847840788102614, 0.014040430753714394, 0.008411242507213684, -0.004314657634888429, 0.011484072121367088, -0.004588751432125569, -0.01235565805440807, 0.007373705595840265, 0.001064526339845797, -0.006654138796431172, -0.021052405367712707, -0.023531768849331437, 0.0038378276805636482, -0.0013772358780779097], [0.020327427825214555, 0.03962612606013613, 0.040242973897520906, -0.06420924591647763, 0.008054841362941911, -0.010943822228670182, -0.02520293308635589, -0.016301695433108564, 0.0038913924560516457, -0.040701383593624685, -0.011993910776333938, -0.07321162389985063, 0.1698617632902233, 0.13422052778149757, 0.2814909372222414, 0.01299856652611736, -0.020086726904497414, 0.005716723519271801, -0.010272911802700435, -0.006561627047294319, -0.005657881199346647, 0.00017849574425085293, -0.004003387370919824, 0.004062626981728967, -0.02091313647339901, -0.005642824197914405, 0.00017118318580517056, -0.0077048288567037266, -0.009922304976775246, -0.004848391948516963, 0.012139045729899134, 0.021093582895167683, -0.012132550441746104, -0.02080369576323663, 0.003219878214788494, -0.007895189818380301, 0.004717678632914872, 0.024301642667171663, -0.01518898473513705, -0.0038537160145338998, -0.020110954311802622, -0.026597806623332557, 0.050453417929338704, 0.05857492995557836, -0.03994390800937178, 0.02134472172336351, -0.004130423928696633, 0.023186737857704334, -0.04114319745794437, 0.031440652326805436, -0.04385846954974369, 0.021489788826406304, 0.04725208247258287, -0.02466329478389312, 0.025862146623195807, -0.004742338040123056, -0.02939614140363684, 0.015958720215521634, 0.011873924114160985, -0.021446938328077883, 0.012967894967760404, 0.032851660105356596, 0.06715471534410089, -0.06588758812482798, 0.008392180793776778, 0.00862233908153269, -0.05756245711934373, 0.016835698958573234, -0.017102288095255855, -0.015258691301389956, 0.012768604925388595, -0.04356094734707577, -0.042079159004077785, 0.03333789318958165, 0.01247431351154006, 0.024579514915955607, 0.015660586257912782, 0.009942342648046864, -0.030844797349575608, 0.003916825152640551, -0.020692325621330727, 0.026367501578321385, 0.021460582247180702, -0.008111840640496396, 0.04253300591180777, -0.03950877871342633, -0.02959455089490025, 0.020213185525604