{"inv_metric": [[0.4825913831768747, -0.26195507623140785, 0.08157023994885645, 0.21970157162570245, -0.06335114053754044, 0.022547595706718278, 0.028532087172271556, -0.0417566060757, -0.022173772072164505, 0.019841912268713673, -0.054993491712639696, -0.06889497156603244, 0.028179477664967645, 0.010630547524526622, 0.026112293766174775, 0.009677906666995702, -0.018029760988666092, 0.004058252378712997, 0.009667026597234606, -0.014449597532084447, 0.007974588688628225, -0.014882980802591874, -0.006657390900387119, -0.003182509036363912, 0.01958021557228268, -0.0010996810054290402, -0.0037894149582090174, 0.016382722433734943, 0.028737928008098212, -0.010170838859743979, -0.05082368110344868, -0.047087836578773294, 0.05761452177336603, 0.04678290282390597, -0.0025877676628653055, -0.04735021705987373, -0.027283214207092156, -0.05220893102401105, -0.008585514190174802, -0.07760443371551701, -0.011951442575688772, 0.0030400173029081997, 0.0049232809088451185, 0.017396860022642343, 0.05488507227903048, -0.0742057700389064, 0.0002741900220206976, -0.03203784010154193, 0.05778832374898262, 0.038397461820225375, 0.012624200717965568, -0.05302768218009324, 0.0022268529665569474, 0.0030973738579517943, 0.013407684887268147, 0.015358202405779797, 0.0043174700217279045, -0.06390222095790876, 0.00923652236381165, 0.0019832699604364797, -0.11822422559002575, -0.05797867295047858, -0.014670037375704844, 0.04095797062656123, 0.01899351837148327, -0.06309301254838691, -0.048414119079602656, -0.01999081889881699, -0.015833300513576672, -0.014381497262659455, 0.0007774806403649802, 0.014187313173277, -0.0488671330802593, 0.011855657274429018, 0.006490906349868198, -0.044837171261863776, -0.03956440621153943, 0.020431618914726876, 0.07053379036695777, -0.12071570080197064, -0.0037903673697430766, 0.006333499593925299, 0.03658006802814765, 0.001903664843725104, 0.010088917193925108, 0.02618815296420395, 0.016794417021348325, -0.0242933356979223, -0.03438527750210588, -0.1204081603931983, -0.06981066381066317, -0.10822095853658492, 0.01747306388115418, 0.06134249502255673, -0.012420724289721944, -0.02009391170374502, 0.008657325757120547, -0.04440522601425865, 0.0061317388961463016, -0.11808681551157402, -0.05251547579902477, 0.014596268790856386, 0.021764486615759544, -0.02875261126952215, -0.010839688243372666, -0.12660929561820286, -0.03684374551762903, 0.0540694438210562, -0.0186039407176085, -0.027107132092509534, -0.03770929175928558, 0.04781853200598518, 0.01676729166441727, 0.022648753265348338, -0.05141596468710238, -0.014017746597445018, 0.017208068568685786, -0.009498810788064735, -0.01536798808265357, -0.045988891214015296, 0.0031105832259952304, 0.003512969232875461], [-0.26195507623140785, 0.5379495096181565, -0.12074922862607723, -0.17498072998151368, 0.026336139480901476, 0.014888017050843149, -0.0528593824392658, 0.05495101961702628, 0.01737074153569645, -0.0029023886514297267, 0.015980120478210784, 0.015273662538476396, 0.02998485039771638, 0.027674778351903656, 0.04331366129239273, -0.007876344241949738, 0.000991856194431038, -0.022858724961623226, -0.012205690986017606, 0.010449434457462482, 0.0035640921795533007, 0.003699411006336316, 0.017472744842342937, 0.00830939465963419, -0.01607281872663641, 0.0041402462645460806, 0.019471996590908838, -0.012015016974291684, -0.008949477881553248, 0.011552882022971467, -0.06103065530754134, -0.043421185276326095, 0.03680054316328691, -0.020493412246011415, 0.01119780265931422, 0.013447823689814432, 0.0854301921569536, 0.0035930424929781274, 0.007843014273333122, -0.00968241273336467, 0.03754694395299148, -0.0027325516946759346, -0.0037442838653160906, -0.016831298279175677, -0.0582594385836783, 0.00986853722831903, -0.06327228267326958, 0.0707209402135325, 0.018649586908366555, -0.07547608846402287, -0.03999786983575033, -0.001044982508378068, 0.011712660281254877, -0.0024509015751504135, -0.04444000505170267, -0.0032916391756418017, -0.02289124677698563, 0.03350637585293427, -0.0024949043168675375, 0.033389948347954924, -0.023255031114849296, -0.06257302050665561, 0.08957777064314537, -0.01819807814470576, -0.013588282392366403, 0.01701026589820696, -0.009985047659125662, -0.06252024928633428, 0.00292662462791164, 0.05011974828327488, 0.017772571248358484, -0.01537755640716252, -0.030284902948965648, 0.024994287568377457, 0.02154623584210193, 0.01846703863224759, -0.052515839636084846, 0.01935545399213551, 0.024005019505561814, 0.07402645100023873, 0.014778867465123609, -0.012521260138799449, -0.04034605800941786, 0.022582543905132764, -0.03965077937156324, -0.01230479515378657, -0.005037299725413314, 0.0012385267451920194, 0.022318498919311005, 0.04780954762314348, -0.12167955735926601, 0.0603029156937815, -0.019205085296452498, -0.036742085122054444, -0.06048056888163805, 0.011463418394852072, 0.03043086576073524, -0.039988453427631326, 0.00894087334301463, 0.07007657125401705, 0.04713848996373711, -0.021190225552573726, 0.010719885489944896, -0.01416173908821952, -0.043043335806425845, 0.0256271318096184, -0.056412450687657316, 0.009501824665604248, 0.06565866116246809, 0.06583326226036722, 0.02221446029463484, -0.021407064266117798, 0.020385534879934646, 0.004298802812778509, -0.04601090459540374, 0.029022305444972203, -0.0014436688429063484, 0.04359752438078038, 0.01648135968614651, 0.045351284645960055, -0.0023384425619845076, -0.00943246992946675], [0.08157023994885645, -0.12074922862607723, 0.3381976077997586, -0.009068502628150475, -0.029513371064258016, -0.03792328081211833, 0.002388879697590001, -0.040119329335881436, -0.006925953200277258, -0.07659815961007709, 0.008548760752318328, -0.009954773514979294, -0.03316800606823056, 0.007046152984937129, 0.011273228282674137, -0.006407691837046758, -0.027580182925390318, 0.03079311675141299, 0.01357975501145172, 0.01591379824415655, 0.015323422038649295, 0.003726858820916751, -0.02028107688412375, -0.011061212716066086, 0.02001681380354282, 0.0031612981121024205, -0.006912622062962067, 0.00689734879666737, 0.0037713784660733767, 0.01270880145402525, 0.04488870375019608, 0.029571640295956807, -0.06942806980190044, 0.03785552554548615, -0.037837491122507005, -0.014876989987129734, -0.08135760263738002, 0.004828214499554586, -0.011127568585110485, -0.028376467058627175, -0.0005151074325055793, -0.0039285462583807775, -0.049208721462475485, 0.02917688999967683, 0.01602982539411718, -0.005300119035873595, 0.04044463662313648, -0.06941907448454399, 0.019141772882998728, 0.0362516139113694, -0.01723629984219688, -0.06725624461110763, -0.014007771814598906, -0.0019945686506167475, -0.03211377264527865, 0.004241586621719348, -0.006770103821796833, -0.04226687571968593, 0.002498735203244605, -0.006079643512664456, -0.03857345312383366, 0.06404774458491086, -0.0784152141804709, 0.025817749690359933, -0.039608250595062414, -0.01748538487599847, -0.002500152758457347, 0.0017775280995752643, -0.007758030643806585, -0.03269922404348914, -0.008689022393869261, -0.013509806236984648, 0.015264985529058844, 0.018824205479465037, 0.05405926763673018, 0.03249225961231082, -0.0036428428960471534, -0.03130077892948042, 0.05051090384931561, -0.011691705433306162, -0.06230809804037425, 0.014675148128718918, -0.03797092035329877, -0.011530952710609374, 0.0026331702156025373, -0.028112699511949477, -0.021853108004345364, -0.0308978533775281, -0.024639008787517437, -0.05186263603941989, 0.007061139970543147, 0.05704056976552127, -0.09036925220615276, 0.033630851554022415, -0.0002444465723690767, -0.02523068937666539, 0.019505415973348247, 0.05867745531934157, 0.010115145526992369, -0.021863857318785172, -0.008377111774325501, 0.0015241183960735673, 0.039786470777426544, 0.0246831176539484, 0.04526521899536477, 0.038331604162786456, 0.013809159008650219, -0.1071657922629004, 0.04700443093697974, 0.014016136753800966, -0.018353641462753978, -0.0032383591997936834, 0.0032726517024227807, -0.01142819641825848, 0.030167519221656097, -0.0039100173811538455, -0.010457266275731887, -0.006238841805197868, 0.0029145815056403446, -0.016348584482767003, -0.0023120797689224295, 0.0003072824405644926], [0.21970157162570245, -0.17498072998151368, -0.009068502628150475, 0.39634078840761605, -0.06842284876167065, -0.0016755831606270544, 0.052884631291478454, -0.04037994899040421, -0.01062117393236344, 0.06202699846452376, -0.049620437984833635, 0.018764097138800832, 0.05156920580171595, -0.06437505355696291, -0.10276658180199665, 0.02055726126492516, 0.013614909202762324, -0.007455219085133214, 0.003377891589143533, -0.012300123153873828, 0.000301115929358293, -0.0034089520321456427, -0.010542157543810719, 0.0028019109595775692, 0.010705861875453571, -0.0012340742413724794, 0.0019350093364103212, 0.006592688654504535, 0.018681957676525435, -0.004310061966033905, 0.03756645954641086, 0.009242744350351082, 0.08315200732360567, -0.05817214134851647, 0.015956451703842793, -0.03585657603407567, 0.01984109717232711, -0.016195641747167134, -0.013285062071847252, -0.029714735744490135, 0.002119552235256819, -0.0013638286478342403, -0.008448765932495175, -0.015304513313879798, 0.01093685816825317, 0.03612781155824919, 0.08622515122630257, 0.007777237987297046, -0.06172390135094461, 0.024573840028116314, -0.00790606028543947, -0.055295496100557985, 0.012509240920412343, 0.0033657967001187307, 0.020184825130528026, -0.00010961293466468268, 0.007981689766215742, -0.02891598995146785, -0.0014071276570893118, -0.01255513646986247, -0.001088383573868476, 0.03584039064789895, -0.014320399508181952, -0.057613644604529245, -0.01762824414081067, -0.030934753123126407, -0.0547470653708344, -0.000902663160540749, -0.005863217643545092, -0.008159369741276656, 0.004792099882341554, 0.028441427978840014, -0.042616618490157195, 0.03295473999170537, -0.017351191967925603, 0.03198201041939338, 0.007512811464762305, 0.0643030524277509, -0.06656760249752032, -0.03939732083374787, 0.013463561539388927, 0.03593791754359095, 0.058421247369547, 0.0010068254984963755, -0.001149325744016371, 0.026322480021212746, 0.01832888112448306, -0.026388525699420254, 0.018044604154529093, -0.024412295292269858, 0.0746898524884364, -0.0577994784423311, 0.04814329820981765, -0.021784430257027896, -0.021747573380257, -0.03048012263430123, -0.02868188999754242, -0.023867919677890276, -0.016534081647065282, -0.08407153846894493, -0.04475687150541772, 0.012245666111095194, 0.02602203355613863, -0.005796780243921256, 0.003561991113926111, -0.018221167899689625, 0.044008393390463994, 0.0781620565491554, -0.12201855102713423, 0.04085592253227003, -0.012413073712356826, 0.023562123097299027, -0.062497284234622585, -0.006178921632895361, -0.0032632881621381254, 0.03387730554978514, 0.026512108985878868, -0.03188820816283645, -0.04312046240215214, -0.0056863340471780405, -0.005698626350602176, 0.005316495957283832], [-0.06335114053754044, 0.026336139480901476, -0.029513371064258016, -0.06842284876167065, 1.0475626482732356, 0.041000740034336396, 0.008063380712107274, 0.06890340182258572, -0.0075615882882380005, 0.006391502677769622, -0.006303496084842693, -0.0020480278452065935, -0.027151087435777432, 0.01301147709596204, 0.021592548056059674, -0.023067256112550238, 0.009999187181255555, 0.0075784538033253565, -0.010965492572317053, 0.0033333077166138995, -0.007115460268678533, 0.023233061879350352, 0.02223409867676537, 0.003562924765858931, 0.012019814754029677, -0.0007863732116265259, -5.5348411081706564e-05, 0.001830894370388833, 0.013554210165444138, -0.015753692750282877, 0.018648027994234373, -0.0025637913271098684, -0.031792576241487895, -0.0077366822974748155, -0.0017691931104911705, 0.023692039162138405, -0.001319330273634075, 0.054101092070915055, 0.052285334299118545, -0.0018786417548660118, 0.00464459670501836, -0.0315753833501117, -0.05960442576010965, 0.08574240530744746, 0.060178008385588816, -0.0027625940131321127, -0.03267360666170258, -0.003584138811957181, -0.05543040088619922, -0.005195832707211789, -0.01945933982279492, 0.1142030279093989, 0.0018929972715397373, 0.00040167096454002475, 0.057647348531823364, 0.08935518875489451, -0.0005901818957097016, -0.03866745267599648, -0.08785623835734638, -0.11076000178350351, 0.004500570943399082, -0.03552955972159353, 0.02336797853029493, 0.008307910915923198, -0.01855399949790154, -0.011256501169609552, -0.024202336875844867, 0.040420533536582516, -0.006443958836302037, -0.04086472077033053, 0.03561087147108377, 0.0005667092203499011, 0.07066640866901483, -0.03173020252506272, 0.0028876122088239754, -0.03784085356321879, 0.07213406227728893, 0.007911737601862468, -0.03474825636389596, -0.04622187875477564, 0.010183945585232565, 0.03315613402373614, -0.030078395291262553, 0.0099839406366713, -0.07173106902226588, 0.09865884011976248, 0.019557396907129806, 0.057347171157565796, 0.019935775722570916, 0.008391145275753143, 0.03444938656274193, 0.03877054239182583, -1.5497541037256552e-05, 0.041694474387261336, 0.14779626732902218, -0.0074807270638246395, -0.0018759390664579627, -0.09214434334325702, 0.03391799617788667, 0.016550086506060747, 0.02509641898985721, -0.0030921717136478083, 0.033728783763201965, 0.028718434172235227, -0.007199710920681476, 0.0369094287929036, -0.04493013532177777, 0.017786656391867266, 0.038617868996948315, -0.02961597214432992, 0.02748462061391944, -0.022508623815908665, 0.019754108212391056, 0.011593586250235148, -0.05572899313201157, 0.05947247580773618, -0.007105156968972182, 0.003814286104952239, 0.002605701908015596, -0.04262111251929977, 0.00029112422961198305, -0.0003843030435182764], [0.022547595706718278, 0.014888017050843149, -0.03792328081211833, -0.0016755831606270544, 0.041000740034336396, 0.47084166472121297, 0.020689073038416248, 0.019175002078384084, 0.00699227682542741, -0.15890349903394366, 0.07369173059986982, -0.02972555592433525, 0.0038321158908068828, 0.011806720553404827, 0.023512477835006925, 0.008823145698739649, -0.003762838263274076, 0.00805591421541703, -0.0028327497635293078, 0.001626202405869928, -0.008546870372877567, -0.02585820534585796, 0.03449265861842742, -0.006528739120659312, 0.030750329120188033, -0.0038929914588602755, -0.004882736765061204, 0.0021300167141450445, -0.007019430524377088, -0.024478078738312023, -0.05848008547825022, 0.036689004790505235, -0.014199715671450288, -0.01891439088056017, 0.05829185042108589, 0.016917630396185147, -0.024978262857179124, 0.0041483733206426, -0.0034321454538240597, -0.025957340307667994, 0.02277030336605209, 0.023474008852334145, -0.027612921513915343, 0.048018925117980164, 0.014506669775462885, 0.06464311026442181, -0.02849120891083237, -0.0364693878499451, 0.07298923238737255, 0.038575158429430906, 0.007097671082228769, -0.03304390629665075, -0.030118770761895078, -0.03988117060724775, -0.0247210463108577, 0.024547883024287964, 0.0029703012579725078, -0.02362330103629514, -0.023574481971933566, -0.04167860137634228, 0.01622528255190047, -0.010692072410697017, -0.01804811889767969, 0.016848925562075998, -0.005014850699631593, -0.005428281617659593, 0.033785309066832796, -0.014270381855732924, -0.011698646373899209, -0.058106749247035454, 0.014516764221725724, 0.019380135217072526, 0.050156627388408426, 0.020591634486357785, 0.035001140856784616, -0.0050982655092687325, -0.00963467726753538, 0.013925787007817459, 0.014139039401116202, -0.06514385783268997, -0.011283483172094754, 0.010580351491778684, 0.05963481733023659, -0.006946788017806945, -0.05512478604368457, 0.03402178954798285, 0.010532201329888188, -0.0049286460376755745, 0.02913893741594084, -0.015138139274760367, -0.024713663441167794, -0.005136262553883603, 0.029921301775852352, -0.024971334427257526, 0.04303501097715453, 0.02987691235585232, -0.047496654391993645, -0.04733164930275105, -0.010099058503722851, -0.06939167914184939, 0.027876861453990875, 0.032969801470743534, 0.023570082728667827, -0.014146273009653819, -0.022205601026788733, -0.02059679748284551, 0.024137442002798774, -0.01327201033418632, 0.004886749436902761, -0.0203973874180329, 0.01795511760561846, 0.00859022671492809, -0.036357226035937606, 0.011169913943355467, -0.003451998351336044, 0.057031277454081535, 0.037335178118417134, 0.03705996067991197, 0.006553025492158027, -0.040358292152154, -0.0013373906609832737, 0.0009857371698623434], [0.028532087172271556, -0.0528593824392658, 0.002388879697590001, 0.052884631291478454, 0.008063380712107274, 0.020689073038416248, 0.9614277426393916, -0.01772755612681431, -0.0006290744798143745, -0.013692085388112037, 0.0021196683456915833, -6.473086866467066e-05, 0.004199986380705348, -0.003957618236604239, -0.011763759305280489, -0.007375698551924726, -0.0026144591497925993, 0.00045615389434563617, -0.004064015269907431, -0.02568520222781576, -0.015564349737888008, 0.023888831210699638, -0.0014036406875452606, -0.021757852091051463, -0.07077385678291137, 0.0279458395160239, -0.011804346978560781, 0.018458826694635718, -0.018988012226569425, 0.001835936347065637, 0.009158828236063512, 0.03948204599175187, -0.003165153034736205, 0.0030261516186041574, 0.06724523546139505, -0.07876347717787617, -0.03699418403512712, -0.006812088281559246, -0.007929284093223547, 0.06985919210381472, -0.009839068683926165, 0.008477788720719696, -0.04096427407412569, 0.004720334860765499, -0.01845424638536137, -0.03127076705092314, 0.03172269048923672, 0.019322793692273924, -0.04957272112040346, 0.022663532369966228, 0.02413707410128632, -0.07241838048079513, -0.005348879465620001, 0.005079975976173965, 0.18124762677475445, 0.059087825596511004, 0.02918659048547132, -0.024559204031807492, -0.013823631479351242, -0.027446712300028073, -0.04869215262820835, 0.00903593485442392, -0.003658118615538941, -0.05687573270375103, -0.0697587333974205, 0.018307481314827942, -0.052343707697552484, -0.11949691161795763, 0.007195402951720233, -0.06191045882900904, 0.011582197092440944, 0.007913499619562253, -0.015381891572824073, 0.0043812289806312256, 0.02947280645172643, 0.015721672252741587, -0.028215479229056956, 0.04781738273136717, 0.04162816503626739, -0.05406017993339672, 0.0730524552004119, 0.01583723406622085, -0.0028643771833999432, 0.006623014558207038, -0.015991381317904875, 0.05785405207273982, 0.011800492586328423, -0.040017034997388075, 0.024715904049436396, -0.03579716995848024, -0.02571582295013219, 0.02726876212771347, -0.04347792801138576, -0.019811504600380288, 0.0366446769648798, -0.045787791722800834, 0.010621052218096068, -0.0128307174011062, -0.0017597513799585823, 0.0117411119465427, -0.05063873182289892, 0.06784240629643325, 0.010093278456013436, -0.047974286145308534, -0.053194389183402725, -0.04037276670159112, 0.013761662020587746, -0.016500102399137673, -0.043555246543718826, 0.02059228399895763, -0.03325971318807296, 0.061011678026782645, 0.018260339021412726, -0.01617971789057104, 0.02418386199383216, 0.02424858676017018, 0.025900520121004002, 0.03221299902858063, -0.03921853970218443, -0.0045939117841998466, -0.003659354893503169, 0.007893568681773318], [-0.0417566060757, 0.05495101961702628, -0.040119329335881436, -0.04037994899040421, 0.06890340182258572, 0.019175002078384084, -0.01772755612681431, 0.9744100782901879, -0.0040251371077163174, -0.00827033404561759, -0.0058090273665158225, -0.0024355198275987523, -0.068512359367837, 0.003895036565783338, 0.030193691599788346, 0.018565791640974168, 0.02836487355574717, 0.00472312486256073, 0.019426531864620775, -0.017895311414857444, 0.026137972028944426, 0.027071895974631197, -0.003206895850144812, 0.009018242404650921, -0.030984102447061745, 0.013222168598071685, 0.011104893702094396, 0.01371477535575026, -0.010152478527134207, 0.023397206863431982, -0.04536919100750344, -0.021190255445929094, 0.034399162899429354, -0.027956468375220304, 0.10224265767649174, -0.07841603942968976, 0.01823910609984392, -0.0012828995335820365, -0.017403568732591745, -0.028500326567613078, 1.5721976990327243e-05, -0.02187686737910365, -0.039820944057843095, 0.0067071373937733466, 0.00390670271952503, -0.037827325523793566, 0.025488158472951234, 0.021664081340953822, -0.0016903717001427946, -0.03942063604439166, -0.034349017585300824, -0.053976554896515566, -0.01729388066859227, 0.03603977829766975, 0.07381690360794466, 0.005524573584809838, 0.022527526531050467, 0.0281453998746185, 0.017485336479936168, -0.0022677065322063423, 0.0198775782342543, 0.00549934584292026, -0.03797850391954265, 0.01830588642501906, 0.035467341235860046, -0.04057020899688903, 0.05231040472907671, -0.01033247635188836, 0.000933694803873421, 0.0904615939307189, -0.019829512625728463, -0.026044046853591376, -0.10079845235624368, 0.00425743369784296, 0.04366679862302428, -0.0584013776362241, 0.0038121846004590364, -0.02441067939276239, 0.005241845022234552, -0.0545924962452119, 0.005323050980750648, -0.05313263825124626, -0.009753945093745962, 0.0073082250837552655, 0.00226427853717669, 0.05007389635091667, 0.0412110208010452, 0.09649042302673692, -0.020753869640333822, 0.019821523415531516, 0.018737889069773372, -0.008752785409184194, -0.022811650841275982, 0.033035692890499124, -0.016980480879822773, -0.04972888078742792, -0.0017976983795263718, -0.011950267070749105, 0.011441252653597436, 0.07684154986197264, -0.02750158148800516, -0.002179407241377581, 0.005336720171431422, -0.05133301871696052, -0.0586602983024909, -0.038725556648207385, -0.0023473786031289606, 0.002369418655617704, -0.018485007319452608, -0.046038038616160404, -0.07025849054978663, 0.020135844870975295, -0.020337711468679978, 0.01351243545277502, 0.011021114225910083, -0.020623938404340375, 0.027920172260216043, 0.020771801546487317, -0.022326801682243554, -0.04370055810396187, 0.004974363360831624, 0.0020756755905001418], [-0.022173772072164505, 0.01737074153569645, -0.006925953200277258, -0.01062117393236344, -0.0075615882882380005, 0.00699227682542741, -0.0006290744798143745, -0.0040251371077163174, 0.047434900038828665, 0.01137124320654433, 0.005210677367853379, -0.001977941357327263, 0.011103301219223535, 0.004773548025152069, 0.006370503963130247, 0.003556422654300805, 0.001942468739117912, -0.008662940811380604, 0.005131566212085556, 0.008586315962487457, -0.000580437999771253, 0.0011833815620775814, -0.003410084436005132, -0.006366185180671104, -0.004010721540786764, 0.0015449290236981968, -0.005683885585772882, -0.003465537836976846, 0.0019068426830185295, -0.011407086203817238, -0.00729311589204221, 0.0038547611187147394, -0.009757270473618044, -0.006947041615707453, 0.005769432575900738, 0.01395750019477199, -0.00402970687314836, 0.007864763389861456, -0.07261262550708245, -0.008467723156853745, -0.0015810708650863148, 0.002507335791529963, -0.01874078018261976, 0.008397623483010902, -0.0063176323567946105, 0.002185347735354058, -0.005760294667123224, 0.006543179377590383, -0.00035310258716698305, -0.013726817191794137, -0.0004111754977841139, 0.005305833569684507, -0.016888658898929525, -0.07661274854368261, -0.02091083265447639, -0.00595800458503026, -0.00430536497177034, 0.006479688117565035, 0.0145358825522308, -0.0002717561784277648, 0.0011604903909434277, 0.015197836591634473, -0.004817886934265238, -0.0043524465194762964, 0.005803684478357868, 0.01121942762813073, 0.002142860284456759, 0.010946813777151157, -0.0780806547026845, -0.02223575659457888, -0.004019325998650783, 0.00024955509248135145, 0.006752569702028515, -0.0057410898480072135, -0.004422806920307112, -0.006849737451472527, 0.02336030348427629, -0.01443821914512181, 0.0002477855449841435, -0.0013518351378665424, 0.005404052490632345, 0.007644734386326656, -0.008221486588068374, -0.0823976196121826, 0.020608450352378627, -0.00622365703380667, -0.0033165033480126132, 0.01372429601362945, -0.005556710307968479, -0.0023298304333247326, -0.0018883138708041666, 0.009402304718205941, 0.016537327480588504, -0.011299490265310842, 0.006159316545906073, -0.006325561567265404, -0.012537548331843293, -0.0035742402159616112, -0.07069883714172444, 0.005541639803461753, -0.00020636498417999022, 0.0043038917369152595, -0.00665400649088385, 0.00546960895415091, 0.01288238803152134, 0.0011134787568655216, 0.0031538589711211425, -0.006660355312946561, -0.0027138776015952393, -0.002739943595058051, 0.005344615941258909, 0.007311687626705789, -0.023590694835228555, -0.07845270216449433, -0.010008437806349552, 0.0018488134004758848, 0.0004230619471538257, 0.007489571708704972, -0.0019801710992422062, 0.008593042447893277, -0.0007475690909797458, -0.000956717166199888], [0.019841912268713673, -0.0029023886514297267, -0.07659815961007709, 0.06202699846452376, 0.006391502677769622, -0.15890349903394366, -0.013692085388112037, -0.00827033404561759, 0.01137124320654433, 0.6735851458769759, -0.049150200987545134, -0.006079528555587679, -0.07501272634890205, 0.029088007039426454, 0.012456803725512677, 0.01811055763734659, 0.014961607622993754, -0.002461297487164612, -0.012536919074190595, 0.019912462012206145, 0.01856564058459802, 0.049238940588853045, -0.00583463751492246, -0.0057711510681703595, 0.057923683141367, -0.004604844876420039, -0.003777959456355573, -0.007137106613068925, 0.025552845882077714, 0.014890593101643444, 0.007413727715569481, -0.0471057118303525, -0.03241953769672255, 0.0017836676963626466, -0.028755773787738678, -0.015643583085540584, 0.0715269249179109, 0.08547518177288736, 0.0004559947394626388, -0.16441522007848763, 0.02715364776246765, 0.03697590117570745, 0.04551024656637261, -0.004464144589634708, -0.0005814480010806178, 0.008268861272857546, 0.011890550823958927, -0.08159271425705042, -0.009768136527445266, -0.03195035915037393, -0.03214384915467602, -0.03677796285605322, -0.012659181959864312, -0.007147902583489913, -0.04739990752155123, -0.02991987601159735, 0.02085002849796914, -0.014834886678847145, 0.027315471835504476, -0.006137531940671045, -0.0023194160442405382, 0.03343525240714684, -0.03850273940650508, -0.010118479274167971, 0.057040266290961476, 0.005391110775477286, 0.004870963840279542, -0.011780878248595831, -0.02757966513034511, -0.09001047094360211, -0.03373805107973679, 0.004141055033225438, -0.11485764587362543, 0.027927874884817624, 0.05881564997359462, -0.03056356130211106, 0.04197438437178789, -0.056273899021505994, -0.017953652834331146, 0.05523215800649169, -0.03896963079730621, 0.02090925271270044, -0.035015385869409915, -0.010085984256486429, -0.08380509216367216, -0.004021935651244095, 0.0234675756533203, -0.01534366935398821, 0.019938226696109618, -0.005051037306518183, 0.043330560933700385, -0.03624468170152265, 0.016352506262331288, 0.020678483490554758, 0.030454941093861716, -0.025636442424066364, 0.022451506001439463, -0.04846480626729918, 0.008335844990267143, -0.002567607382067919, -0.05289417615102395, -0.01259439112449048, -0.03501919172411369, 0.01199853856758822, 0.03904691326895015, -0.052937003712745984, -0.0054168999382239215, 0.018564198201646277, -0.08838881103875468, 0.02752967464601282, -0.10411018345042665, 0.002575995549523512, 0.0558218415984008, -0.006350946228752698, -0.15671401992816966, 0.0019762250241343406, 0.011529653565318505, -0.047852580814473904, -0.0189436119596221, 0.009271194543870426, -0.003254922902562036, 0.008603154435840038], [-0.054993491712639696, 0.015980120478210784, 0.008548760752318328, -0.049620437984833635, -0.006303496084842693, 0.07369173059986982, 0.0021196683456915833, -0.0058090273665158225, 0.005210677367853379, -0.049150200987545134, 0.1198289712262512, 0.004363138676621442, -0.0031290310502970976, 0.0018115571794874467, -0.0010551724152876823, -0.0003746773971159951, -0.008478236025919473, 0.0032246789316116124, 0.009001070713533935, -0.0029661576121693145, -0.013820265286153271, -0.00678761847758314, 0.009799747944189705, -0.0010922495634453338, 0.008078695647484029, -0.014103604941952867, -0.005349238502967761, -0.0026902429629346997, -0.009741509286011838, 0.003226128382055902, -0.018941998774966808, 0.02204555204548547, -0.012832269202893003, -0.01895560895827357, 0.002041823964555415, 0.04441704258886734, -0.022892079046450634, -0.003171895611308495, -0.006531374692790114, 0.01332898433250877, -0.09169554983604754, 0.005283556183587401, -0.01743451035439236, 0.016868568193919044, 0.012648773225327283, 0.00670440711391197, 0.01087581845524334, 0.002876874929998254, -0.005173071822809731, 0.020361004543967682, 0.03467047020913659, -0.027463722192798908, -0.009165049026362516, -0.01749934998128618, -0.017917464245917936, -0.09809741468307007, -0.005395809956122575, 8.961073373963336e-05, -0.009904097802886307, 0.012888992818683996, -0.009145885955498218, 0.02148469119970304, -0.018797137031461943, -0.017937334002594833, -0.02677346732053525, 0.03866605192356142, -0.0012504050089823817, 0.042220503742482714, -0.006306548696766544, -0.04639245588335854, -0.09907550886451799, -0.003900052123574746, 0.009587971296904006, -0.01623313185117966, 0.007244960939638572, -0.018663358400670096, 0.008131899359236154, 0.0071898377961182435, -0.006111625087018205, 0.003937208599825009, 0.009494674062189635, -0.024097385131370344, 0.008318318045673836, 0.0011790742053954147, -0.023827593514692748, -0.11337215332456918, -0.005963163190667289, -0.02668638623047115, 0.009672293368202231, 0.006166821438976267, -0.023326175873804037, 0.007967133787229866, 0.0032732563494222862, -0.03145209102530475, 0.013044944000401225, 0.04798449808528662, -0.03707769690997074, 0.013190993741674047, -0.0012853749431894243, 0.003531871757018251, -0.08257787958551427, 0.002424521090875002, -0.021870633899197345, 0.005358502479443714, 0.0156928925983412, 0.01331440866625999, 0.0010061354465981033, -0.010443316277153827, 0.005224387206449963, 0.006930086673304048, 0.04009620553685622, 0.005511493683302331, -0.0024128586537278374, 0.002966432683211116, -0.011824241756628107, -0.10033015965916968, -9.89574047096008e-05, -0.005019155880042232, -0.008169340304069359, -0.003560972545320563, -0.0001887924076350017, -0.0005841731683918763], [-0.06889497156603244, 0.015273662538476396, -0.009954773514979294, 0.018764097138800832, -0.0020480278452065935, -0.02972555592433525, -6.473086866467066e-05, -0.0024355198275987523, -0.001977941357327263, -0.006079528555587679, 0.004363138676621442, 0.20502759311668523, -0.01612405260202963, -0.07340546088610186, -0.12555721578015022, 0.003162648427037437, 0.013164429078572263, -0.008014792602613386, -0.011348913811299903, -0.0058462985055731595, -0.007889354809144931, 0.005037705713834679, 0.0025306709374374944, -0.004675179440155328, 0.0009627525911248988, 0.0016350296589391663, 0.02046775245568372, -0.02249798337446651, -0.004564836250216409, 0.01152872822321257, 0.0030985734665602243, 0.007527765150546505, -0.011255988961662883, 0.016653886000559087, 0.00620755831940744, 0.006654596331549515, -0.029773360944429922, 0.0016862025459958437, -0.0066803435227553295, 0.028506550000553344, 0.013821790398770977, -0.14994631107149928, -0.013774109381620095, -0.0478023555858535, -0.016077179596684414, -0.040545995221570555, 0.020752506605948635, 0.028922379860032234, -0.029878390752487074, -0.02666247694916504, -0.0002644779438897833, -0.03818814651803542, 0.022749711947117317, 0.019005903094394858, 0.021870434780436872, 0.03558621964646777, -0.12604899217460216, 0.0058292464207162845, -0.008830979381740333, -0.01122874834014372, -0.014277040938961793, -0.028924652834513294, -0.025534695182125516, 0.013808526408957892, -0.04417891785020306, 0.0044340718546196705, 0.012462246922112544, 0.020999313963466274, 0.01918927643251489, 0.004220195996773114, 0.003480759933985677, -0.1126845766796086, 0.024833693954817007, -0.01603232668157451, -0.03365426410365349, 0.024574917864947622, -0.017659734126486352, 0.011090172483302546, 0.02298850167303857, 0.061229344048145784, -0.0020543603770571814, 0.03010786478819977, 0.020215223683188, 0.0015275356049601536, 0.005336493587992525, -2.448270787785598e-05, -0.12039705695479092, -0.012979606618178695, 0.006602665188538324, 0.03886833178758242, -0.013366731588230957, 0.016975341746451413, -0.044430587757417705, 0.028682613131865247, 0.006868060228333245, 0.011291164987636465, 0.005877942078857893, 0.04128168391759323, -0.013528318055895647, -0.03311442998512096, 0.01078262126898043, -0.14569401154593592, -0.003191288855234885, -0.01446033976655963, -0.009817208043338336, 0.007466976421325844, 0.0038942511345437117, -0.03293775233625616, 0.01904718583171369, 0.02201826119075187, 0.016077730172913463, 0.022165774463011084, -0.02002344487111365, -0.0015447303099267882, 0.0004322678378428803, 0.027781979238126343, -0.15455791556657825, -0.009790310363106533, -0.03672459864795304, 0.04241233214393272, -0.008490329083637685, 0.0017760479320660264], [0.028179477664967645, 0.02998485039771638, -0.03316800606823056, 0.05156920580171595, -0.027151087435777432, 0.0038321158908068828, 0.004199986380705348, -0.068512359367837, 0.011103301219223535, -0.07501272634890205, -0.0031290310502970976, -0.01612405260202963, 0.8440786633970772, 0.020428136452582357, 0.18560168745921415, 0.007300903943465895, 0.018802591785292824, -0.03593598762056629, -0.006699896990972922, 0.014542998631748008, -0.0046304875015732916, 0.011318752421358328, 0.012431090337402407, -0.0007539020756082166, 0.03929115559920175, 0.0005007806268653908, 0.026982820052709893, 0.04884732725208102, 0.004404923606176819, 0.004586317726168839, 0.05013024559125278, -0.009439470640225212, -0.004888003419968448, 0.006764960330979495, -0.021178900240952078, 0.015623935505933325, 0.09303651187203524, -0.063626484263999, -0.0033330731570439293, -0.024583334966379825, -0.00602740586611624, 0.005026731259100329, -0.065059609355317, 0.0677857544175106, -0.029665950876547383, -0.01298409091276929, 0.0435335879924104, -0.009385335702176659, -0.036388198495396325, -0.04885945529220265, -0.02061558276385616, 0.0015986955829165124, 0.036185638834176824, 0.0002723080898685003, 0.008884694938147, -0.020704455040970644, 0.0014676874541905015, -0.09821030815811445, 0.08026958555010327, 0.035833187319368034, -0.026301216024566476, -0.029466271577178644, 0.008892224138529324, -0.030926734716695752, 0.0039058670174467367, -0.051676828696427694, -0.05723436416005178, -0.13379654356390114, -0.03437024206598261, -0.039474957769984394, -0.03844878313825562, 0.02047488116470767, -0.06042418797441266, 0.01952978189030302, -0.02460456049900449, 0.007474563678589703, 0.050654431449591364, -0.07736571594208395, 0.03540074741465354, -0.08468511571856487, 0.014133241200963109, 0.025464672520095943, -0.006369315007522442, -0.030014601367935448, -0.017475217951334818, -0.015396208995943617, 0.056761631606640404, -0.03436014075490947, -0.012828490408649404, -0.0677253235876321, -0.05851829044982886, 0.04077908602275052, 0.021218117038655254, -0.007842244249072048, -0.03514893066937987, -0.02452219876041725, 0.05274225211500623, -0.006260016129166806, 0.014559812751205393, -0.0525738238199449, -0.00397476422146363, 0.013822457002293785, -0.011122483871346768, -0.046701568412241816, -0.10427186042532059, -0.020262893025634544, 0.03374625472644863, 0.051597008897733526, -0.02081968917612491, -0.0016900272037838374, -0.014529265258425513, -0.06280379073659835, -0.05195361945126197, 0.030970913134605968, 0.041584823636043156, 0.015132705669066498, 0.029767504558947566, -0.021425058960855115, 0.056652622446811345, -0.017821392105519297, -0.001702615235804981, 0.0035791888170497257], [0.010630547524526622, 0.027674778351903656, 0.007046152984937129, -0.06437505355696291, 0.01301147709596204, 0.011806720553404827, -0.003957618236604239, 0.003895036565783338, 0.004773548025152069, 0.029088007039426454, 0.0018115571794874467, -0.07340546088610186, 0.020428136452582357, 0.12292385672675878, 0.1787842192736962, 0.0007690149388566149, -0.001792823719590204, -0.001394984339351681, 0.006904521874089419, 0.0044303540642381045, -0.007286264664721855, -0.006213510118625992, 0.014247408927773932, -0.004196459176125088, -0.005753475407182874, 6.386917972080143e-05, -0.004607840418549441, 0.00936915902641607, 0.006040798853154478, -0.009598993980830603, -0.01170815888131686, 0.028812268473961695, -0.01618568687042774, -0.02073923282975536, -0.00039861161605416346, 0.0171643199656053, 0.00772755574430356, -0.007305560145577224, 0.004982685227715627, -0.024184047685064984, -0.0133210286460029, 0.0065501211395734196, 0.011066062860172345, -0.004353693368062652, -0.01649945803539563, 0.008248399103133346, -0.009928258684838074, -0.02528411935102958, 0.0086890250468596, 0.004555935442675706, 0.013873884769632734, 0.025867342502742377, 0.0074601759275809655, -0.02018236678157977, 0.017656067503747954, -0.00473480821224473, 0.007066782109513538, -0.022625978845095342, 0.001636419113945945, 0.022306049216072196, 0.03389731005950646, 0.028624355698594495, 0.024420915323560295, -0.020632690086759567, 0.0026606783174508075, 0.019318293374682462, -0.010684926219533389, -0.007438596735900548, -0.016388093542056708, 0.0054296925307436295, 0.0023860194642468077, -0.026375170666606718, -0.032256162589043964, -0.028055317062881936, 0.01756939362335804, -0.014295646794462876, 0.033303310340086295, -0.02858719122301937, -0.029587117703098745, -0.01606792660453834, 0.002483410094338711, -0.01729291930026496, -0.007510263421794555, -0.006003143989359996, -0.004961808621403635, 0.004657951265606364, -0.002194839048522068, 0.02888430016328301, -0.06250904647653596, -0.028448432301955782, 0.0026275145210805343, 0.005252692117160526, 0.01190984619867496, -0.032424189101192, 0.024124935080522446, 0.014430392145159763, 0.024802236704219594, -0.01870109001570501, 0.009839083382397716, 0.043171997186274395, -0.004698655643454364, -0.011066061566783804, 0.013064050663911907, -0.04061498313013071, -0.004954022527823673, 0.004078052099851701, -0.002967506203389228, 0.014277849071565322, -0.023191628180082375, -0.018766292789178834, -0.004156406983294775, 0.004664085558071395, 0.023422175258083794, 0.005796044330474146, -0.011611098615851648, -0.011874577198940398, 0.013276415693500052, 0.02665777373975476, 0.002150627330170042, -0.030852146448431685, 0.009136195200808779, -0.0006411411278295217], [0.026112293766174775, 0.04331366129239273, 0.011273228282674137, -0.10276658180199665, 0.021592548056059674, 0.023512477835006925, -0.011763759305280489, 0.030193691599788346, 0.006370503963130247, 0.012456803725512677, -0.0010551724152876823, -0.12555721578015022, 0.18560168745921415, 0.1787842192736962, 0.33515601546674384, 0.0002600378021402097, -0.0041440173916213584, -0.013484796518725388, 0.004504326341999492, 0.015319903974421402, 0.0013659237209778954, -0.004183698778655309, 0.01600409453489655, -0.005246193474745432, 0.002882476502672542, 0.005305157209174038, 0.0006739176242576252, 0.010703230050785228, 0.0010278346207509034, -0.011043073261051223, -0.015853527144438762, 0.03825186271007242, -0.031614714363730444, -0.03655204352995988, 0.006910082513888617, 0.02725752165375176, 0.01396440736681857, -0.020748455246060768, 0.0022398367524188853, -0.04932357680581669, -0.010557801350652185, 0.012433884696095703, 0.016422373753625385, 0.067684422242064, -0.06788283941854056, 0.010346114010132308, -0.010603218232138835, -0.03940642857652287, 0.0013574260691136888, -0.006898896172717077, 0.0011095293568390212, 0.039630254020128146, 0.009905611310249024, -0.03396607802266221, 0.02839757258249357, -0.006885005525557822, 0.011239333087942296, -0.020868124339350144, 0.05730266071096818, 0.0002130770270272409, 0.04440190426936179, 0.036656058875200036, 0.04631922818145742, -0.04686490561899974, 0.022916496189640066, 0.006861575842046307, -0.023312583693472198, -0.038374064512149135, -0.037604195581474216, 0.0048910063679356575, 0.0072110713156222535, -0.04754858376590912, -0.03801625221258019, 0.02760047556197561, 0.01992984670955266, -0.016847760757094096, 0.0613374611209278, -0.06536015254318293, -0.03274442573694599, -0.053320052570210885, 0.0025720280171125163, -0.016399467916185927, -0.005342375623317355, -0.019803713911329048, -0.00903601859658979, 0.0025756545424128483, 0.013593177645466227, 0.07412734584726383, -0.04139002112256463, -0.0703332201292865, 0.00282849100755