{"inv_metric": [[0.4310336079035113, -0.22657810069751028, 0.11582104317018399, 0.2237209440710691, -0.00356389252510534, -0.02160691558378801, -0.012101661347346955, 0.001978915227401933, -0.019051726803890664, -0.010668452560954543, -0.057873156910741366, -0.03655786223948874, -0.0363620429785015, 0.0008281953278656936, 0.003998581265801027, -0.0030393147423578813, -0.004942630203982926, 0.006421467138373229, 0.010085849290327402, -0.010312105150950442, -0.012929639286760967, -0.006780728290469767, -0.02404819861895612, 0.006764229415249524, 0.039373978030601775, 0.007680533625937647, 0.01101433519532467, 0.014945884423278401, -0.009317047534681622, 0.005970398700244298, -0.10295422205735633, 0.014118535116055844, 0.039581340404583186, -0.00010788084282188751, 0.01244139091715759, -0.01247355424327118, -0.007272901779270169, 0.0014310962712309927, 0.005914460716273317, -0.05163047027954404, -0.0031529338387028642, -0.0182197257628447, 0.002627708930845332, -0.01544442992195429, 0.019928744711564608, -0.09921397570311537, -0.0702668392213066, 0.0291090589790625, 0.0299702045127215, -0.011819415088175448, 0.007153964978803422, 0.058165722218398254, 0.0663154505338849, 0.0012738564150275543, -0.04583001366847881, 0.013718531262997167, -0.0009562064168328076, -0.05760035553005462, -0.018827627421994203, 0.02592069198621151, -0.029234904307674246, -0.03609075242976212, -0.001412066289511174, 0.041678223825529666, 0.008352404046756409, 0.038933505159027416, 0.04219736667340101, -0.0016613886189733474, 0.03033035578473348, -0.01081469866962432, 0.010625602450837235, -0.015171569984904335, -0.010715643721171479, 0.021468587499300484, 0.0008872250938601689, -0.08685865921759939, -0.0675268649100915, 0.03507057883325291, 0.010617414609161813, -0.03477188146763649, -0.008421717944730903, -0.016323642536650952, 0.020114417927051643, -0.011477776415718111, -0.008439430111608037, 0.01164801595653927, 0.0014743503487681742, 0.023023621546064445, 0.006740447366510261, 0.04836024628692431, -0.05026968310955146, -0.036959057868553635, -0.010435971424384018, 0.03912078208154148, -0.08594497648897141, 0.004414674814440077, -0.010438449953635763, 0.03885104562452796, -0.0003516193968206615, -0.0654060690106445, -0.03233221083925017, -0.03894040860236908, 0.012902546876544664, 0.0028543748622503703, 0.0027804074180219603, -0.0828138735412166, -0.02346629806318003, 0.009453836265594534, 0.03514544343400113, -0.034304726944775654, 0.018154387619074418, 0.01119338757172304, 0.0040887138374236815, 0.01506237385197671, -0.014584718205921924, 0.0049431957778272575, 0.0064328935972564226, 0.0016630947500504457, -0.014923713328249977, -0.011398814116032966, 0.00472619303918656, 0.0035279792509761206], [-0.22657810069751028, 0.5470836808733862, -0.10958578896017614, -0.15387396135556367, 0.021916955081988047, -0.015886827788099835, 0.020838759613990895, 0.01719918894750046, 0.012486578663756562, 0.017446796411051454, 0.035317754332746754, 0.006542043295281721, 0.09349894708318444, 0.009819560503297329, 0.01862307583086052, -0.0023615072662453926, -0.006663306023909296, -0.015141279052435412, -0.022494904960742017, 0.006888087961091656, 0.004981683219037019, -0.010401489868404543, 0.026862594830720912, -0.001407715278878943, -0.014667383430249046, 0.009527656844025637, -0.0006693162830133058, 0.008986682210677787, -0.006760616019522169, -0.0060148859915829704, -0.08679485488014171, -0.007512429951292992, -0.0008518102705752799, 0.017016625007042523, -0.005950376345530017, 0.024382313635459552, -0.03941337854952479, -0.03701514555004903, 0.008220537079763236, 0.06620205375728926, 0.008553506704319574, 0.03407196363846003, 0.005601139507795867, 0.01507876998972722, -0.012407453984518856, -0.038877329759743375, -0.022425114055938552, 0.014591444977557861, 0.007546999887322159, 0.004381122427923985, 0.026616023710255787, -0.0282381592637428, -0.08513761362843784, 0.01335033751244537, -0.008746564347186847, -0.034015930984620295, 0.020041898103404298, 0.023638745585681235, 0.02152226785157994, -0.016086854128356566, -0.029260180896328893, -0.05768121819276641, 0.004452241970572464, 0.04805852247314812, 0.007553708911620844, -0.026260853716529486, -0.022675631412747442, -0.02729397268939459, 0.0038764178990675774, 0.027207765531995727, -0.04591572922778979, 0.008337611412618648, 0.005116584861701992, 0.020404327488834542, 0.026326219963760514, -0.011605660468940114, -0.037855157614332356, 0.03808142741435971, 0.018257702795133692, 0.0328032841360137, -0.00028294118826424175, 0.06199077903792364, 0.05256278703657075, 0.013847014835525124, -0.04290894073642288, 0.018168314739588104, 0.0006743010450356176, -0.014106108012181429, -0.006417258734291433, -0.028880929620996865, -0.0562157855640395, -0.041848820339107605, 0.07078832277456407, 0.005598507871107098, 0.010284631650390749, -0.002822096414727812, -0.004817501850321431, -0.05169157352751714, 0.016792352832769725, 0.03395979030215567, 0.012427830248795261, 0.021762356184775067, 0.048608209047018854, -0.00224462260944217, -0.007524918072863755, -0.0074551637000332726, -0.04510734186119829, 0.03301396248613257, 0.047508332209211045, 0.03193335026104063, 0.021998908585507626, -0.018099910614438317, -0.06588059373781407, 0.021561621772684832, -0.06274114012165957, -0.02247580290346965, -0.008368804585402241, -0.002461450735926602, 0.022830034215686194, 0.015001009970722913, 0.006717711606570789, -0.0008982337508497622], [0.11582104317018399, -0.10958578896017614, 0.29561686795954206, 0.022572893854661637, -0.005070965222692718, -0.0028984457767535538, 0.0356973579713622, -0.009426178044438238, -0.0020194633692495073, -0.07715023965646534, -0.005676151717837701, -0.06495020729752739, -0.04678831942037345, 0.03165428264984996, 0.04250927316985667, 0.00762850846097714, -0.001929759431042115, 0.011137047119692886, 0.0048677415075296425, -0.0022086257366749633, -0.007374638166132212, 0.022514098260707265, -0.025066756654118713, -0.0019408663761048969, 0.01521628693321858, -0.0024782251586500962, 0.005144901112284831, -0.009426179773239634, -0.0042999031349428085, 0.0007075564414019114, 0.03791059396549453, 0.07316523831565773, -0.08724045889414778, 0.041334385673522205, 0.03759965289080608, -0.008328732635342537, -0.01003485426387545, -0.000900376428708087, -0.01148577859088006, -0.048364629704713454, -0.02800674269054773, 0.0023719448752479496, -0.011783007751089208, -0.0001491588162768974, 0.018730829799378877, -0.01788499962988337, 0.04021883263554011, -0.04153748529906424, 0.020369572833454384, -0.0005288794530995737, 0.0003105553553207587, 0.041597906675996874, 0.010542216945369363, -0.017240011748503432, -0.023715296055286075, 0.032864478182257746, 0.020385355824118757, -0.02643291280705827, 0.015158813850095732, 0.03590377092890117, 0.029912594986947462, 0.031433603519086396, -0.045156493403548714, 0.027665009310592743, 0.016898766109888365, -0.014409355958627882, 0.008574942848109576, 0.01957571280265207, -0.041555847942173076, 0.021998136093445093, 0.01010442218255654, 0.011404052720156195, -0.05670651819614034, 0.0057369316260650624, 0.029408252340309138, -0.022919168734683797, 0.039893470468113625, -0.026243745566973946, -0.012528898361021666, -0.02497329236795901, -0.034283752739803566, -0.017241527707154064, 0.03228432746645813, -0.03060259387085967, -0.01854576418727408, 0.013060731767761883, 0.022123218049470185, 0.0041616131297952975, -0.046806365086426084, 0.021055784987469038, 0.06615964650778075, 0.0262175139712089, -0.10193795927035887, 0.07162846591923118, -0.043095846491503706, 0.009456060953580089, 0.009813170191178272, 0.054683517808812414, -0.017963890464788072, 0.008298380371667085, -0.00680846090197851, -0.008076096710282796, -0.022100481904045812, 0.013474022240917235, 0.029560017724144426, -0.00971224908212324, 0.08994035273926423, -0.0928853647263929, 0.00843285003266527, -0.0032767603978766805, 0.0037330675842481595, -0.012189001071307267, 0.06667807885576349, -0.016763864188505746, 0.04420279170681703, 0.018104222731151507, 0.03576608514453015, -0.023852630351439877, -0.010157377249199878, -0.005774159240170819, -0.00036859829062206416, 0.0023343486747857208], [0.2237209440710691, -0.15387396135556367, 0.022572893854661637, 0.459942151739016, -0.04815535658367555, -0.029029678629137606, -0.004095082131535919, -0.0157898048211308, -0.022486386446949145, 0.0373109088857053, -0.04218932732218236, 0.05294116581844623, 0.03983820899827619, -0.08248994527475344, -0.12474608748765233, 0.0014948669946428413, 0.009301518704502841, -0.01112670055255775, -0.014630780595121856, 0.01030726320181603, -0.013284660462937999, 0.0010623591703175616, -0.015170165402278113, 0.004462152195011795, 0.014724161672187, -0.0001272835548635694, 0.005672762205101704, 0.01999030606759058, -0.0033542661461544517, 0.011448522807978286, 0.046729193575740784, 0.01537756769089091, 0.08291824612744453, -0.08750698255748951, 0.0039397986618660095, -0.021674203650554405, -0.06739672910486443, -0.010917602414021593, 0.014236164642901158, -0.011483319269251379, -0.019831769492125013, -0.026572775068605434, -0.014365795744406417, -0.005838394276984855, 0.03860089432419906, 0.05714919891490694, 0.0009630834820041303, 0.04457750514108447, -0.04962833363358023, -0.017074092604207027, 0.04373722052670509, 0.00044534530966065, 0.1033228606873889, 0.009811133488137433, -0.0038547126193265247, -0.0010238725068904733, -0.003080436797633531, 0.0001647557356414145, -0.021374914267446497, -0.04409793498298875, 0.04681755107918846, 0.0104948142538453, 0.01515819922848023, -0.055594743386429085, 0.012455173604819922, 0.03171100674813068, 0.015297942317196231, 0.02318497991762791, 0.04910241603151928, 0.007791689522845075, -0.019932597298584362, 0.007598727791530051, 0.017745065855009887, 0.018315057498869258, -0.0635849550241007, 0.03773576935989977, -0.004611078037562089, 0.09008449570780178, -0.09200226737821031, -0.047716402645001356, 0.017782125434716443, 0.0003951885298187629, -0.06132386701827379, 0.021865989666341106, 0.047943982797182656, 0.004248970400651893, -0.0021372786169356777, 0.03165208274376511, 0.03592869325251475, -0.02650686987270699, 0.04791231107639566, -0.015738011194733368, 0.027142791011463635, -0.04553751079452785, -0.04302844238702238, 0.01926669881616039, -0.04265180228648223, 0.0012403974845668355, 0.01537385357130647, -0.03341628944709455, -0.04555078274110765, -0.014673624782606634, 0.0492460125229285, -0.006179227430211998, -0.027899179478838538, 0.05097544657899983, 0.03218813950456973, 0.06890871459864989, -0.07138121603819178, -0.06426463068105161, 0.0031579496116737734, 0.018688209180844538, -0.045320403193649314, 0.032493604744226245, 0.012390086917930233, -0.03723294851021234, -0.030545466934551537, 0.015138496230838898, -0.03195074590302167, 0.05080738906427137, -0.0062235197634304545, 0.007623702206426174], [-0.00356389252510534, 0.021916955081988047, -0.005070965222692718, -0.04815535658367555, 1.02715951163637, 0.06184680050431163, -0.023036890476713583, -0.028625266465069167, 0.0054745403900761025, -0.0571984250035591, 0.007482376411823539, -0.06955949924442859, 0.038288680062899816, 0.019662335858583305, 0.06662274819961447, 0.012126498959490523, 0.015404490110768542, -0.007563076230657165, 0.014859036713878657, -0.00036780696212674224, -0.016140156891228517, 0.0014421591339305634, -0.00972615396804804, 0.011747035833827756, 0.01731499243268089, 0.02452663983031719, 0.008816909899938727, -0.013577341912937541, -0.0030835612494497467, 0.02261815206382457, 0.02148213291872211, -0.009798355765720563, 0.021197087571206547, 0.030560378711685682, -0.030978854976995932, 0.048349544484043, -0.06143675213155916, -0.02404433274065935, -0.0130418038689599, -0.04421393902700615, 0.009223085734900275, 0.041876000102677134, 0.042270918092471396, 0.03336255470391411, -0.08078174745648743, 0.012057221662748611, -0.01750125135436894, 0.005044846993055565, 0.006800689748154775, -0.015871497949472773, 0.027831964677880797, -0.07381955550969592, -0.054623260365461286, -0.01661350239510125, -0.023603260075050436, -0.01370662566006847, 0.02071103968515197, 0.03959804976808514, 0.005821023869964595, -0.038634842503512644, 0.08332937644768475, -0.103257574106486, 0.1124208326248973, 0.018811598848082336, -0.05414430775579571, 0.004909499026365952, 0.02289418365183511, -0.0756371623234541, -0.04089507880869418, -0.0006069550009499784, 0.08368464091683617, 0.03315466745353688, -0.0031408378742794557, 0.033284508566914735, 0.0005270325605706691, -0.02323408895775753, 0.01481283609875528, -0.07378215177400892, -0.02027621725017107, -0.00940336590425833, -0.003160816115223779, 0.010509599475177482, -0.014706921240740828, -0.015536553620315578, -0.02597139354168682, 0.019691937568536502, 0.03794566162668028, 0.05233730033385841, -0.01046722269608313, -0.029889871500444344, -0.016096315367947187, 0.010670745262008856, -0.0020099899710315805, -0.045481879907316225, -0.12030978210122775, 0.0057536267364499925, 0.11630623642730253, 0.05035129003839442, -0.035629294708530115, -0.0521476788051013, 0.011606327133999336, 0.028522668714832826, 0.005417723578485199, 0.010910894234332417, -0.004177915421236827, 0.06585216889058156, 0.0159414141399148, -0.02565273927476925, -0.013081329855323343, -0.08706047153228981, -0.028648056217862167, -0.025884440174224407, 0.02850026517595572, -0.02156182921762001, 0.030870816416343174, 0.0784029990301103, 0.021563406727484562, -0.0009672227358309313, 0.04210852380200414, -0.07614015736966322, 0.014480742285694745, -0.001999580571268857], [-0.02160691558378801, -0.015886827788099835, -0.0028984457767535538, -0.029029678629137606, 0.06184680050431163, 0.4541832660806788, -0.04143697792135973, 0.01601829562512288, 0.00608366246235737, -0.18158559439993302, 0.07991892226217877, -0.011181880040695634, -0.026270253843344284, 0.005132449383785654, 0.002850077044313928, 0.0031973223553182274, 0.0017010382185882324, 0.004904339296656646, 0.008067349855023071, -0.017924746367467916, 0.02298358698943201, 0.009993910618548997, 0.015512353159994365, 0.0004505733325202346, 0.009129637625629442, 0.0060374270590969545, 0.005132475015607111, -0.01183170895885453, 0.0031153188740222675, 0.022507950037874935, 0.060856497472832075, -0.020037114792657254, -0.019064385731989437, 0.018216332062556788, 0.0309667566415, 0.026604798278266176, -0.03639303810171252, -0.06749845521117111, 0.004392626713905488, -0.04778764394536908, 0.018931474699571096, 0.001996227993713401, 0.047018522096586225, 0.007166283919557468, 0.011394865621901605, -0.020640515144242325, -0.004943817665717303, -0.03126730890072657, -0.005275427434075556, -0.04781844771551404, -0.040894380306184114, 0.024712912914919366, 0.08768131015181324, -0.004098156664928933, -0.018513928867731348, -0.00330075213393021, 0.008870165928701736, -0.005702370493882181, -0.007512358353548614, -0.013211756375053786, -0.0018234455026721619, -0.009553444992679946, -0.014129996389029061, 0.004049055805199294, -0.008695118835578558, -0.005961669665627539, 0.017707313141507097, 0.049885566385749, -0.03015768008471603, -0.05282131196574966, 0.024465695278552524, -0.0036326341765034065, -0.008026035341209107, 0.004335338587199099, 0.05316436614599059, -0.020298075590242798, 0.05106173698358588, -0.08306238860590215, -0.013955227383868932, -0.03365653855150613, -0.04319845777501337, -0.012883893668696522, -0.006611367346710267, 0.003089123112472535, 0.031213839217951404, 0.008478997163651717, 0.017542698224202333, -0.009992397050326148, -0.01648448147190567, -0.05704647667339545, -0.03355879968378954, 0.019144687044007326, -0.01899596024427334, -0.018635881228931863, 0.02751857396872789, -0.0571243671660411, -0.03479308761690025, -0.031875145493556356, -0.0018623591224169467, 0.031226270058429727, -0.00391389425595356, 0.009789612293670077, -0.01597004112818461, 0.013399905654508723, 0.006164354067644971, 0.015312896729730992, -0.003845572564082784, -0.016125193991217226, 0.025517917425151262, 0.018898524173375824, -0.008819555880365969, 0.06113280068432655, 0.015505752694486515, -0.0190424488163178, 0.011467107320983315, 0.033677497207202305, 0.02116445015272946, -0.000954030865987926, -0.015739681328052722, -0.019172030592999885, -0.0008854900487310743, 0.001218518114289684], [-0.012101661347346955, 0.020838759613990895, 0.0356973579713622, -0.004095082131535919, -0.023036890476713583, -0.04143697792135973, 0.9788182477589027, 0.09474286749701717, 0.004730334707932999, 0.10923427308925338, -0.019332051705406982, -0.020630970319923444, -0.05530904200571094, 0.025824578454227826, 0.012930821938392737, 0.004009944972783484, 0.01973039259173651, -0.02118962384589477, 0.019639249144308396, 0.007660901898875335, 0.025508294732565, 0.01839581435726677, 0.010576533196206956, -0.023741653827412453, 0.03417945095281724, -0.007235443751855149, -0.021975250271030058, 0.02147082435146687, -0.006789140460698958, 0.008147873691100475, 0.08643428266297101, -0.03711711813833325, 0.010306702793800871, 0.0823038668046402, 9.380194721111201e-05, 0.015856708108314375, -0.14322831228157884, 0.1162592022580671, -0.011405246059723472, -0.09291182586665436, 0.021769133562015916, 0.03158559288877724, 0.0062323281104334155, -0.1027412211193419, -0.12299152212570771, -0.055869977290446515, 0.017650666038911616, 0.06618090635839574, 0.002558512236088078, 0.017004033932977815, -0.05430096055283734, 0.03885971662322513, 0.017525751477440368, -0.014701974234200986, 0.04690434850525958, -0.010141823120484636, 0.03614092040937782, -0.06582388941479546, -0.0006923275114453971, -0.06920319382887004, -0.03474983214053231, 0.05986727713079096, -0.06628236075131051, -0.04046317777470153, -0.009532143206248657, 0.009786418237647311, -0.011135603044494085, -0.011470718941702353, -0.029105534435659334, 0.024278339255626495, 0.006154785356956408, 0.014955794627009406, -0.041630298876123635, -0.05040192876325137, -0.020224388865824696, -0.03387740359021175, 0.008201597834134324, -0.003385392465464229, -0.0035280998575195053, 0.016474375882462252, -0.002540896003782441, 0.01293074906158262, -0.06508944856272551, 0.0037324757126439207, -0.0007495437848226806, 0.005131762718806801, 0.0017713785403465929, -0.08090892307869017, -0.005367658815920441, -0.06812158577659626, -0.049142988514752566, -0.004134686578671677, -0.054135490857674176, 0.010014234085575854, 0.014124346816891108, -0.002444660411258849, -0.08562882752079784, 0.0673557166242474, 0.00864459940856593, 0.05171204911298915, -0.006691478814095575, 0.07436609157208685, 0.02849884756086021, -0.05252811971919536, 0.017654747810625003, 0.026911383642868263, -0.01165114606261723, 0.004339285844185063, -0.02710260320831826, -0.003206145115646766, -0.035808623906927156, -2.996340295702134e-05, -0.054885481313437526, 0.010828955650350042, 0.0068785073976648835, -0.03242371329711786, 0.012697854663997773, -0.12233106334850129, -0.02527041378694545, -0.09191583702859966, -0.003857124135888483, 0.00980819551564476], [0.001978915227401933, 0.01719918894750046, -0.009426178044438238, -0.0157898048211308, -0.028625266465069167, 0.01601829562512288, 0.09474286749701717, 0.8922753845177415, 0.00048653681002720886, 0.013632620605423891, 0.012394697793016683, 0.06108960372942445, -0.08628698731833687, -0.018059321886516905, -0.029285576304923202, -0.0007235724400962181, -0.012879792559705745, 0.009260877121109345, -0.006866686769763002, 0.02103136378515593, 0.0035048868283692773, -0.005559197827812836, 0.0019672920728752694, -0.008297014764915919, 0.01560995612419454, -0.0016233894617837784, -0.012762966673137015, 0.02245975512852944, -0.0038080647116086027, 0.009231935499592784, -0.00398517031555241, -0.04503728234709693, 0.0074891225033296245, 0.031888646020647726, -0.024610122649149777, 0.06506437670096349, 0.05540419743867739, -0.008735708259912212, 0.0128609588637994, 0.0009050271664207239, 0.06783392036908407, -0.027037236302438882, -0.03194778451682429, -0.010688214627391928, 0.037677280736765247, -0.00036033566759224227, -0.03333410999829392, 0.004931875441161827, 0.0008214419183704831, -0.0017990418597093143, -0.061498439933546416, 0.03358176276947667, -0.03397751107826255, 0.024659511712553928, 0.0192495816734905, -0.009336544162143613, -0.055266819572504504, -0.048886010419116034, -0.03909286993148736, -0.024668405058769206, -0.06487534648003337, -0.07796385722485413, -0.002549399939803456, 0.012508730851077546, 0.025882889482541967, 0.015699072382422723, -0.0021480087607988396, -0.017231711961137968, 0.02988472763335926, 0.014522704124541538, 0.03471352697715623, -0.006733746727095654, 0.032555967693561075, -0.030726690898716283, -0.056531832735625134, -0.09848473952129636, 0.004533690737125513, -0.009699859021690373, -0.06760903667396623, -0.0041165860126963485, -0.038638204170658275, 0.09077198587940348, -0.020255364179905293, 0.007786288861494431, -0.02149537178373867, -0.0024608886462980347, -0.07274302489897824, -0.008765257226481592, -0.013152677236178783, 0.031935276212577544, 0.010052140020708283, -0.021181942662225478, -0.0028479438012165314, 0.004215347841393422, 0.03999099021983538, -0.038719874609324745, 0.03540650152760612, 0.04303971762430401, 0.008160429049298945, -0.0733309338144942, -0.016402036633099425, -0.02766591678843383, 0.019698258701258412, 0.006137564496275476, 0.13008572904824411, -0.033125240878238975, -0.02494441221425445, 0.018336717348188866, 0.033637616291068644, 0.07650906397270109, -0.010347635830368806, -0.00879916647637369, -0.03232543963748306, 0.030812185109872, 0.05989303221527565, -0.041424001289992296, -0.05058517037778613, 0.015836352333807282, -0.04277474551877947, 0.04430414158859298, -0.00620181359857238, 0.0030212791416688997], [-0.019051726803890664, 0.012486578663756562, -0.0020194633692495073, -0.022486386446949145, 0.0054745403900761025, 0.00608366246235737, 0.004730334707932999, 0.00048653681002720886, 0.04155471110425832, -0.0050926034030077385, 0.004416741658817372, 0.004330172978687381, 0.014740727506532773, 0.004763756823507575, 0.0067622745268947695, 0.0010374349144996453, 0.0015150935952264286, 0.002053222879836112, 0.001354403560165815, -0.0017643633814798914, -0.0005880900859826814, 0.003464958272345103, -0.0003041495090514794, -0.002831497881661257, -0.0034515152415830917, 0.002067439088526878, -0.00023244467697883765, 0.0021892542054491927, 0.0022871821098833754, -0.0006109029560256565, 0.002156577564616407, -0.006768854982658549, 0.008766813323885207, 7.390128430536504e-05, 0.010623642013397824, -0.007087493240549159, -0.014224007669023923, 0.008710905743780029, -0.07292370766661736, 0.016184027859643912, -0.005354732684186668, -9.814956144022272e-05, -0.013102993555659486, -0.0031632948605008556, -0.02204340994285539, -0.005293376347591463, 0.00968826308486161, -0.003941236979803742, -0.00019184073846130478, -0.0005105730793950295, -0.003651655092759309, 0.004857656583470357, -0.014505128134778455, -0.07248899818859363, -0.0036152425717094, -0.0017845925686815025, -0.0015659444961454282, -0.000872857394937351, 0.0013273935060821899, -0.010458958317989684, -0.014739673052672498, -0.0007854045255906699, -0.009513679305590045, -0.00023008898196612756, -0.012890282349397307, -0.008560790988423819, 0.0003603630727342092, 0.0024835491139709393, -0.07370987353948061, 0.021378321522733935, -0.002192950358408239, -0.00010386797009859664, -0.0009129918777373307, 0.006627430746475512, 0.00866507721619655, 0.0025519712479533884, -0.006879833091321612, -0.007467213486962348, 0.010933440979015665, 0.02739070405141405, 0.0053064897910986356, -0.014065658732801902, 0.019893376038358213, -0.07199084705177224, 0.003498855409232952, -0.007746164824371458, -0.0019268385271933727, 0.009736821241858382, -0.0002807576032889757, 0.011667912356289115, -0.023781874997888926, 0.010274038758482915, -0.0005358097264466613, -0.010805765744339422, 3.824047215048481e-05, -0.003140849332212309, -0.008432409883403082, 0.00452677330515754, -0.0718480043976799, 0.0030863841824841274, 0.0092207120550115, 0.0015884897502753763, -0.003041676597514904, 0.00642064903671243, 0.02318835180144703, -0.011250600550013885, 0.008473318652525265, -0.010420984567159227, 0.0011611444779158185, 0.010390287754988918, 0.013350399144707165, -0.005166695415921079, 0.009707257663059188, -0.07368436039651236, -0.007565109923707391, 0.00553521554724995, 0.0061211958925992335, 0.0038964416473782687, -0.004340597648122742, -0.002911392079744324, -0.000656474799288008, 8.660426620406191e-05], [-0.010668452560954543, 0.017446796411051454, -0.07715023965646534, 0.0373109088857053, -0.0571984250035591, -0.18158559439993302, 0.10923427308925338, 0.013632620605423891, -0.0050926034030077385, 0.6287479198912143, -0.038752694041787196, 0.01157712081735579, -0.05907571512460247, 0.027954534560572026, 0.001594462730622, -0.005272835053650636, -0.001438000320440821, -0.006125707379665051, -0.00833445679979631, -0.002998640680505473, 0.017844766979514322, 0.020607013946904687, -0.003121289084442622, -0.014571930659892502, 0.0886834747890332, -0.002037975979724409, -0.006203429443368643, 0.025988873549814228, -0.002825397983919421, -0.005473630571401019, -0.006850227093036307, -0.03905659080361342, 0.006493641742123183, -0.022753934914142633, -0.031881386870839294, -0.0583621806218637, -0.02496079771840643, 0.08340161147964412, 0.036255340315095114, -0.13776289747762613, 0.01231652898051635, 0.02879194742790778, -0.024748780779156026, -0.02970002166412991, 0.005146806454275657, 0.017180544155494734, 0.022634859901571863, 0.02936656957975121, 0.010039262318370327, -0.03851850654859153, -0.039855022088598605, -0.017267477432329936, 0.0067271184735283535, 0.006714264014572273, -0.06150515601724884, -0.010583897362370942, -0.0014033865711731049, 0.0036683634565442378, -0.023818872404573716, -0.02058611965239867, 0.019660024661732493, 0.03344530499415411, -0.02902366692681994, -0.006503350209158984, 0.02591595350687176, -0.057204828070137534, -0.013418510865877715, -0.024375815204319935, 0.04771466548628291, -0.12368311598402744, -0.04186363213462392, -0.005863669692560366, 0.007780023093885883, -0.03706511645802243, -0.0380566280613527, -0.0036834316894189603, -0.06920213910489018, 0.010191953200206761, 0.02168596160434096, -0.030102057961299, -0.010149414813870725, 0.042654529184653595, -0.01167149212193081, 0.014000966134468643, -0.08575832778627135, -0.008290377251611742, 0.008593658707732972, -0.02925977388736232, 0.002346360475374169, 0.007620906332945863, -0.03373907449993244, 0.012401475370712121, 0.01716979453506541, -0.028955370293927297, -0.01455822244185416, -0.007314436124080605, 0.07686587877844837, -0.029786648737282713, 0.027446037569063744, -0.061464332528172745, -0.027779114793624066, 0.004497732211406051, 0.014390254213295456, -0.03605881227827795, 0.025438233038043465, 0.0018189098531166085, -0.021131570923251103, 0.0207070870440659, -0.04978516429404563, 0.014161070188386965, -0.06744394308074068, -0.004981456471871025, -0.1134079568545481, 0.04313504079758849, -0.13956180494850637, -0.06284101789061369, -0.04354698958410334, -0.06315254173385094, 0.01298317582127718, 0.015445813542150758, -0.0035789110017877116, 0.006820316577844004], [-0.057873156910741366, 0.035317754332746754, -0.005676151717837701, -0.04218932732218236, 0.007482376411823539, 0.07991892226217877, -0.019332051705406982, 0.012394697793016683, 0.004416741658817372, -0.038752694041787196, 0.107895756192624, 0.01311297456222514, 0.010598690889270162, -0.0043333726590875175, -0.004485142637741584, -0.004501364346767889, -0.0026043826200355235, 0.0053436848036321795, 0.005570431851566437, -0.002303111657589224, -0.006078838223325204, -0.005830305446563684, 0.0056637996301863, -0.0009653519007063967, -0.0014818017217378904, -0.006002726828823576, -0.002498385570267604, -0.010489419241827176, 0.0009545160295331592, 0.016019644483552434, -0.006041451642196745, -0.01576815150931012, -0.01213246972823795, -0.008494869933432174, 0.03238413356172115, 0.036778178702881054, 0.005455385274528295, 0.0001060328337087308, -0.008708028532323225, 0.01945413550815696, -0.08404183539111268, 0.00016477816415202902, 0.0032739383148919486, 0.0067673403396949165, 0.010250840583556868, 0.01090700426504833, -0.008801951284510046, -0.02689341116661064, -0.005772018582806835, 0.008340069614288063, 0.010707614854701111, -0.0037238883810708696, 0.007161894760612266, 0.00570673744669872, 0.0013144171939357442, -0.10430002443358884, -0.013182155562918841, 0.015001782248199771, 0.004983347003737611, 0.004217409276561717, -0.010569154244315775, -0.02519942553141674, 0.015839857727585463, -0.0017771366967480255, 0.0014179329209456583, -0.0052563333946401575, -0.01882487422053007, 0.01957686418978877, -0.009387737861593774, -0.023660807888992875, -0.09502491419285361, -0.0002747051254094827, 0.010967204106758669, -0.007588452030955085, 0.00696651841871319, -0.007358705616337165, 0.017914067590625197, -0.03855002890933491, -0.004960738278727677, 0.020208502894812803, -0.0019677861122706, 0.022319487871566644, 0.002346150703602617, 0.0020118908622617925, 0.0009885819388577373, -0.09126772429876552, 0.0003825732319779791, 0.002151541089993441, 0.0023867328648415034, -0.03107220918662363, -0.0035634110158707507, -0.004977246116085773, 0.012241910826675483, -0.010337947994950782, 0.012292532863139149, 0.016009891183618324, -0.03482496121179589, -0.020316469736962987, 0.0057306359385669355, -0.008043536296348538, -0.08386630364364071, 0.0045009856000714854, -0.007860684306545246, 0.010068051807158314, 0.00908888743625744, -0.001168294343107977, -0.003331542006593981, 0.010466163868811945, 0.0038276489782474265, -0.006554350754627752, 0.014711653779323817, 0.030250134694297503, 0.0008419873814563215, -0.008747291879912945, 0.0022220957333313, -0.07547427130836487, 0.005862645883031135, 0.052118587013487844, -0.016121708243917822, 0.004444742649329914, -0.0008082469156957687, -0.0012526556199081629], [-0.03655786223948874, 0.006542043295281721, -0.06495020729752739, 0.05294116581844623, -0.06955949924442859, -0.011181880040695634, -0.020630970319923444, 0.06108960372942445, 0.004330172978687381, 0.01157712081735579, 0.01311297456222514, 0.2059418159485714, 0.01989259287760106, -0.06427426351899915, -0.09654319129927774, -0.005118690790214321, 0.0006831581557221775, -0.002627308399305004, -0.0056078092634131126, 0.0030426860995700013, -0.013069137440307663, -0.017291975719829905, 0.005103726167214951, -0.001890722536388855, -0.02110671584242757, 0.0047619183995746515, 0.016499521247608635, 0.011536569505668498, -0.0025567473250336227, 0.009476966355279082, 0.015167803108383433, -0.026591032868452814, 0.004588209644528709, 0.0031564497608911673, -0.006017572175311015, 0.02259992260122455, 0.014640447288214191, -0.019718262481842046, -0.009381829161086784, 0.04208621621609324, -3.147688494005404e-07, -0.1434433072026233, -0.009658586770813254, 0.008989931567876057, 0.02738601532724846, 0.03648055662250989, -0.012866880475793175, 0.007435013511250025, 0.012177020316634249, 0.012918489856203641, -0.011811371701450976, 0.00876144241023354, 0.020816087780511992, 0.0012353809020951892, 0.04315661013586223, -0.02186661668387677, -0.14426399628792033, 0.01862610912718698, 0.008098812508348065, -0.03242253878937524, -0.03772778440276929, -5.393598074448974e-05, 0.016136060704299862, 0.0076313110841373126, 0.03445427375456579, 0.009804504084465624, -0.042730910045150526, 0.01912637406289639, 0.007492016362659766, -0.04137853216183414, -0.014233781136295127, -0.12090558838885586, 0.05539401032279459, -0.0018079957943113512, -0.030191058082900075, -0.007518166245904684, -0.0196089330379158, -0.0006502238505293194, -0.006920007408616511, 0.05441209519929718, 0.014549291369647065, 0.013898650731093552, -0.00973448846671357, -0.003573891002605105, 0.003279966570381136, -0.034143248211952366, -0.12327016905483704, 0.008848085080588089, 0.043420383042618284, 0.010521385604215013, -0.027232353023981967, -0.005726928723296107, 0.020785827692028584, -0.00179827709591491, 0.039107655295235, -0.011354836064030578, -0.014502544228146544, -0.004870447025385215, -0.007185550254947625, 0.015273577132898637, -0.005893315010389513, -0.14494568363202903, 0.0480794577814757, -0.026266218115529035, -0.045146814803883675, -0.0233943606406092, -0.02104862335584537, 0.03425313009187798, -0.010183664112993394, -0.00940412037384979, 0.00713622014684043, 0.018840272671128373, -0.006372287699131538, -0.008086260252645241, 0.031075719941169238, 0.005604780311852488, -0.14109369789643567, 0.016474170823631656, -0.033589183320794115, 0.01760942037596063, -0.006986556348844158, 0.004148984761708393], [-0.0363620429785015, 0.09349894708318444, -0.04678831942037345, 0.03983820899827619, 0.038288680062899816, -0.026270253843344284, -0.05530904200571094, -0.08628698731833687, 0.014740727506532773, -0.05907571512460247, 0.010598690889270162, 0.01989259287760106, 0.7575896006138418, -0.004877114822369021, 0.10741303708245203, 0.0046098981982837794, 0.014346287534874888, 0.00905363447632254, -0.016960490176512046, 0.0021528172026979158, -0.025880569864515816, 0.023092286909702234, 0.033457157184325764, -0.005748415244804218, -0.0014533818129846305, 0.006061677036916627, -0.010110821269796382, 0.03735220770149546, 0.0005212356401158447, -0.002529819758988998, -0.04009836795694155, -0.04336448198167471, 0.0009372094297349007, -0.021342875342288098, -0.0013895131387994504, -0.03500886158251719, -0.09259486798518583, -0.0017658381946970634, -0.0078124444480849615, 0.018752011260901376, -0.02551577273075871, 0.022570671703215278, -0.06978974443671146, 0.01816485733895177, -0.051314323289899225, 0.0026366493751889754, 0.0339279628449611, -0.04158952394949775, 0.009102082456315478, 0.020509363674815435, -0.013391698333842997, -0.021097306760380127, -0.013408897263502606, -0.01151719851151569, -0.06386381510545767, -0.05575594323960565, 0.006554108650477077, 0.03733947618026485, 0.02757678339363018, 0.035244918210383516, -0.013692207589767086, 0.03422630298170786, -0.0030643181217112504, -0.04546147901363725, 0.004060538572970136, 0.007237357452485456, -0.030218490442365686, 0.02535156881236833, -0.01103389069265677, -0.04934738955531072, -0.02834540028454789, -0.015900188827446343, 0.000863093724242492, -0.003427662221500394, 0.06299063033959873, -0.015215969283752673, 0.053125986791030984, -0.027984044914834992, -0.03462486293997735, 0.06968854085527598, 0.028605673207067087, 0.0268294136919568, 0.055690030475557165, -0.006602227023611942, 0.02324770052697039, 0.03625928276929555, 0.006527475108796408, -0.06536069763061729, 0.006276188112760567, -0.016771566175698773, -0.028539549640016287, 0.07498096673107296, -0.04645937622892673, 0.020586883210903694, -0.05530439191091303, -0.014875731610797431, -0.03322264719101987, 0.028363394536213095, 0.004492144224003746, -0.01674577901097967, -0.02624459829671184, 0.041431073948349446, 0.05171802449065307, 0.0007386195054131774, 0.07034093651369032, 0.011553298318877747, -0.013437757640682297, -0.03978851021014449, 0.022204501064542127, 0.054865809503607886, 0.02226319734619625, 0.03501486000956497, -0.05203238078640383, -0.0013229865496423704, 0.04014772472501138, -0.01275625506979938, 0.011798555565066128, 0.009109037420637931, 0.0165626611000896, 0.03192042523540455, 0.00032372864572587876, 0.007260085018695854], [0.0008281953278656936, 0.009819560503297329, 0.03165428264984996, -0.08248994527475344, 0.019662335858583305, 0.005132449383785654, 0.025824578454227826, -0.018059321886516905, 0.004763756823507575, 0.027954534560572026, -0.0043333726590875175, -0.06427426351899915, -0.004877114822369021, 0.10624219977007178, 0.14198713536890045, 0.004286544243228944, -0.0022378320391008353, 0.009832264859247347, 0.0011323038125802911, -0.009155632630152231, 0.0047210565803496515, 0.004065733028885079, -0.0015278009456842522, -6.497283983216189e-05, -0.00870822103474774, -0.0030511567468033966, -0.0051713282243758575, -0.01084102623253239, 0.003837512497105051, -0.004935873352354772, -0.007395986874521754, -0.004171940496299388, 0.002461850729379071, -0.0020514516640309077, 0.015677036166081553, 0.0021002462392119394, 0.00239849474585511, 0.009076724495586575, 0.0053610147626901705, -0.022322377158305016, 0.0015662320740664447, 0.011678813389503053, 0.01800168601883967, -0.025188626017801183, -0.026933133601506214, -0.03541052491874698, 0.022877104482059273, 0.01018043908746049, -0.019091824925235264, 0.01412606397093247, -0.000977533033718578, 2.555568582262245e-05, -0.0316526318232018, -0.006826399083326088, -0.021174432028238818, 0.02998127251636022, 0.00750510454527209, -0.02270010229808392, -0.025908909449139282, 0.018525061310042563, 0.015708586390981338, 0.010755022675099275, 0.018051605226277807, -0.021069478510418523, 0.0036163038563875928, -0.002239594455450475, 0.026173771991391946, -0.008627909511606741, -0.01950904332855962, 0.006195952491437486, 0.011056612791789237, -0.016851438274783005, -0.035880355116139254, -0.02602360427724836, 0.06945544883938355, 0.004659576270180803, -0.0047653075878869395, -0.009566551620040624, 0.004984410845287629, -0.0005527369754146677, -0.012922049729058437, -0.01573202098584607, 0.010768971716012892, -0.0017451972168522694, 0.0018244056649342755, -0.003152734587644914, 0.0018323160316344785, 0.007053073759177435, -0.05886324159606702, 0.006693102664724161, 0.009154265939892405, 0.02833541467006185, 0.0057238667812772315, -0.01797142080459642, 0.011127572208448615, 0.008687865702212043, -0.00837256571276633, 0.009662975537216126, 0.0011412233486699829, 0.012942550590600609, 0.007367375793323614, -0.01346691734402593, -0.023037035004934484, -0.029685566092875152, 0.029865489668290512, -0.019761836376056465, 0.015596000956748821, -0.0347026908798104, -0.023069531029122146, 0.006260114010890573, -0.006139541915330871, 0.01602411457267029, -0.0012879806993812636, 0.006174664957047948, 0.001336029562473028, 0.005798358479722548, 0.013195533620798658, 0.0009602400644925711, -0.011011979916136855, -0.025545591299535198, 0.004445649590592879, -0.0007203810219094704], [0.003998581265801027, 0.01862307583086052, 0.04250927316985667, -0.12474608748765233, 0.06662274819961447, 0.002850077044313928, 0.012930821938392737, -0.029285576304923202, 0.0067622745268947695, 0.001594462730622, -0.004485142637741584, -0.09654319129927774, 0.10741303708245203, 0.14198713536890045, 0.24838574532096205, 0.004453577956536828, 0.00019440295513198968, 0.012534481150424558, 0.002374188871405018, -0.011077053453377813, 0.0032039075484587088, 0.004890162559006987, 0.004390068911082872, 0.0019415508144492732, -0.009581358603974782, -0.004391840649407445, -0.006903730427224691, -0.01720414601933309, 0.0019552880616996006, -0.007617037765227259, -0.019996655091888076, -0.0029374517368763713, 0.000823721162667908, -0.017795077226950253, 0.014523445655840753, -0.007410346524852012, -0.005171176103127197, 0.02091804929431327, 0.003732488678293469, -0.024900416765436455, -0.007015871438891473, 0.008994505295560774, 0.026223072533359697, 0.023266207919464578, -0.06769622360841542, -0.03948942634483395, 0.017408530072725276, 0.013497519345882322, -0.03211174065196787, 0.03155648709434682, 0.010981747419374634, -0.007927208919656573, -0.06076672567585216, -0.018054439016756848, -0.03768078362276339, 0.03379293719861293, 7.645345400618655e-05, -0.017121977619939617, 0.016017070344177695, 0.005234893392031481, 0.025348506274658917, 0.015187068151196225, 0.025622992528304446, -0.0445277911479542, -0.00022138773803036675, 0.006896564731309073, 0.03292580238310693, -0.010059881787711802, -0.03372299718167718, 0.0034511982078042984, 0.011947945854771805, -0.031439716249079985, -0.03289224679299967, 0.019923456435736724, 0.09125992451341527, -0.0020935129981971504, 0.00358443601827488, -0.026070942056904568, -0.00968552934075335, 0.012276972388212983, -0.01673050620467459, -0.03617885165509142, 0.03497085019206486, -0.002535709260719927, 0.012176984010000457, -0.0033178543691935914, 0.0033317322369557133, 0.01803813706377592, -0.026300991666250332, -0.0