{"inv_metric": [[0.9895023412651308, 0.008365672867425778, -0.04010430029490762, 0.08781805013943757, -0.06374544536538694, -0.05370747465102186, -0.05980846767023461, 0.019214000591258648, 0.025070862969431857, -0.0028101234991882097, 0.05000225107254064, -0.005897466520999483, -0.008511267340162998, 0.06927704578613464, -0.04187784719325913, 0.005865415807044017, -0.002555895559651957, 0.005709956991233673, -0.011517287078942971, 0.01621871799198308, -0.01365559649880352, 0.0011507441636149011, 0.006664275583186934, 0.0017614565638316207, -0.0026733219340516197, 0.009328592202397904, 0.003589889692023234, 0.0015481770131353506, 0.00962983535345886, 0.005141331390282454, 0.08139108966028186, 0.0009216554089632834, -0.1102595895609539, 0.07593369895040235, 0.14301442271858425, -0.029130944815707552, -0.08250660235860408, 0.04938150925422089, -0.040888608867012594, 0.06125859079539034, 0.07823264526115273, -0.013013066729221201, 0.04579923768768418, -0.07194224704332743, 0.14051024324389993, -0.05206341665802141, -0.011397546047682283, -0.07005925325317972, 0.018956532298621792, 0.15215395510269392, -0.026574443679152824, 0.027116650466551158, 0.01325587139865017, -0.11560117172667653, 0.042382714786006304, -0.07633045418303495, -0.06739086815018719, -0.0795429430597253, 0.07913202804180884, 0.044856487615562796, 0.017702608532647386, 0.07260070565814941, -0.056338082618377444, -0.0386653877943881, 0.00498540713265942, -0.012797374662592337, 0.0368188064130853, -0.007421021284215877, -0.0031456705095548147, 0.05045622590108027, -0.0198032212532051, -0.06070926163480774, 0.07330168673941671, -0.01705458280698892, -0.03764130183537737, -0.007927475728560639, -0.026083328081976158, 0.06559057382649945, -0.018190955017509634, 0.09769268120409134, 0.02166464241204906, -0.04456583102684235, -0.02488288297565369, 0.02881129351262441, -0.10770773920303504, -0.07908986295282024, 0.06105233260130612, -0.06337489887678335, -0.023554340962007127, -0.027230318902001487, -0.011889112619694895, -0.059063878147857796, 0.024820604379196042, 0.04835358051265571, 0.15927091060394752, 0.015988471363384892, 0.02067210213161773, -0.19644444906681485, 0.05345234252267523, -0.008352801766177528, 0.0007194653807357661, 0.05237736960234843, 0.08919764158436276, 0.10280658208180245, -0.11128726918805261, -0.02572319355812824, 0.005246392156613345, -0.09427337700052786, 0.051654973351242583, -0.026015748796512892, 0.02128642781154673, -0.07509170621005927, -0.007160309144245404, -0.025601053162766948, 0.057837220461290945, 0.08609723501660414, -0.010449041700159067, -0.09501767415349094, -0.03771652754824851, -0.028538178852787314, 0.003970826204696231, 0.028627325586700104], [0.008365672867425778, 0.696961132843525, -0.17316446221109452, -0.23373637938363417, 0.02953220018804043, -0.0511768566728328, -0.061047710561812706, -0.04705845686811769, 0.01732610863759072, -0.036393834402569256, 0.04650090116813263, -0.0080116677445079, 0.03608540674612041, 0.08461923773726364, -0.03658487268480038, 0.004349492611144171, -0.005776370402797973, 0.007432947287115169, -0.004449172331765607, 0.02061638916095401, -0.0043006181708279976, 0.0030140313912449535, -0.007744620247402382, -0.0027718099707952455, 0.009858408662743519, -0.007058798699081789, -0.011048607433526083, 0.007102691044861331, 0.00942195425846858, -0.006510070439381698, 0.01909471125428277, 0.07583758329122552, -0.0810263560716068, 0.010987185795036582, 0.05685491028773642, 0.04578897340619292, -0.055281973810166286, 0.06473000145060073, 0.056117513328111185, 0.021903353934267702, -0.057600212921158876, 0.05774111215817591, 0.013238476514907187, -0.03969586062860672, 0.03414469062783473, -0.008050613473066794, -0.04383643693642408, 0.033232788241484526, 0.03621968656734649, 0.015788980021130647, 0.007811978145137495, 0.0628453516613846, 0.048234833277901464, -0.009225758213519763, 0.14053539620861435, 0.06160588097623131, -0.04807187799341669, 0.03723642788839954, -0.04253563050561739, -0.013205432025465768, -0.014860043477647952, 0.011820040404915032, -0.04032209967287662, 0.061642412330711084, -0.044466901197907915, -0.0466852307165482, -0.00894475515723016, -0.04141159584131751, -0.07875555915377794, -0.15836441892356612, -0.09897907239468032, 0.03360307482532355, -0.012745005133312939, -0.05997463806578231, 0.009780041396943079, 0.05392039382483085, 0.027011383682893075, -0.04442290330282142, 0.04318005222748901, 0.03904119946701574, 0.08289545102091732, -0.06067376687977253, 0.03469155533687407, 0.09536244719302217, -0.009498750307748847, 0.05104814091840166, -0.04534018721680122, -0.03932173941987758, 0.06890025532006648, -0.0595843703033809, 0.061647791271986406, 0.06364802864411306, -0.035711086393216206, 0.0023832396376926874, 0.10780279775859998, 0.03041416839330491, 0.04281999908523005, 0.08869615624637055, 0.06193079259497061, -0.05819572141183429, 0.00215230237698149, -0.08636809956687486, 0.08259909743011098, -0.035142545938443306, -0.05303843081185154, 0.03214132000369498, 0.10149456454544119, -0.07879005889432077, 0.026490115510601663, 0.04548610165498499, -0.022941236556652495, -0.06259246244100919, -0.007525490488765884, -0.0363883241059852, 0.05627011146148917, -0.023428686904187115, -0.07893319550150658, 0.039434597168139546, 0.05131637476529231, 0.07094162751653127, 0.02099629727838548, -0.04246342707779139], [-0.04010430029490762, -0.17316446221109452, 0.6457722273898228, -0.28563850409375524, 0.025169957794517406, 0.07419031940160424, 0.005246408239560825, 0.06753692787623299, -0.0018933333932773745, 0.040742409874225, -0.03615139921191091, -0.0014286230537255882, -0.019914367838221474, -0.038383280421222576, 0.017203837762435933, 0.003319842390486319, 0.009955552749756564, -0.00342138424544395, 0.008114941495825532, -0.0033953414039524336, -0.0013305373677921636, -0.0006075969203949461, -0.009522424344754268, 0.007690574138382739, -0.012954152280090276, -0.012863428725821822, 0.0028278429582612404, -0.001512576497253836, 0.007118503611342856, -0.006894074187588138, -0.006574300641417645, -0.03657216833765999, 0.11011430734690332, -0.057433195243033225, -0.008598487876088096, -0.04600021471660949, -0.004119146983545145, -0.0966846095675571, -0.007218022815635357, -0.06768690755879322, -0.04963578849010681, -0.012270728729544515, -0.07478551086238898, 0.028740336801978808, -0.04417997350850565, 0.044783188115640186, 0.03315012696201322, -0.02054647605981422, -0.016846190328825235, 0.07438479090905145, 0.0022477854160630035, -0.03321089101319816, -0.018965047627063962, 0.040601012180224307, -0.012023543385828955, -0.06418589545190033, -0.032663701208112406, 0.07534282959554454, 0.03841072292955804, -0.04899462057651305, -0.0031271406427109366, -0.035988581991356516, 0.02734547347018146, -0.0057977478951636826, 0.08659621773530247, 0.014339455528400599, 0.07839575028233264, -0.03188316590773065, 0.1062606589358164, 0.11326794215612809, 0.025198326547079493, -0.06337525911068286, 0.07334223206806224, -0.011189402841377797, 0.07934221517610265, -0.031627308078744955, 0.003824772643580194, 0.024731009164326054, -0.01642245686128407, -0.0006762818022693984, -0.10295264848534945, -0.07040089064915311, -0.03290431172496952, -0.0366247346142801, -0.012783296215682968, -0.014330016717987431, -0.07760920823918634, 0.03464590073334807, -0.010442076959530188, -0.031087122561974493, -0.09004020299855062, -0.044318928811610446, 0.00952528851100113, 0.029731309214939067, 0.016533771534535564, -0.029604855957105044, -0.005097461057109094, -0.004745224910497737, -0.04218702135973646, 0.044581341984469995, -0.047222911506967426, 0.02623015691332399, -0.06926013886297783, -0.020435298086142317, 0.021651223110941677, -0.030476334438094405, -0.049704034111649295, -0.0363973269494998, 0.048767744977434004, -0.14095537241394152, 0.01529748022573365, 0.005819802973248387, 0.0541662451885561, -0.06062594772517001, 0.03230302496530167, 0.022746572379058, 0.05056667509299255, -0.013030008381020837, -0.06794966345163118, 0.006366571415217118, -0.019191739790417134, -0.014690627969195395], [0.08781805013943757, -0.23373637938363417, -0.28563850409375524, 0.7669525798930154, -0.01572658354939942, -0.03527330614043976, 0.028669335975870597, -0.027945403428555744, -0.026199748728638193, 0.0051716124510947, -0.00841024721542188, 0.04460727474488752, 0.03589809245291512, -0.017004271301225435, 0.014346178749400902, -0.0016157924433665674, -0.003301482213849898, -0.003206653143772819, -0.003951416835789734, -0.004370336611015655, 2.8515740905016677e-05, -0.005804349515703883, 0.016869947411678198, 0.0013629727095670467, -0.006827603360860791, -0.0065848026802729385, 0.004552397784051429, 0.0040858615885944315, -0.015263912246088107, 0.005383147784152515, -0.028070063430407275, -0.03166356480289009, -0.020934146294762864, 0.07783651707493876, -0.029000398101745966, -0.05731454402810725, 0.04940034556384588, 0.042102309019043785, -0.0609800763916757, 0.038754337853867636, 0.09010572117489768, -0.021566068819189935, 0.032644602063208066, -0.033130721408231506, 0.026804127601814276, -0.023333512604533948, 0.05239429363660162, 0.016647834338214738, -0.05909412447566275, -0.09227339923327467, -0.050029911598790944, -0.024501696960269066, -0.010535133803212927, -0.04239845218965209, -0.08370018177161734, 0.06085136483870793, 0.030881250927337785, -0.09090865645245202, -0.000524778566057822, 0.055772941175973166, 0.05444054677233285, 0.047242397672566244, -0.00973314401216422, -0.043187553531979325, -0.0585572921974373, 0.011795709215340204, -0.08144173967985584, 0.06344515840780249, -0.05112151517947998, 0.03263694545787382, 0.010930090458303792, -0.014976038529363018, -0.04092653439288485, 0.029781084554416356, -0.06879451657292582, -0.014625158086327491, -0.007348316342043084, 0.04127873953018984, 0.0064632174402206415, -0.012984283061814452, 0.043925784950827246, 0.07024696809280694, -0.06380960916033708, -0.024797991719587603, -0.03617726344616019, -0.05051117144050141, 0.10652276895470275, -0.037592118761230156, -0.035593979109285245, 0.10285595052415464, 0.08405873448512516, -0.03470856135271764, 0.03776126441068004, 0.0011208915024007496, -0.14342655422643388, 0.030097235207580838, -0.010636394257485268, -0.07482176211540625, -0.008749561968493616, 0.010459370197494898, 0.006439187587097621, 0.03883784284696652, -0.03363765134774515, 0.03134923123275954, 0.034942164507848615, 0.03804866402614932, -0.014894001521274297, 0.07261466746044527, -0.05510293224290421, 0.10531995789620495, -0.007296972322500365, 0.01180934345702403, -0.052056593150547344, 0.12377322719844695, -0.04562918735488107, 0.003399333111110027, 0.02151179560544234, -0.017311471324655547, -0.051968617746542704, -0.11029706601809865, -0.03019381343099758, 0.028847520777935048], [-0.06374544536538694, 0.02953220018804043, 0.025169957794517406, -0.01572658354939942, 1.1854639038576857, 0.037776299093115195, -0.11460381564948677, -0.05759502597665299, 0.03582575630673897, 0.0040274000088730815, -0.01604725660621371, 0.13642117881811314, 0.05191450804245303, -0.0611269207423531, -0.10786904268489272, -0.004509794512577732, 0.0008720465968983365, -0.00022288336720560197, 0.008688247268606687, 0.008211080324262024, -0.00722715133800559, 0.013107736823241121, -0.0021029810186332003, -0.01694335654305616, -0.01199643065093234, 0.0019960754166502385, 0.0041190218575769605, -0.00494610901213877, -0.0009227578829654268, -0.011733313718352558, -0.04825773888906146, 0.06262917673078758, -0.013676643259353373, -0.060113755158409984, 0.008732236958507132, 0.002849384667289657, 0.08042679525918162, -0.11419886570437407, 0.14079501576054754, -0.02619863159182065, 0.02012071866726076, 0.021298126624077773, -0.1537478842168954, -0.08253536924044327, 0.06240224927008308, -0.09823585259821131, -0.03267871878344956, 0.02292480320633265, -0.019015946583710627, 0.091931432745198, -0.008263268020516246, -0.05601047990347236, 0.09167780639580964, -0.005478934407557114, 0.040880975718293355, -0.03789717716396989, 0.044183985594262475, 0.018642891606649243, -0.038088507926669894, -0.13798719775753168, -0.05932242999696057, 0.03207619634965439, -0.056008368936218654, -0.02333229013628185, -0.14951823947047402, -0.05038047892572354, -0.040348805865489314, -0.04291197766560417, 0.04517616698551354, 0.05003766037047458, -0.056741509352692975, -0.02127193960765829, -0.021376547936440834, -0.09905461877861978, 0.12865834854478886, 0.06004859767801854, -0.029583503320714126, 0.07930146267772852, -0.03881246607699419, 0.1283102885436339, 0.008112312321400014, 0.020194711885767866, 0.04976114701196687, -0.0969106476109009, 0.15484490338120382, -0.06870965196906904, 0.02547114861869654, -0.02715701415929215, 0.07406989932693951, -0.0802205790049667, -0.026021291455450294, 0.021463238613584644, 0.02157857254580417, -0.014200447697075054, 0.20047989216476333, 0.04590028411969292, 0.04626733095642814, 0.10802897754303142, 0.05008040482741312, 0.03446427619970733, -0.0609121655682656, 0.16450043226780225, -0.030558661882788052, -0.0598116790764375, -0.00039823570797044365, -0.08609030215136095, 0.06629631363711186, 0.029957703875958024, -0.15537331333649765, -0.02584022960342867, -0.01694209813726373, -0.048347622428725416, -0.036794676061651516, 0.08176175894593525, 0.015334178381525496, -0.03227740190013278, -0.11635566773440506, 0.041647706223438205, -0.016588723795178485, 0.05300927860883776, 0.04211583246312193, 0.015580891346899042], [-0.05370747465102186, -0.0511768566728328, 0.07419031940160424, -0.03527330614043976, 0.037776299093115195, 0.5832109503997941, -0.11725834051005035, 0.04762010220661014, 0.0499420464247837, -0.022439293640672795, -0.07588892358304089, 0.04523256411763282, 0.020301959125555172, -0.014351539256832394, 0.016233648809338218, -0.004649965405851466, 0.012162037862532496, 0.005145289471375212, 0.007023814224144594, -0.013738156238830528, 0.004207303977459266, 0.005687632689137287, -0.0077060380892430905, -0.009349284005879676, -0.0032668954279632383, 0.006925517154388831, 0.007667636927779545, -0.0031060093457932173, -0.0008401525752492622, -0.0032627816192502663, 0.014716996894672497, 0.016755792627108815, 0.014847308989414809, -0.021452768498698184, -0.004948890155578343, 0.04123747898359676, 0.07194059389868844, 0.00774429634922122, 0.013486590958576192, 0.035573579728468495, -0.0426830398789557, 0.010449235177949039, 0.03470327599978827, 0.03487403781240407, -0.030897595403311256, 0.05074897155532763, -0.011238358051424827, -0.01756288449260383, -0.010812545023479324, -0.022431204896599204, 0.03237465194237519, -0.04566923160528381, 0.016655577163453728, -0.04259358188367668, 0.010781025407134624, 0.0015797927908020655, 0.007234519928381333, 0.0021472204167475866, -0.007503289729371511, -0.02236754948571577, 0.026995433713074276, 0.005278633585718036, 0.035155099991399937, 0.01688011111843301, -0.02817859681833065, 0.061657417780866405, 0.07510477682220748, 0.01880681975184803, 0.011540508540089844, -0.021006817657453686, 0.006828535426981031, -0.025157610181546452, 0.016650079384735495, -0.031139004202019066, 0.054172627752929775, -0.04379043684368626, 0.02767825248712455, -0.029871229767550415, 0.04574521370132345, -0.007203381280470071, -0.05052856037738663, 0.028489432599034234, -0.009561316535679652, -0.02611459664743548, 0.040386009476938135, 0.006833141733194491, 0.06055843977991593, 0.08645233835677854, 0.024116757546191987, 0.010860751819000293, 0.019091784234370215, -0.0429267668264495, 0.018236108668488862, 0.04361221090589559, -0.023333755587666018, 0.006785144649827393, -0.021675633866924154, -0.019782703371440766, 0.0008009570862479613, -0.09204537027211841, 0.023565823284272154, -0.0058491940641915595, -0.09476865353001264, -0.02548950524596668, 0.006369408054529787, 0.008422981397106531, -0.022781322620526952, 0.01931917270909978, -0.012774984642825218, -0.005166815354029522, 0.07330840665388004, 0.009371297248637183, 0.023835724877397924, -0.05468701939955522, 0.006266583669944882, -0.02606329129915358, 0.07125459805822289, -0.029786804118984784, 0.005273737122049085, 0.01719200099864924, 0.019665909460590294, -0.03889247250167669], [-0.05980846767023461, -0.061047710561812706, 0.005246408239560825, 0.028669335975870597, -0.11460381564948677, -0.11725834051005035, 0.9987799979214964, -0.08665602764068528, -0.011436870830739711, -0.047603743896376186, 0.12993940027144843, 0.06356497950973926, -0.06430521491760735, 0.057563523637650715, 0.027120699456028838, -0.004081204942861392, -0.005075282625232934, -0.016564917564958842, 0.005849961846550976, -0.006747952491889323, 4.9155196712330106e-05, -0.04080189699000466, -0.01536711061600373, -0.01052911572439978, 0.005400341611117969, -0.011289824752796586, -0.0009148609931298737, -0.004213164828363251, -0.024133619828968417, 0.013813312192210013, -0.017198971514134, -0.012963936551721717, 0.016121112945845305, -0.022843813252456154, 0.025644675332910944, 0.01575075378505349, 0.006867258763389111, -0.0673926118430112, -0.09868707209457354, -0.09480761499734262, -0.09289803673834567, 0.03531936397061448, 0.03675822624297185, 0.017247165616818407, 0.024694536682287677, 0.10907965792307105, 0.04218033260763093, 0.017800109183055524, -0.054970691324409376, -0.05072097364553112, 0.007762748478033212, -0.007239283188967323, -0.028646937458542136, 0.14308089999879162, -0.06032866993501807, -0.00975402519945192, -0.03381235254858015, 0.024960583864094634, -0.057290596779472444, 0.09909144108637005, -0.16112193204675562, -0.008128176929894006, -0.04382320337739495, 0.022944713818643454, 0.09918281932109284, -0.01128469240019266, -0.003951597891616634, 0.05867777802520839, -0.04991593708269291, 0.08843601465086565, -0.06734695302985876, -0.016596456101823687, -0.02875689319265346, -0.08786847023784436, -0.03888742043844116, -0.012648268312433547, -0.03859436549844249, 0.04268314284461531, 0.014683269883727172, 0.05251601630700642, 0.05774062292416682, 0.12504065322844296, 0.08212857043526556, 0.053132927147787355, -0.049318329317225525, 0.07591247404278882, -0.08131621288630562, 0.014120375018022725, 0.05977864581557865, -0.04163587566183762, -0.10973003418793838, 0.03627179916192005, -0.06814539733916122, 0.0235328269057506, -0.042140630223134266, -0.05410616808127787, -0.017628518925113034, 0.06062793408834163, -0.027882292558169406, 0.09701364672880652, -0.013246894923857137, -0.002109484911202606, 0.0020689301398019552, -0.018864464719635737, 0.08192461791306879, 0.031117743475550727, -0.022588482301768992, 0.04538505843090519, -0.08190328774899108, 0.005123342797486083, -0.011459585828400193, 0.1102745292716289, -0.009345387743406779, 0.06673311619741411, -0.04220070124197931, -0.09623532848899609, 0.04646158397979178, -0.027436153423329928, -0.015335891508348198, -0.053791128470973566, 0.017891067883810743, 0.008008038435927104], [0.019214000591258648, -0.04705845686811769, 0.06753692787623299, -0.027945403428555744, -0.05759502597665299, 0.04762010220661014, -0.08665602764068528, 0.9055696090297908, 0.04407920867028157, -0.12353544268997305, -0.026308401974812455, -0.029451047082027754, 0.05516658500992153, 0.0625827838303121, 0.17852206477327526, 0.006773129191994731, -0.0014650967177475755, -0.007427172495604658, -0.006911257908626266, -0.0015320894211030118, 0.01518789983050587, -0.006219883733029403, -0.007781595487838395, -0.0082203475290677, -0.015239454589875665, -0.008222245012244831, -0.003634092572261646, 0.003021200350295721, 0.004076927751453312, 0.0012469253457242648, 0.14280234644971937, -0.015297429001746996, -0.007693520094072862, 0.014074212815854302, -0.02561764060047412, -0.006426408015026749, -0.05099812467714973, -0.07561023301941024, 0.06850548273411013, -0.043901491714805785, 0.01479762810939917, -0.0017459329242271973, -0.026983432499365613, 0.03993181138676093, -0.09837901446032217, 0.1202904405741242, -0.0072960988864252205, 0.03245781166966205, -0.06587418210786454, 0.01850411124716644, 0.027511025828094032, 0.008231804107025176, 0.01643467094154944, 0.07822870927724279, 0.08987187233911893, -0.10375144731170313, 0.0011722270004258946, 0.15092772825685113, 0.09736508582481396, -0.08763907494563589, 0.05223902258283895, 0.010185494697972985, -0.06069254140162565, -0.01603607756720795, 0.05455824372603431, 0.05464500844367204, 0.11383225258161021, 0.0668761370057481, 0.059127835195682536, -0.08439994210740825, -0.0146245064534738, 0.029474638844024802, 0.03896923258463007, -0.009616511495160662, -0.06718970325551045, -0.011265897003684657, -0.012396985195259044, 0.01550192589639204, -0.0722747904616489, -0.014152631268239433, -0.012290189227693439, -0.004084895231216706, 0.07182371517608759, 0.06885815298042233, -0.00964697138185969, 0.04384846061749304, 0.014240499909074314, -0.03852892595032038, 0.01706486406109832, -0.09577960380484642, 0.08589416973501032, -0.023576329220907487, 0.028805600577267044, 0.027887860990789482, -0.09054768303957235, 0.06057300421126072, 0.02672575010634392, 0.005090067001682952, -0.007739614745106922, -0.02889553576715604, -0.07609471225955378, -0.07443446908406832, 0.014945972934109125, 0.027076357481073114, -0.11744335102010114, 0.05209804172304532, 0.021393539736860374, -0.053179561956221755, 0.03567215292097047, -0.08299747168406002, -0.08331176387541822, -0.0015674719727204666, 0.07101373415258141, 0.005581690582640578, -0.07148414330468712, 0.041525311319352914, -0.014146494093626906, 0.033409651592677087, 0.022833767940849337, 0.01516715105528958, -0.056020917595321455, -0.04122569649009926], [0.025070862969431857, 0.01732610863759072, -0.0018933333932773745, -0.026199748728638193, 0.03582575630673897, 0.0499420464247837, -0.011436870830739711, 0.04407920867028157, 0.9251608772422006, 0.02995578536456298, -0.012036103152554522, -0.05775363955940386, -0.0033525509782718664, -0.022383688263700224, 5.6354097230729745e-06, 0.011879974683111484, -0.003894782004758451, -0.005176358392367752, 0.004845189267681315, -0.01824587437624313, -0.009800227907824177, 0.005917388257782668, 0.0074255411274338785, 0.006574297213863728, -0.006085718459368326, -0.0037398423883439015, 0.001958848067281009, -0.0052610881021813855, 0.007204169705388133, -0.004373126748552249, 0.1346161045160902, 0.10720713840049563, -0.037116022228633604, -0.11143154819963813, -0.06971317341656111, 0.013752225386585515, -0.046098789028173305, 0.015045988203013769, 0.0636351714704187, 0.12731081200958821, 0.04935457254830049, -0.03459719398957099, -0.026848098660574374, 0.0074650012097581585, -0.010275614390624545, -0.0531848925423068, -0.028692548346263145, 0.02572438744914666, -0.03194596992196327, 0.07117258602101217, 0.03170864203348914, -0.02655386627608862, -0.036157823890761616, -0.011790675892743595, 0.03721402749271074, -0.07789613338641857, -0.0877477924871979, -0.037448716483113195, 0.05620697352495597, -0.030091576060316157, 0.03512854081692883, 0.09145805783451631, -0.05203751717756266, 0.02704543809892395, 0.0034103069201402688, 0.021459656294319097, -0.00755718832207606, 0.10409620250642938, 0.07755943410341692, 0.03771508751895126, -0.09076471341268914, 0.1314660594123671, -0.037196072163349234, -0.02301379157267309, -0.007292465236125506, 0.003317613679756609, 0.010108392639191534, -0.015051733685015344, 0.008329161411342212, -0.0639499837367916, -0.02294374475219803, 0.13864788024377103, 0.009205698494159857, -0.08859032323222045, -0.041929581920557, -0.01645035670442366, 0.027500002450494238, 0.0021873399719628496, 0.07473108812334918, 0.009334166873917608, 0.057741008266476594, -0.01815782335092116, -0.05222161495245422, 0.03817857475645305, 0.09939812376212559, 0.005524146905589393, -0.12774177267218237, 0.055637255361512324, -0.013807033347104047, -0.003939023293353513, 0.04479194009024902, -0.061014203576700135, -0.015907654439664787, -0.013254197846570774, -0.090599018656215, -0.002872796204479357, -0.02452688627500694, 0.014698342511717888, -0.02393767450509228, -0.03524862518440889, -0.01790171827826686, 0.018054930757716314, -0.02515368149043229, -0.03180556630257605, -0.009111515870371387, 0.008924248720318764, 0.027117595961048322, -0.057291860735202496, -0.01567496443940132, -0.025690344208091076, 0.03214445246197551, 0.01924550983893165], [-0.0028101234991882097, -0.036393834402569256, 0.040742409874225, 0.0051716124510947, 0.0040274000088730815, -0.022439293640672795, -0.047603743896376186, -0.12353544268997305, 0.02995578536456298, 1.1238775920315867, 0.020971777346035725, -0.07054346815210098, 0.057281190308160784, -0.054168297098724116, -0.06638515687945237, 0.01142650116811293, -0.0030574112802798947, 0.012112205661674393, 0.0083669431845068, -0.006964226163422914, -0.0076176512415363235, 0.01417090219446123, -0.006896848444862346, -0.00989512980041129, 0.01140120491168338, -0.013047375685190031, -0.0004055473880205138, -0.0032953955980115843, 0.007106218759989938, 0.004539052878714778, -0.08375827007745719, -0.1155682512150175, -0.020402077411420434, 0.14141444478042606, -0.07691556056126128, -0.04495636283891195, -0.11258923014404036, 0.04985062958378569, -0.016805488368155062, 0.0022924931756869655, 0.08965058306858557, -0.020179887049023595, -0.04279718911992552, -0.07166847470411417, -0.062299015777667194, -0.04159197314023261, 0.10511509051865013, -0.05317563602781488, 0.059756319835464165, 0.09648155873441885, -0.026023810654914128, 0.017977716077929685, -0.012111236618888759, -0.16516478084422148, -0.07597262357016465, 0.012592555993542092, 0.019601550225767726, 0.06013133244396268, 0.05488157784564245, -0.15993997317738953, 0.07046378116437928, 0.025022112440557, 0.041764794835550845, -0.07216206904276719, -0.13926468530767366, 0.023785823930374594, -0.012232047774034808, -0.0424989457498877, -0.07619867136004788, -0.02759123226937763, 0.07577170396888641, -0.06409736126770775, 0.0736882772967835, -0.010927546155592445, 0.018145316576171005, 0.03950859441947314, 0.06160196466760824, -0.012673366438170759, -0.05108704340430104, -0.1121247588260617, -0.0004101820794669488, -0.0002977756616111905, 0.016661244341165744, 0.017504334696448565, 0.0763927241968344, -0.011354274747080548, 0.10617440123772909, -0.005145229354760844, -0.06389773704934334, 0.04571099176208467, -0.010166919565068839, 0.01844660681596958, -0.013666281916525686, -0.020080841054177786, -0.056526478431103075, 0.0050607952579625705, 0.032222333110859876, -0.06747094974779563, 0.0881246916564144, 0.0030921753125927394, -0.018020558012147882, -0.003859393442787535, -0.0741254536219594, 0.048157170637059765, -0.0029722444067804537, 0.08994168067290305, -0.05571018455279206, -0.039274833993979776, 0.13611639915064647, 0.030100198755212124, 0.02412895022465905, 0.07834408852096789, 0.011390408832824835, -0.06854325201926656, 0.07834073892956758, 0.046584650820199545, -0.06698829512987516, -0.05317301804319342, 0.08787192311220342, -0.024938396317592117, 0.020081064023620573, 0.007113139144587202], [0.05000225107254064, 0.04650090116813263, -0.03615139921191091, -0.00841024721542188, -0.01604725660621371, -0.07588892358304089, 0.12993940027144843, -0.026308401974812455, -0.012036103152554522, 0.020971777346035725, 0.9876486470993439, 0.049337471903967735, -0.05227077379641478, -0.04235534081190382, -0.09594328878913481, 0.0018228768050569718, -0.006111828596596344, -0.008559057825504588, -0.0028577533408360154, -0.005533728795504963, -0.01133627955357335, 0.018229854064742042, -0.0071248306238025465, 0.002604124953039694, -0.0030685920791161175, -0.0003469667015753422, -0.011303491732186985, 0.0019069854046223458, 0.0034324221038317623, -0.006504196991215088, -0.03325977815581236, -0.010721129596699394, -0.06479793003202787, 0.033822406147673005, -0.04467728617391425, 0.02441891087677607, -0.05292077203580123, -0.05268133567718172, 0.10147592837424071, -0.07950214882064957, -0.13003114554878398, -0.10130940724681341, -0.06927651263621515, -0.0694215044494639, -0.007546182444062212, 0.07903954441037819, 0.0881678684953529, -0.15598106351831212, 0.07977825342760902, -0.052589351100265726, -0.02401743677212323, 0.0900749426838987, -0.009931964002465191, -0.07663982337080578, -0.010140560863565434, 0.006324061406599825, 0.07629618614965168, -0.16131727030326729, -0.02851286252232753, 0.06787996753104698, -0.07087772108446992, 0.04706250424272134, 0.034171497468619166, -0.08208747592802906, -0.017007685506571422, 0.0012333536551558178, -0.10871867429497119, -0.027398546254410294, -0.035218061363106, -0.10134444093631507, 0.036069599160038976, 0.006795465617171645, 0.04330176297049196, -0.006388148226277583, -0.01447928366405666, -0.025386096460670676, -0.02139472971266976, 0.10743443441467018, -0.045411066027549594, -0.08730129595186371, 0.06795113229008759, 0.07509233345977369, 0.09965419651544062, 0.03092659883815962, -0.014189742301499053, -0.06645674869991204, 0.01633983951352944, 0.036635150551186574, -0.07233100501340113, 0.06532471427033906, -0.1743361650182225, 0.07188619511051579, -0.008750602770268075, -0.03230294543755607, 0.07151769017210588, 0.018716041696183402, -0.02160336737233355, 0.03925163956999974, 0.03415972631693917, 0.056858988515625146, 0.11165234189231041, -0.01272948627381142, 0.05266203696117919, 0.06612702580170625, 0.049962566843806025, 0.013396388018884667, 0.034190499529877245, 0.044895073333566564, -0.04628875629845418, 0.10548736471323818, -0.01961262502075965, 0.025617558165477946, -0.02907079777388753, 0.14365314914692334, -0.020886803921666933, 0.029648644049895107, -0.15744581867371893, 0.06880588528917422, 0.09099427779452732, 0.07266189537445326, -0.006875015975072402, -0.05908866682484861], [-0.005897466520999483, -0.0080116677445079, -0.0014286230537255882, 0.04460727474488752, 0.13642117881811314, 0.04523256411763282, 0.06356497950973926, -0.029451047082027754, -0.05775363955940386, -0.07054346815210098, 0.049337471903967735, 1.006465883786528, -0.07907883307124, -0.011575878364624622, -0.09060342168302792, 0.010029453279272715, -0.009860028077057425, -0.01005967410773439, 0.012341429792649135, -0.003973802204656966, 0.0032419732119851052, 0.012442264262777496, -0.01797760051042928, 0.011382089549059884, 0.011755954598673884, 0.0193139103720167, 0.0020182379203708164, 0.004226275939218084, 0.023749789125228755, -0.00938835733849689, -0.1508515597185652, -0.05675677109057161, -0.01914783002274244, 0.04917931603627056, 0.03651881588066267, -0.010402950633956841, 0.007795542652644182, 0.009810588914695413, 0.040740258116182385, -0.0660969114002318, 0.01940312212952464, 0.04028367978874273, 0.06601643934408334, 0.01611300761838397, -0.03198687033700181, -0.05328466595873868, -0.013535585677763515, 0.013978579446316163, -0.05516074524224268, -0.17590956021970502, -0.019464070776431374, -0.012045912015019068, 0.0495431240282519, 0.08856887468061762, -0.010504482137102977, 0.06401436548909029, -0.04437190172996071, -0.04260247664626497, -0.10670128296732531, 0.062186798427808394, -0.03319146107204335, 0.11428139912802487, -0.06478903842637089, -0.0625276301420537, -0.0040871666661206575, 0.05147414681632187, 0.10264516301787031, -0.1659538609008759, 0.060984096771758714, 0.07183091284518157, 0.05502283909327086, 0.014846400042543822, -0.002901933576667169, -0.07514155991674391, 0.09673411359488457, -0.029664506519450292, -0.06744208007854338, 0.07116783241461618, 0.010743009657884554, -0.017990386856042834, 0.058922953839238984, 0.08440776333927746, 0.14460965010525909, 0.06674777436040495, -0.01505852815804077, 0.030863995902851205, -0.042520343958736946, -0.036001273143343795, 0.039982134477372845, -0.028666058160967324, 0.010856511677135007, 0.08515262428716891, -0.03524487566642286, 0.006223171608425029, -0.00623138132557291, -0.006913318849466005, 0.07325380143544995, -0.0362813170458558, -0.0757632600215905, 0.09771540007128589, -0.06230975703460085, -0.04940975430322442, -0.02234704470005687, -0.015641131719340243, 0.09540323942779605, 0.03023426480832736, 0.04499489193789842, -0.06169997859512387, -0.0034684520631387845, 0.11603139184271519, -0.007051662518234784, -0.004171870323781751, -0.017483078386771617, -0.11445890924299718, 0.044597889229409195, -0.0033733354647517383, 0.055630170239294306, 0.09999602497423096, -0.11642763343630338, 0.12696259995213088, -0.003787581637316426, 0.007707388203434588], [-0.008511267340162998, 0.03608540674612041, -0.019914367838221474, 0.03589809245291512, 0.05191450804245303, 0.020301959125555172, -0.06430521491760735, 0.05516658500992153, -0.0033525509782718664, 0.057281190308160784, -0.05227077379641478, -0.07907883307124, 0.9698290605675725, 0.025178162633967036, 0.06574289785463636, -0.023258735773174326, -0.002508920940105758, 0.003429472340886709, 0.014639176866845292, 0.009591910578863376, -0.003177100114247467, -0.005490659967035978, -0.00041386384930631515, 0.004822701637004418, 0.011393153541618092, -0.0019316250731748745, 0.01435327862504827, 0.011074888959605806, 0.013703841809524582, -0.012395531520504004, 0.026266461797784108, 0.023051256323816303, -0.023910012939902348, -0.025704853974554537, -0.014609370314982687, -0.007673766936548633, -0.042050640498802964, -0.006453552209635887, -0.036134982054412255, 0.04119841706942292, 0.05358166779149067, 0.04200694459011981, 0.02870414077359342, 0.0323088605042265, 0.02725780085102689, -0.029166691770694437, 0.012605574582418046, 0.014754918429519835, 0.015205504623033602, 0.0035323372855455373, 0.003755555779814665, 0.030177780899221275, -0.0068019969979142446, -0.09259807193847149, 0.19114941890290338, -0.10400082940176643, 0.05849060720880235, -0.04491826166755851, -0.040537984321572795, -0.015568338732037227, -0.01269170028972789, -0.07053086635856509, 0.14298132864891136, -0.04726311394669546, -0.032316883069474174, -0.036441380442505666, -0.043193471055648865, 0.05029024906128986, -0.08868896656951505, 0.04566932783644006, -0.030383385660791844, 0.004485054326995884, 0.005072892834216201, -0.06226818602303144, 0.013120908029349461, -0.0747322795693077, -0.1027082831159003, -0.007560799245707586, 0.07299720923063205, 0.012633984066252423, -0.03923468948403996, -0.039266140901651515, 0.043081252138164064, -0.0159776346333926, -0.09427135271074294, 0.014804834370666915, 0.12924365925193373, -0.012991113923314241, 0.07770537678621825, -0.04776388785767842, 0.002682781730140432, 0.029927755385531024, 0.008102939342801771, -0.011165342244854649, 0.0595619378051454, 0.003759732815629183, 0.04637860671263915, 0.09006396065454039, 0.18308721334960723, 0.023050105625671367, -0.12709374463404663, 0.011121715363688263, 0.04044555483371489, -0.03760119579929312, -0.05449164351825745, -0.01474969381499094, 0.06524194394393862, -0.01310486913149024, -0.0788676057947475, -0.03929004387298175, -0.034944940244364765, -0.04499978854483257, -0.028559285079757094, 0.030044319851794433, -0.11125706612935556, -0.11723251491803233, 0.034650702423053584, -0.20174569700602538, -0.004188129213482302, -0.033839012364752695, -0.007552166444529431, -0.01566457712838423], [0.06927704578613464, 0.08461923773726364, -0.038383280421222576, -0.017004271301225435, -0.0611269207423531, -0.014351539256832394, 0.057563523637650715, 0.0625827838303121, -0.022383688263700224, -0.054168297098724116, -0.04235534081190382, -0.011575878364624622, 0.025178162633967036, 1.069762352483664, -0.044864491242965564, 0.003690321125785195, 0.010853937106373977, 0.0011546010479571184, 0.003508201396357495, 0.020389050582836514, -0.008129678954855715, 0.010062920836029847, 0.01789053214777975, 0.00835682125923852, -0.015384992003992947, -0.002994456627973596, 0.001117156507663874, 0.015502536432415764, 0.0027381563100994754, 0.015892674412427085, -0.08252339898916614, -0.05467116910720578, -0.031058634451032005, 0.06959879941904387, 0.03444660658510456, -0.03228216553011959, -0.08079685820629103, 0.13651824762620568, -0.09282051658447006, 0.13548750333067575, 0.0011264831038739816, 0.07344925123336644, 0.027755072416358214, 0.06796629292256241, -0.07792580473182471, -0.05951762614043282, -0.029189671534824234, 0.005576085585390029, 0.009048230148250673, -0.10495851507430456, -0.04484262491368132, 0.08231079179635876, -0.021572821626185682, -0.0054778392081207775, 0.08539070370550346, 0.04156881764396305, 0.022067766655224513, 0.09668332615007867, -0.011709002849014412, -0.01769360633960079, -0.0046627663507872626, -0.014754701281934384, -0.04752178936801165, 0.03156723823665683, 0.04146606796412331, 0.001603098495358174, 0.028199861292351136, -0.010529552319922222, 0.039476816081446785, -0.11419742255045173, 0.06814379374348223, -0.043149807439398134, 0.18951909100204536, -0.07854680890557558, -0.04031836679761359, 0.010423947516591323, 0.01720574191490187, -0.05795376223586788, 0.02064036349234034, -0.006452681093588235, 0.05006517814981609, -0.05791111848887634, 0.18179818036173767, -0.00370042344685482, -0.0038942515083372174, -0.022191103570227067, -0.04747236759487097, -0.055235022126026365, 0.15126677308830191, -0.0971572169671373, 0.03782297655181216, -0.012919870531093525, -0.09349160516456836, 0.12554210899337692, 0.06430051264928513, 0.003624068351879091, 0.07716675996315865, 0.19777341839195672, -0.09022148236021761, -0.03448498329265178, -0.004020858265743718, 0.007783525466704151, 0.056023849709806756, -0.0702738385573433, -0.10315806757379853, 0.015727132867180256, 0.10415063345722082, -0.2037415303953531, 0.04380753311217406, -0.02377349304853562, 0.04163134696973014, -0.02886595518425088, 0.02291297478174307, -0.06730415898771282, -0.05311808015293488, 0.03852623458411347, -0.030573376407384417, -0.08602299975909534, -0.018601199863787107, -0.007473674718300738, 0.001731724003502699, 0.02896227509144863], [-0.04187784719325913, -0.03658487268480038, 0.017203837762435933, 0.014346178749400902, -0.10786904268489272, 0.016233648809338218, 0.027120699456028838, 0.17852206477327526, 5.6354097230729745e-06, -0.06638515687945237, -0.09594328878913481, -0.09060342168302792, 0.06574289785463636, -0.044864491242965564, 1.059896311622572, -0.0074921088299670004, 0.007077110004744598, -0.002631190580382856, 0.012624647252176794, 0.012977260670971881, 0.00197097979167746, -0.009356149357955626, 0.006400148857241571, -0.010125664172332363, -0.009428676215538386, -0.008088889953157213, 0.010612649188161464, 0.0160206990186641, -0.017670306023612636, -0.0124348356330472, 0.12119482532497118, 0.05549006393022625, 0.015621383969055875, -0.045017255794641754, -0.03746767958953892, 0.002811107491795701, 0.06907693937032808, -0.1755054787735587, -0.04773888448874624, -0.05020654597890905, 0.09580590546703588, 0.10645458109451575, 0.05436406126550236, 0.031795464888779275, -0.018131051033272616, 0.06408464837228202, -0.012365303866043646, 0.13611053759025094, -0.16355159400328845, 0.06479838283098154, -0.07451247273944071, -0.0535430532973268, -0.038118228810244584, 0.0006801623890258373, -0.08462434076140164, -0.052555331208792196, -0.08252459987131933, 0.08614427720529728, 0.025376171231129133, 0.009041269182955468, 0.026712057326621984, -0.10810806738689784, 0.000409660012105714, 0.04279128652102348, 0.08643815850046413, 0.0308634989960862, 0.1443816010116028, 0.022579932556673257, 0.0267881831443331, -0.09967427515700937, -0.010982221175470552, 0.06584591373725514, -0.049575914262483624, 0.08106637997871693, -0.033209188528841714, 0.028613953662358357, 0.034390727677735926, 0.01460535791911297, -0.03799390749719098, 0.013582834777294939, -0.03522164639847356, 0.0061419675499180156, -0.11558825218654442, -0.15442123227684812, -0.07418851204343167, -0.004380867603794604, 0.04908486626026964, 0.01729496722958664, 0.08275769786788102, -0.03984867523716302, -0.05606922563582496, 0.034576452648699796, 0.04315274838613912, -0.04135070639519265, -0.031234599215392265, 0.02222244148632943, -0.12945191758711697, -0.05482438429293692, -0.09567106260584679, 0.03880984575874586, -0.10001429900200257, -0.08847589321229911, -0.025912719879522084, 0.015962820932264463, -0.036917843481492005, 0.02741141536887751, -0.06120166537707279, 0.02921903509342149, 0.005986330201196139, -0.07648662492712557, 0.069