{"inv_metric": [[0.7157201136159238, -0.12776815914116085, 0.1169444519012423, 0.107242783303236, -0.03702235363051234, 0.03471584583465891, 0.033044912408868414, -0.026712311048948032, -0.03905714199274021, -0.026887391900221883, 0.209572411670125, -0.012143762860707525, 0.014600080556300356, 0.058841159212124475, 0.023711134957407235, -0.008604855852578135, 0.001283489564810463, -0.0061252510472003235, 0.0284782381024345, -0.0002083565119624195, 0.010578558615178884, -0.01603301305926554, -0.01379381677112009, -0.015998749013584, -0.00798069368735013, 0.01614006707575742, -0.0034779930812184087, 0.011912512975225035, -0.019293912522492622, 0.000445338092780216, -0.014308079619080044, -0.016202658281911284, 0.037974830062209135, -0.05908415484556346, 0.0327455783843334, 0.048562687150967454, 0.04236313496691686, -0.08344548937784492, 0.016893252243738544, -0.02270933791325825, 0.11326501096196365, -0.038340172303148096, -0.03788428427542648, -0.03182493692513119, 0.06573303773732397, -0.09957408175647277, -0.00823547364011223, 0.012561890831315327, -0.001322359073075802, -0.00265544692707103, -0.023660087669202284, -0.024641773991279297, 0.013310110483327777, -0.016988952050882432, -0.026139246340353608, -0.07330097139051771, 0.155328563365568, 0.04828417565930537, -0.1054026947837641, -0.03657128375978424, -0.0012107328914602214, -0.041455875437782515, 0.030228238314185172, 0.002802775224843604, 0.014147714397295027, 0.013130704691855732, -0.029007714799114685, -0.02952772815306624, 0.0060392187147329576, -0.03485863822874228, -0.021953600074055904, -0.021987918698834364, 0.047530502599544125, 0.006915067195151992, 0.041215614008805294, -0.051798558203388884, 0.05774863184979822, -0.02751985181361727, 0.009418153771870979, -0.019842541290543487, -0.0032253788663054537, 8.878322435137701e-05, 0.10476006338245673, 0.04112365782239251, -0.0030508329482006155, -0.07059160440042762, 0.05292146761672273, -0.014886781909605708, 0.07198962149273769, -0.0066645591987797405, -0.020942806160009365, 0.016764842042960703, 0.0585473414309772, -0.04223378684753471, 0.04953854055397297, -0.004497296092451192, -0.07996641758446371, 0.03650422389239056, 0.0009367221501261494, -0.06642270953687443, 0.11319377538078206, -0.04129778264900147, 0.057869921810942825, 0.05289735861547421, -0.04485203470161647, 0.018623198965327277, 0.02887431525734452, -0.02961040358484456, 0.02675782413618483, -0.042521913339638284, 0.005106823135870583, -0.007675579420950732, 0.020016732928933644, -9.643826754523317e-05, 0.009086711129716308, 0.11416640595037375, -0.03698343833391048, -0.060581039877514425, 0.02931550265799874, -0.040195565645652596, -0.0043985547550600655, 0.003245236239682985], [-0.12776815914116085, 0.6583622377969777, -0.13721182454037584, -0.17553614145291965, -0.04774693237435385, 0.02888797908303704, -0.06880876922610202, 0.017639315040554066, 0.021581491550543425, 0.06609646069432598, 0.1212593375314066, 0.06509544780993848, 0.04047720701497536, 0.06378889656940916, 0.04903568109552775, 0.009260781320961921, -0.017064413114634105, -0.0036592172122621915, 0.00010375911415131673, -0.014510749150098819, -0.0011010854902346594, 0.0047409565327711425, 0.015341428379586733, -0.004858329357911704, -0.0016026140092986571, -0.01646250371016233, -0.007877698662983441, 0.00226465742550219, 0.0025418354839138683, 0.0020344043350155575, 0.005580641084981803, -0.012494671561634852, 0.05213158414061477, 0.01607347507790855, -0.01734698002367745, -0.004808535549949665, 0.041346430189291045, 0.05145746456535625, -0.01796138030591667, 0.04825991410573075, 0.06119614239075612, -0.03767193378032546, -0.047827632305691564, 0.006581827031525037, 0.009878782312314822, -0.02970148623896198, -0.011316470034329411, 0.026524834251784864, -0.017012340371101754, 0.03379139591051174, 0.03404769664003917, -0.009089817697688553, 0.04672329995847153, -0.03402769101269788, -0.0010642231412666921, 0.04655940010574752, -0.037179047255128855, -0.02195858407090797, -0.02184003396906246, 0.08459533294809461, -0.07267649551284651, -0.031770407568212276, -0.008905617849886645, 0.010030997798264593, 0.08081156428156369, 0.014122169835270827, 0.013097341845807407, 0.025464121621108192, -0.04827922425806132, 0.011182094710041016, -0.09440873554982554, 0.055782914184780964, 0.03373936878043612, 0.00716022032244675, 0.05697799065403389, -0.005053429846108534, -0.014316869030708265, 0.011598083940601581, 0.0009109960665977237, -0.10149401269486504, -0.0022096124717069228, -0.09227771777374928, 0.011701835810531382, -0.033809085255177104, -0.006941507648952635, 0.06414479253130333, 0.053925693805228464, 0.02242513997078278, -0.02264528625221999, 0.024840086657305898, 0.018076723397422507, -0.05710797096435101, 0.04483284013912515, -0.0582988251360119, -0.034529349168770866, -0.014571278411499133, 0.054591056812691, -0.016726847069132293, -0.0068343746598231335, 0.055904168333478506, -0.019205822457611557, -0.03330458336216336, 0.0768956639141244, 0.05367514517799604, 0.020884964440364116, -0.031118785290204325, -0.0038995176459054996, 0.0067486787862449365, -0.033920011022928576, 0.06659103568455674, -0.0051618416945442705, 0.06961528574799382, -0.01538722297397603, -0.023436166930291095, 0.06623199836560792, 0.01450036749716714, -0.036427893996950275, 0.07058130975572062, 0.06867013391091656, 0.1130358372408045, -0.003826514745711552, -0.007284237985269596], [0.1169444519012423, -0.13721182454037584, 0.5936117988620099, -0.17445154035241542, -0.005291985347348257, -0.029165551319239032, -0.011894651988620466, -0.020764494223787643, -0.009722878623865951, -0.09804832804232885, 0.053812670395197694, 0.034887548336321954, -0.039723226966860405, 0.08328788161652594, -0.08949360506465588, 0.012318735177331551, -0.007374620978204965, 0.0057256040883274986, 0.0034654915510771004, 0.011705186732568486, 0.01040202313108107, 0.013304917152287361, -0.017974238729525346, 0.0023561021124026723, -0.010013422766012133, 0.004020987902021789, 0.01071254521824282, 0.0012832739608487761, -0.010600760326610642, -0.009745689925924535, 0.0004919371884117132, 0.06949429984685108, -0.03805835008310791, -0.03676210045299757, -0.01181087305184584, -0.009517117972522646, -0.005348385416377219, -0.07326518317977737, -0.0008608208594197144, -0.004183288514374015, -0.05520375643389973, -0.022223397997722053, 0.045461977989752496, 0.03406517568512263, -0.03560914194086106, 0.0820055449751447, 0.0015011918515202517, -0.061248282618063685, 0.07828474619877364, -0.052471163799752606, -0.002927638754224672, -0.05259268092436996, -0.021687191687355143, -0.030438365914839262, -0.09592217282171021, 0.017294089697071025, 0.017218202586894084, 0.04208360786863788, -0.021501259624024185, -0.013821323353195596, 0.03944202971151528, 0.018209420203471417, -0.08663944910154504, 0.06128358570086148, -0.02048548257355597, 0.011679755978462925, -0.013015104540134863, 0.049703273389922434, 0.016609068402656767, -0.07147979640423995, 0.016016090596877766, 0.0011722483279318914, 0.0009882558477028074, 0.031657106011955184, -0.004648648089862029, 0.02602944223418024, 0.025532825476896132, -0.12478073240568846, 0.07878379105183232, 0.06284369829123597, -0.031955904920441834, 0.01800979036963062, -0.04252579174070299, -0.010654863353494935, 0.00515095147135068, 0.025900456526198216, 0.018641807230511787, -0.051788285434971985, -0.05567927099358095, 0.06147380325998341, 0.03130482976981338, 0.08456911446702477, -0.014966934522232165, -0.02413969682635212, 0.020885054599416072, -0.00789729084911012, -0.028949189002652705, 0.033161524633887156, -0.03047854544884238, -0.07309511696512065, 0.05627431914996076, -0.006279663710026725, 0.05099211320833429, 0.050636567195408516, -0.030961822717052473, 0.12974003082535476, 0.022520509974534152, -0.020881657855888986, 0.03408499453827017, -0.07365999130613946, -0.01996809217777968, 0.02943318432089218, 0.009531370250622239, -0.01285908535626506, 0.006000395951772729, 0.00042173271505964715, -0.04957782287291269, -0.01135356448312494, 0.029318312322804227, -0.040056804156563555, 0.0011101277530322212, 0.0036376987833033497], [0.107242783303236, -0.17553614145291965, -0.17445154035241542, 0.516832966701467, 0.0012635133908555673, 0.031113876188721384, 0.05110156995637634, -0.02828229897435989, 0.007314205161543081, -0.020623081520574953, -0.16019512261097524, -0.03190590095417622, 0.0273185063792046, -0.1111893103089802, 0.032033468692369095, -0.020012933852297826, -0.0011359062661818547, 0.008012867425733674, 0.005326434920351279, -0.007505222207137779, -0.001130806443319483, -0.00715678348160168, 0.017382791648010935, -0.007185323434835893, 0.0030591556511611285, -0.007388580411595654, -0.018701997774840846, 0.012580777155319618, 0.00141094034207344, -0.005628834077625659, -0.012183148388373127, 0.011675045270305533, -0.006670709307531511, 0.044706453036877855, -0.0220549486881312, 0.0031277407359153295, 0.0014151546571474019, -0.0433841038985331, -0.02957332893081276, -0.028871591344369736, -0.051461948476352506, -0.002705987329336253, 0.030667232006387445, 0.030366510658219138, 0.029851398137257394, -0.035715327562925614, 0.006667975646429455, 0.07420629158066869, -0.10713434405727439, 0.01780019401558447, -0.032914420492345255, 0.035243969309904734, -0.004538811050580585, -0.013529689410076833, 0.05154933910924822, -0.01088757707253224, 0.06722704919317261, 0.0065076730292673605, 0.04014658038739179, -0.04690794756994139, -0.0071228250100534626, 0.02164406180413634, 0.05153171591599557, -0.03603409137821897, 0.0471415131023717, 0.029961706727670342, -0.010325797460357614, -0.017133680853954364, -0.00411765648836976, 0.034736122704493014, -0.03281042030748906, 0.01538873542326458, 0.09270373673769752, 0.00291880463472536, -0.011938398202153911, -0.021512243402546018, 0.054193636295029636, 0.05025665372123871, -0.08791327806468584, -0.020738927609014822, 0.005739655822493881, 0.01936682740497445, -0.019192670450114534, 0.006515008612882462, -0.020443959787421383, -0.05580972192981149, -0.07710270443507786, 0.003995607875835971, 0.06149704596090572, -0.06489350302712894, -0.037794756492782584, -0.021659343597485035, -0.026569858707651637, 0.07768736528100617, 0.05794034221022472, 0.005371366599413905, -0.017624680190458777, 0.0038948887212742183, 0.02533418285752047, -0.043130032524874976, -0.034082903481502905, -0.039746456557444416, -0.09124635015852892, -0.06341023403227118, 0.04569566712631539, -0.07559544699076734, -0.007315082012352636, -0.01050307152096693, 0.021519605405835446, -0.01874986227558773, 0.04629225623842234, -0.051261004266929026, 0.03519391832273861, 0.007876248600393015, -0.06579978026986966, -0.041531533142835364, -0.006283993687264773, -0.09316003855386858, -0.07203392490652528, 0.00863106613800942, 0.011761349835053787, 0.0019381833528503544], [-0.03702235363051234, -0.04774693237435385, -0.005291985347348257, 0.0012635133908555673, 1.0243346466561147, 0.01591053901208307, 0.04088733365495302, 0.06163192039789606, 0.005590702995660575, -0.06414629364035702, 0.030997830137366587, -0.06787912574037104, -0.008874073081222393, -0.030369120218353467, -0.05633400193009487, -0.01978641311057423, 0.006383744412781761, 0.022308283382479924, 0.004822060585081092, 0.021381284787321892, -0.010190219124215123, -0.0043633491481040645, -0.024401592153411644, 0.0020387775691537323, 0.03580064879020747, 0.015166236168154481, -0.002088877901564418, -0.012580910346911648, 0.009490917515726175, 0.004314477517376159, 0.09551469968265454, 0.0241683644010215, -0.0331458784103122, 0.0001559831193717093, -0.07067793575547265, 0.04959220874441647, 0.05920723275517417, -0.07800493732149666, 0.022831738983024513, 0.02563902967722105, 0.027388098406805936, 0.07281100169495118, 0.012603058206196388, -0.008104979426873238, -0.06955337867709722, -0.0522950047076224, -0.01232574102775296, 0.00749016673401152, 0.001538818883530539, 0.023369510930880154, -0.027587325969451664, 0.0029364061482858605, -0.012155091103227648, 6.247678852880454e-06, 0.038487929380260764, -0.007521462921316402, -0.1146678948689337, -0.0712271184328858, 0.00764259386063714, -0.018713874220394014, -0.05289526952035629, 0.08226600073463146, 0.02237073151319596, -0.0003493112817670635, -0.12496761566714015, 0.09526032358061773, -0.06318086416909725, 0.01120367128012563, 0.0001809887687766238, 0.0004459972686276654, 0.071926859406875, -0.07819541611037827, -0.061406234705370114, 0.07145239236568249, 0.00791960029935566, -0.07633518341889588, 0.09727100887114844, 0.024063936027181813, -0.056907014457072996, 0.01803955620554549, -0.037078132740612425, 0.01693302769370701, 0.07099383115302454, 0.0027149842599713515, -0.04981254400086991, 0.03209360426621289, -0.03116612237214568, -0.03178646943360932, 0.04939840334359948, -0.02133910748799829, -0.015601690029532307, -0.002426714122229428, 0.02115323616779178, -0.02433457332234167, -0.017334409979323118, -0.04826523766825635, -0.054525812302359866, -0.0030699482450494133, -0.010378755830234775, 0.04569258458877949, 0.04714559294446206, 0.04351558590600535, -0.0869061310843215, 0.009733720795953417, -0.029134271438362655, -0.0632408867789641, 0.021979155221719886, 0.03999701618501278, -0.03945637355424344, -0.0413079438879223, -0.007839311889230519, -0.046047675534715886, -0.0318425809132095, 7.603180665791424e-05, -0.041954918434957016, -0.027915244754480224, -0.03825820234594558, 0.03093905555607944, -0.12719163435970396, -0.02236462176931122, -0.0006749645275280657, -0.012032121478325955], [0.03471584583465891, 0.02888797908303704, -0.029165551319239032, 0.031113876188721384, 0.01591053901208307, 0.5040798838403733, 0.007139146529841904, 0.012792557266989104, 0.007020318641792933, -0.11948298241954783, 0.04423526679246497, 0.03680635270415001, -0.040496709800446354, 0.0011799275395664853, -0.0009773325840030695, 0.0031155545883779167, -0.00702396219947934, 0.016594034092374713, -0.012354050736281465, 0.01842858017289756, 0.0018732646131227218, -0.014251213545539475, 0.016763690783688966, -0.01083709637303333, -0.007829571125228287, -0.00994245215054427, 0.00812087297611624, -0.012437376460289553, -0.019051173044407795, -0.016614312352688773, -0.0010365874009161161, 0.013802309816677516, -0.014961420235538052, 0.008261972242019418, 0.018879352837738946, -0.031079684425354286, -0.05797450759880183, -0.016504287399810552, 0.005722529803648789, -0.025507622380565108, 0.06507948410404765, 0.031814823666954775, -0.03150111920177001, 0.00040247880341218276, 0.036011695313883894, 0.01436012567056519, 0.0062410535054701986, -0.02124362105884978, -0.0023771111427724873, -0.062140642532068295, -0.0045770311134908735, 0.06079859780597184, 0.015346657554164922, -0.0041083207241374995, 0.006423050317158914, 0.06058620661074685, -0.007607002459131802, 0.0364085079310022, -0.050626849669337025, -0.031293345865908, -0.009207186717362557, 0.014027639191004188, -0.015073228641845033, 0.00623121846014988, 0.014670380942720263, -0.018503432284937293, 0.04248346087698166, -0.08840161531890096, -0.017513940911800148, -0.07426152499294238, 0.06213699109968064, -0.00338179442161438, -0.05385072084829796, -0.03450396258736731, -0.02549706812334759, 0.029882158916209267, 0.03033250419029061, -0.03753766935658737, 0.03988971166147636, -0.0004193275766790887, -0.04201228878856717, -0.07486133732392164, 0.01717022738212294, -0.005411216191180362, 0.015431650410980461, 0.01127155137714681, 0.02143662067218729, -0.009486940490784619, -0.010822849510068032, -0.024906283031938092, -0.04531388165642059, -0.022122686382319803, -0.01981550925596136, 0.038981654225990696, 0.03324397609392139, 0.011383240252240232, -0.05650355482145214, -0.047253503758565546, 0.009842636389616289, 0.0237681113934397, -0.0328895626913733, -0.033182170314037626, 0.012227843589409306, -0.026421382954598952, -0.04083498416310953, -0.032121095936183286, -0.025474363217910575, -0.08227874675847177, -0.003074655251855512, 0.08678577691747955, -0.028829229107197513, 0.015683070761598247, 0.02832117502166243, -0.016805905050029647, -0.02414516897057034, 0.000749990054234183, -0.02174660707917922, 0.006703576354976634, -0.03675635268169725, 0.033011927585156094, 3.679852210526981e-05, 0.010115672900863085], [0.033044912408868414, -0.06880876922610202, -0.011894651988620466, 0.05110156995637634, 0.04088733365495302, 0.007139146529841904, 0.9818892516128894, -0.049736556738513925, -0.010772761155850963, -0.02858466310919819, -0.029913569705521066, 0.005552736830652338, 0.051998668633980234, 0.041943256135512204, 0.030794506443287854, -0.002198983121411053, 0.020764824595929373, -0.01655294691482874, 0.0037430867128475133, 0.018058491644800227, -0.005612576832755319, -0.006074139038604062, 0.0036331958395996395, 0.027103685425893444, 0.030990915154477622, -0.0014050821940586064, -0.013848225213134512, 0.01476488017720162, -0.008508699135352448, -0.017107311234060008, -0.025987896380333688, 0.04552930421815403, -0.10992231724203243, -0.028543398534091192, -0.056871910602526436, -0.03954165789367658, 0.02937607186798662, -0.013779195586781702, 0.04036355016871609, 0.049879157291790245, 0.07971874374366832, -0.03556981624092647, -0.07891351366902408, -0.11162097488447681, -0.03603768258130157, -0.00805605723504756, -0.0274350907870947, 0.08630757184968747, -0.034987720096293945, -0.018526438906761446, -0.009468249149425734, -0.015119694772019129, -0.04650470772522396, -0.007248109323037192, 0.02945922173686383, 0.060271423998815, 0.005366118826556518, 0.06380756984117598, -0.0027294408301490906, 0.037027836867452785, -0.054206197262231866, -0.03061639322831672, 0.0675589240992977, 0.04655717056301878, 0.04500292194685071, 0.0366652803030857, -0.03330680750773458, -0.026519494204151197, 0.037615143201269, -0.006830417867613461, -0.0381425410069096, 0.007690928770876337, -0.13077602828575957, -0.0146323261636079, -0.015654333228146498, 0.04141317165383267, 0.04539746255005609, 0.04113443565161153, -0.028374364353643176, 0.002861190070593154, 0.0015492301310128897, -0.0638304972963985, -0.13825446772030486, -0.021084866966126985, 0.07181380264566006, 0.02054406192727863, -0.021581785058186375, -0.026617039648786693, 0.08071344974972464, -0.02446999370572457, -0.0746373227347572, 0.047903579756315276, -0.0649208128959588, 0.002418558908144996, -0.022243188734225514, 0.0394061831213265, 0.032351289388866465, -0.08052832224960556, -0.01669614035232608, -0.03352311287874588, 0.04292412970444746, 0.04121585058113388, -0.0274258170703982, -0.06015349484991904, 0.06746890247931882, -0.00153575814320754, -0.020563295226137188, -0.04516359070554714, 0.06419230105019827, -0.010928439247417116, -0.04284804173957582, -0.041767394222462985, 0.060704859710657214, 0.01788658262799231, 0.12999533265514412, -0.03243356905208985, 0.08023630414686315, 0.0015609467653097423, -0.007208059086059735, 0.042549851141524236, 0.010822426351689243, -0.0003411983041901446], [-0.026712311048948032, 0.017639315040554066, -0.020764494223787643, -0.02828229897435989, 0.06163192039789606, 0.012792557266989104, -0.049736556738513925, 1.0140782299194935, 0.013856703352765313, -0.014208809126692347, 0.03507902772402754, 0.00100658520323827, -0.0006273061894989791, -0.027473383961077676, 0.008547773742489736, -0.0011168985018104322, 0.009142553992142336, 0.029671585679729554, -0.002060206919405279, -0.007585042520001421, 0.005822955734324418, -0.0006833603587320912, -0.01262779194163091, -0.035610351950843104, -0.008584227585893776, -0.0008453297054359134, -0.005420287327808267, -0.0049585621777655286, -0.017591485778545763, -0.008706294452948682, 0.05267353856689348, -0.016011635081212502, -0.01372971945017979, 0.02406229264225458, -0.030796694542618918, 0.032951978332255764, -0.009956160454182034, -0.05973333424368514, 0.016405439321045143, 0.051035102821364656, 0.03442220780354144, 0.027309555896216753, -0.07405903985155354, -0.06099884457386895, 0.03260714335531208, -0.020796439528185946, 0.009666470339459873, -0.044755987734205596, 0.027512231262537257, 0.06165235024215439, -0.058445405951202394, 0.004321200018221834, 0.01680949308096823, 0.04366110939046989, 0.053478853412942576, -0.032255456657681925, -0.009029369941820733, -0.048749137680802905, 0.016070608354882852, -0.018792664430980238, -0.07259875855881007, -0.02812448474035365, 0.028869226200150054, -0.005824606755643116, -0.0711553002375286, 0.011337391644053197, 0.025275343885064864, 0.03936713751793061, -0.043955890685524614, -0.08657683715933778, -0.08635130539226489, 0.002128147146406906, -0.03222526002330953, 0.028540246094048746, -0.0532474229373126, 0.022692421262047197, -0.0828909635487381, 0.00937179955986208, 0.06062762367693372, -0.00504564244726173, 0.027800382727360615, -0.04389157318154971, -0.04899706921384843, -0.043111171746868, 0.04420238852076384, -0.05478499983966723, 0.023040908586306433, -0.11986190181307754, -0.08437501939598237, 0.04146300889115005, -0.01947727709873502, -0.030927802626445476, -0.027062857848178443, -0.043148486351328355, -0.03888511976696503, 0.036633482518348574, -0.028143811757303877, -0.028754944792603446, -0.006339460494814287, 0.08783495722824605, 0.05970886679413379, 0.10800541931203538, -0.01504565037756321, -0.021741771153233138, 0.03341408469920354, 0.042108605347156484, 0.042720139630585, -0.012043413018285867, -0.046136702071776295, -0.013884385712625584, -0.08580057755944076, -0.08908562117623378, -0.03271160606932442, -0.028404442830338515, 0.039765939556700644, -0.008146068451832814, -0.13850846365482816, -0.017706761785795753, 0.009185557448804619, -0.029790558466635322, -0.0005516642485900325, 0.006283488059017728], [-0.03905714199274021, 0.021581491550543425, -0.009722878623865951, 0.007314205161543081, 0.005590702995660575, 0.007020318641792933, -0.010772761155850963, 0.013856703352765313, 0.06660904430594833, 0.02914048883857741, -0.024808958967831186, 0.017157580798513004, -0.0027385357921661116, 0.001990261511504489, 0.003951225193464344, -0.0001923422771361429, -0.0018195180534226853, 0.006090850839537377, -0.0004886201689474401, -0.003566658770678688, -0.0030293808276210003, -0.0006824694349573888, 0.006759530625426754, -0.009310251347604334, 0.004051089530427649, -0.0034558723714859106, 0.002919203711197251, 0.008002406788265257, -0.00012753942539859886, -0.007464408596126901, -0.014343809617404713, 0.01113930615633796, -0.007899825903370452, 0.018652676250857037, -0.027001511577288605, 0.007196963459343145, -0.00577343472886004, -0.008090776255181483, -0.08936101735265879, -0.009401768930770084, -0.02943292101507088, 0.0047374112813624485, 0.008061154093321816, 0.01235078154078679, 0.010665057094605558, 0.0028267175130272625, 0.020206264002521495, -0.0028396801702614926, -0.0030913645793723293, 0.0003824488367584862, 0.0007129276595436077, -0.010363763940531652, 0.005323925966979131, -0.08516303603101795, -0.012037195182817637, 0.01181884762889786, -0.018114595146123787, -0.024752933567293776, 0.015416777264974027, -0.0042746115654273, -0.007808055774984809, 0.014842401132855646, 0.0002600001901377245, -0.004632089043898309, 0.021686443636858344, 0.009524348405711853, 0.016873660880950093, 0.009267790141990343, -0.08671136247673687, -0.009562296299299696, -0.004247102764191224, 0.006126137088972236, 0.012430910771307925, 0.013794790673162246, 0.0007334419616069877, 0.0035456528180914755, 0.016908643003718114, -0.015354456570351636, 0.013917366579339384, -0.013238425033500421, 0.0031185891187824684, -0.012204836919873953, -0.012724031109890047, -0.08762478176834226, -6.513725607777366e-05, 0.0018904549098726128, -0.0054442615538710165, 0.01218181329650581, -0.016052609200227507, 0.00030474018338175863, -0.0033740317950901513, -0.010148565268945116, -0.0017676491258866319, 0.012740547654673872, -0.01961329528131014, -0.0013932972555550532, -0.0020639810255045875, -0.005187860239088114, -0.07128616925596223, -0.0006914546914032784, -0.016977908444400884, -0.023940914803249242, 0.00285312132374609, -0.014159428128001148, 0.023213291945938526, -0.01717290058885424, 0.005075607689586873, -0.0018022662153891111, -0.0036433018671265826, 0.008735569131300042, -0.011895001718321764, -0.015267228539733474, -0.001637825304154395, -0.07958172497189961, 0.01269725996353634, -0.008498482910318026, -0.016284495997000534, -0.00024330369519057505, -0.005390696976770078, 0.015729648438810626, -0.002003871161601168, 0.0021683431759473284], [-0.026887391900221883, 0.06609646069432598, -0.09804832804232885, -0.020623081520574953, -0.06414629364035702, -0.11948298241954783, -0.02858466310919819, -0.014208809126692347, 0.02914048883857741, 0.5471167785633527, -0.13166512277574388, -0.00041175986389074403, 0.01311790550344922, 0.06184540076909802, -0.009069760946297491, 0.0035475951211588266, 0.015914945703005574, 0.00020667288141536504, 0.012542907259367058, -0.012883558656779853, -0.004580645597418949, -0.014735683877282212, -0.00283799824557341, -0.013540894738364556, 0.007311482367147809, -0.0018529485165105514, -0.01715395041839834, 0.0040082054734986985, 0.00898926602474054, -0.0025364675948592714, -0.054434658577166166, -0.012484344532099243, -0.00013328472802746986, 0.05579599128248242, -0.0009830378469359413, -0.06007530179697415, 0.08401806987177045, 0.043262279204114684, -0.011757739567444582, -0.08834196328876405, -0.04497143253278564, 0.055632169848842686, -0.00959785681076307, -0.004068400006113526, 0.0413500200513503, -0.023917402697556715, 0.09243235456436372, -0.07729751801784238, 0.00993412871496147, -0.02625055328432828, -0.03123601258036701, -0.021228645992294102, 0.1043797131002025, -0.011062720408108866, -0.08965494587216309, -0.007203431231162361, -0.00920398455418236, -0.07475121468018861, 0.09379676062379247, -0.019414821552928174, -0.04523246160614247, 0.05961568352039415, -0.07899871485168984, 0.04329819221176156, 0.013771616207488714, -0.038287918630946764, -0.05298841470559037, 0.0760472321950011, -0.03756495932051673, -0.10501699179584767, -0.013315951664208868, -0.00608487581386496, 0.03274209026847947, -0.041599775869707284, -0.008682034498993395, -0.004936096514705776, -0.0010491214053105933, -0.06582169188971956, 0.045090859642040106, 0.07800419416854693, -0.019883060922742144, -0.03265280033621389, -0.030810507974523865, -0.04822022968086063, -0.051605972946360816, -0.0169702211947302, -0.03321266387551046, 0.0037589810995376886, 0.003951596847237676, 0.024899859012733783, 0.04009017790321093, -0.07093334331180225, 0.020784056185421534, -0.00012947718706528117, -0.08532339521697407, 0.003866660286736091, 0.08262697544414634, 0.035236828650069274, -0.004201265577268682, -0.062368059744223096, 0.006643015961571046, 0.021052666943796542, -0.005479916624270384, 0.01018295719130382, -0.015434688972476079, -0.02832431941859481, 0.02070522028754147, -0.01105155394257471, 0.0482951041191572, 0.041924998225904675, -0.04394845220856685, 0.0011809280911175336, 0.042251042156912375, -0.015024924856380215, -0.15527161893983657, 0.015755700024378705, -0.008996336715821557, -0.03831038860912377, -0.004489197044840453, -0.004776402776035131, -0.009931449014293494, 0.01872108540904023], [0.209572411670125, 0.1212593375314066, 0.053812670395197694, -0.16019512261097524, 0.030997830137366587, 0.04423526679246497, -0.029913569705521066, 0.03507902772402754, -0.024808958967831186, -0.13166512277574388, 0.54311762177013, 0.04466872102754714, -0.011614356893131695, -0.0838173187201767, -0.0015008703517786388, 0.0019925315003141873, -0.009822119020839883, -0.008637840718053518, -0.001233739529862831, 0.00030445279674694254, -0.007259820322041748, 0.001492875607367258, -0.019273129731491246, -0.0068012451600875925, -0.0070667610756715415, 0.0009493683280192062, 0.011483010955303853, 0.0035468014352954694, -0.00249353169205028, -0.0037797848371627944, 0.09735460718590817, 0.05708566428687384, 0.03417065652704781, -0.10864191975003461, 0.045981797612183115, 0.006593808733186302, -0.027402253207562614, 0.018049788007257588, 0.020842947402479602, 0.12398711842947206, 0.10972345272692567, -0.04875933823391267, -0.022006022428658484, -0.02144733754861457, 0.03468524793054463, 0.05384477039992204, -0.012070907031291385, 0.027807609765466444, -0.031178745417883406, 0.011678701622307297, 0.005720357480366182, -0.044306622711157956, -0.04259296278096311, -0.0021298850496391385, -0.026245208839236592, -0.07374655961582853, 0.04273776673743831, 0.07285213933786994, -0.060583493484247325, 0.03825462974444225, 0.012686668639708487, 0.03681778500248559, 0.027898431073207445, -0.08192058489129399, -0.03557522464987756, 0.051390200839178064, 0.06233881307909923, 0.059886267439630096, -0.021164681513711186, 0.010103198783320952, -0.08602096958057774, -0.0069682113376575575, -0.00852698741936443, -0.03647458293439605, -0.007300341070801192, 0.0005727105884746021, 0.01673112433362672, -0.03109563731955202, -0.02438780346590717, 0.020581178043251706, -0.0019138327798401491, 0.0030823288986177254, 0.10626952444838571, 0.0036930145813074376, 0.030104071800393702, -0.18054385364723555, 0.0529089178612846, 0.01655834985392912, 0.02890262278982412, 0.0024939989725335423, 0.0009713403253247316, 0.009465265715950922, 0.05646316535382734, -0.08492438532995318, 0.02632735379266488, -0.0271132001835615, -0.014727644315651359, 0.0150093580763512, -0.04223530907034253, -0.04021170336260089, -0.004809875497279806, 0.030261937622360912, 0.04908507340885118, 0.008501812490378275, 0.03846329165195103, 0.06577670500969003, 0.03267111927798066, -0.0038260384279217687, -0.044481144046579976, 0.05753881051725385, -0.002965357607309273, 0.08996695951818073, 0.001574066480748236, -0.013004196158234903, 0.06168067724856419, 0.05008941516544752, -0.05386825570960635, -0.0051421957878248015, 0.05966271664993406, 0.04136139599903834, -0.008999456853606655, -0.005427260856674368], [-0.012143762860707525, 0.06509544780993848, 0.034887548336321954, -0.03190590095417622, -0.06787912574037104, 0.03680635270415001, 0.005552736830652338, 0.00100658520323827, 0.017157580798513004, -0.00041175986389074403, 0.04466872102754714, 0.9249367643117562, 0.08671810149626645, -0.01662276175250021, 0.10190875071944265, 0.015173400950056842, 0.002347613399457344, -0.017281998647209373, -0.00017991140491139577, -0.020682257666331402, 0.0073327715323939805, -0.004203488956323143, 0.025542033658707587, 0.014992298146215891, 0.0018175399901159191, 0.005483110199563792, -0.025313929605433272, -0.005065612105464704, -0.004812868315722533, -0.00777909488641293, 0.12033966986135934, -0.059106170746889286, -0.000999213845326911, 0.047214269378694634, -0.030387870854479884, -0.0008804485987607116, -0.046911059409513615, 0.07997647253307004, -0.028209625480866574, -0.0381639705792461, 0.08411116566092923, 0.026149905703278437, 0.010673226683326507, 0.0036106048519485906, 0.0410116084914558, 0.04144419366941124, 0.04785667170721079, -0.11460566158077656, -0.009451561747816833, -0.06281122378821599, 0.07003363470419484, 0.11722897516275806, 0.045326833719544296, -0.03386216402766082, -0.011590625513697727, 0.04876098533715863, -0.026670125113834615, 0.023850038490776174, -0.024932392968106058, 0.012643348737426424, 0.08611412544235063, 0.07516352313137102, -0.0448478012243528, -0.01638513353096598, -0.05588798741945505, -0.07122765500946868, 0.0656504415633679, 0.07366896462180327, -0.03400415530589826, -0.050410478655371696, -0.01817861092547988, 0.06367434879917228, 0.062415217965415076, -0.04097392767832813, 0.010199091934980972, 0.004479190171603089, 0.0755093772378331, -0.0007093210104737637, -0.008275983385381531, 0.020187482317381687, 0.05293676849662253, -0.16804860492175228, -0.029599330165548474, -0.030756238681155866, 0.02044133691207076, -0.0005228769037938862, 0.07660205225506916, -0.03787445446078261, -0.038472078205601605, -0.0015065863178535877, 0.08959213412678536, -0.02538176641185447, 0.0037539355272707873, 0.03629846171419685, 0.13982970173640913, 0.03945171254792538, -0.09076891796173968, -0.0595162453993643, -0.030653429704090206, 0.044636192779670264, -0.038202019098279735, -0.11764425009598854, 0.05732903810127978, -0.11434613061943533, 0.02168999399209454, -0.04990631955600926, 0.03283867657082862, -0.044093825320669536, 0.015421809102270973, 0.19537405870304297, -0.006517182192492099, 0.05986707756828461, -0.058493016152617566, -0.01267497854929969, 0.004323246246221543, -0.03779581673614646, -0.05820004576195341, 0.01718047359590204, -0.04992889049971802, 0.080367404513569, -0.0010938341228467262, 0.017474608529919715], [0.014600080556300356, 0.04047720701497536, -0.039723226966860405, 0.0273185063792046, -0.008874073081222393, -0.040496709800446354, 0.051998668633980234, -0.0006273061894989791, -0.0027385357921661116, 0.01311790550344922, -0.011614356893131695, 0.08671810149626645, 0.7730218556797614, 0.008418037637792041, 0.02868597388623685, -0.008462171159308805, 0.0032158358887094396, -0.0029967285869971945, -0.0023256480385772643, 0.005285559766381796, -0.01331092218549988, 0.007088206658857306, 0.034916922011984784, -0.015317378923412452, 0.01929140824719108, 0.02261817817295379, -0.02610703904539732, 0.018737204601351407, -0.01919438674498244, 0.005623992164212056, 0.0696655696235009, 0.00284185789563088, 0.024996427279786272, 0.009222831034080753, -0.024026124415601636, 0.005618122701341514, 0.02863286719889518, -0.02090737448168004, 0.017554243031336455, -0.1117106560282715, 0.05280439001858366, -0.00791139862322365, -0.04821318367553199, -0.07886560341240008, 0.01641868990505506, -0.000373644166096989, 0.09845919163821859, -0.026788796171251444, -0.023714878245169914, -0.01778480342070675, -0.047768055057935924, -0.02643195304408351, -0.004925031920738002, -0.009660668117038857, -0.02418919027043869, -0.029703858290785402, 0.02255207820623715, -0.022151602108267998, -0.0025561745466937424, -0.0353546978596347, 0.007427911759781914, -0.013023393607139892, -0.037389193937885964, -0.009340617212743025, -0.032361907465139235, -0.006695317916737601, 0.009282481095351826, 0.011038159374358779, 0.03643112646791997, -0.12507745694335706, -0.025357321091286533, -0.01283868161750785, -0.0837782247714981, -0.05210004159491245, -0.05534484858006543, -0.03548902723654504, 0.02659897609458307, -0.029341645647709802, -0.015531112010822964, 0.027239555658243812, 0.0060703107327137905, -0.041019705135501336, -0.0407817316355972, 0.02257504592357323, -0.016822620259607284, -0.05544799350658486, -0.0021169683533689746, -0.08704920286415121, -0.004145493673355335, -0.05334746650510197, 0.05630129056444949, 0.0028236344456479246, -0.018090720652296416, -0.01704292988573407, -0.005903837371494775, 0.047570342051892735, -0.06474531714201678, 0.02565096523296925, 0.03302780904908564, -0.06568298986723409, -0.044553334156474216, 0.01996261164402737, 0.04820554832106246, 0.02227936625486688, -0.05136019645408856, 0.02972839232931095, -0.022788099208966142, -0.0041656587120428015, 0.02340540524101684, -0.04587083939978029, -0.007934746916266836, 0.03192406275443377, 0.024667290539521845, 0.02240284301725573, -0.09456215432257833, -0.0033111984230186162, 0.05102342274539855, -0.06419190598796398, -0.08898819788470246, -0.036148253727642736, 0.0018080927285327466, 0.011328387592463284], [0.058841159212124475, 0.06378889656940916, 0.08328788161652594, -0.1111893103089802, -0.030369120218353467, 0.0011799275395664853, 0.041943256135512204, -0.027473383961077676, 0.001990261511504489, 0.06184540076909802, -0.0838173187201767, -0.01662276175250021, 0.008418037637792041, 0.4539932805409888, 0.23606746093634443, 0.004603072892264856, 0.002977795320812082, 0.0019118652903783045, -0.0029886732262773916, -0.018171499099295614, 0.0028179189332786605, -0.005300533186106271, -0.004935214001800122, 0.009543624931162632, -0.006038113579277267, -0.009171886315438462, -0.00021328106713022502, -0.0017647863409912907, -0.02767848870664381, 0.010307681200455627, 0.008669093193040586, 0.041257831181504646, 0.008380552211575045, -0.042299182071625384, -0.02484367275749736, -0.0050456086868385045, 0.0005488527138266349, -0.028584462589067817, -0.00990074127832399, -0.042059290595828, -0.011291879289836068, -0.053761500401973805, -0.011564546487380008, -0.06073688660257634, 0.03591928840364407, -0.04177154602797195, 0.011226616346938958, 0.028266779689440722, -0.025026869956440385, 0.029016816772257065, 0.025344240148679757, 0.02511850685097222, 0.023607544505566347, 0.0025800893488077026, -0.0381823969501613, -0.0069745336920209455, -0.015393191151368823, -0.016085905531933904, -0.07236187400346443, 0.06521817375493578, 0.012522147180226144, 0.018898410578960207, -0.037940149972678576, -0.01056347093849008, 0.039903111647462346, -0.02906888362646978, -0.014457638243759343, -0.034114596537498036, 0.018199533231407796, -0.04741705521456595, -0.006994149291325329, -0.05232311597252259, -0.01859700369716889, -0.04570914958024462, 0.0525711773624874, -0.011189625318694751, -0.001277079154925175, -0.026920932709567105, -0.024989505144535146, -0.041898888127328775, -0.0088115806982861, -0.01676392169102346, -0.061127833605020984, 0.02323044435570707, 0.004110919042335614, 0.025853505376622978, 0.008786957897742897, -0.026169381087836903, -0.109486958266719, 0.01279283070381647, 0.04592922277791501, 0.0246560305051181, 0.002894016395456667, -0.06221750813058449, -0.026521939295949235, 0.013446970938373864, 0.015065174872012525, -0.011119239868976094, 0.016969635546231435, 0.04433427970008178, 0.007428818445324282, -0.07618637607243339, 0.030442712321226955, 0.015893547929194382, -0.06834737856377253, 0.037950490827176, 0.06382074971144225, 0.03885256619185018, -0.06009691787364535, -0.07488812079392301, -0.0021470736389776995, -0.030498972123064717, 0.008915239975334256, 0.00839400618545816, 0.018940279695147864, 0.006568283162321109, -0.004204064297994724, 0.0664962257404091, 0.016744349189234505, -0.010304507707638152, 0.0027942318776417578, 0.003198447180708333], [0.023711134957407235, 0.04903568109552775, -0.08949360506465588, 0.032033468692369095, -0.05633400193009487, -0.0009773325840030695, 0.030794506443287854, 0.008547773742489736, 0.003951225193464344, -0.009069760946297491, -0.0015008703517786388, 0.10190875071944265, 0.02868597388623685, 0.23606746093634443, 0.7493980063631778, -0.007119456816239734, 0.005593543567850822, -0.017301214744787134, -0.005453828115038001, -0.006571073889999966, 0.01598527113251625, -0.01224708674008582, -0.0002931413961376264, -0.0033078841412801205, -0.008865777418483246, 0.009351995180840447, -0.028909328732230337, 0.009350209661045493, -0.009763683533064744, 0.012763494774561523, 0.053479097948764015, -0.010126022958039176, -0.010326682977750266, -0.004416977781510732, -0.04149824239553531, -0.014028853626154893, 0.022741828426561857, 0.02256938255692842, -0.04278053233288746, -0.03906126186054028, 0.03580623670036056, -0.03599027681550034, -0.001316070476905039, 0.02878365086617222, -0.004878027767265304, -0.03307473126169875, -0.008090631182930736, 0.021812983804509654, -0.005248330550502845, 0.04869345081517891, 0.02006586901237267, 0.09687754830826507, 0.021582528060759852, 0.0031757596949530424, 0.042083399947268445, -0.02047302325925195, 0.03458453465143017, -0.023363658399943237, -0.004152338237956392, 0.033726599221542634, 0.030497575319226998, -0.014396597316162626, 0.030224430258090386, -0.016749854807746812, -0.01654593346617513, -0.014508094438481348, -0.0012903838639584102, -0.07432170642933877, -0.0031153995114125495, 0.011963488027198708, -0.057832219056770835, -0.03412929174183967, 0.04175454235099743, 0.10233770800152807, -0.006328643709892094, 0.0007218103701195365, -0.015698124043399785, -0.04293653593760125, -0.020141325157625956, -0.13680187395291915, -0.01620400092817665, -0.05222969259333298, -0.08409426919631384, 0.013359663060865593, 0.03151188179236665, -0.037137107359374325, -0.03157902801684246, 0.0028597114225364863, 0.05523146714714564, 0.023630900701241214, -0.022405682136343107, -0.00207987652603684, -0.007300523857069913, -0.02598455351923438, 0.03532577309279994, -0.021155133052414864, -0.017022968586