{"inv_metric": [[0.4925175142501717, -0.28358851653889894, 0.04487265762027185, 0.24095506887236562, 0.02083276659590508, 0.04261596565906087, 0.00902788212568614, -0.040377782816395126, -0.027405530979800318, 0.02529679316477311, -0.046349488338825656, -0.04457704409529921, -0.03331659101719685, 0.003702210921194144, 0.038673648288643656, 0.0071159785928645, 0.004636484467498611, 0.00784086688620385, 0.0017998763148869468, -0.006802203493751106, 0.01176022566479629, 0.005306121637634016, -0.01126296044062987, 0.002019620707193471, 0.0032568180372148053, 0.01629230702863925, -0.00931417782087059, 0.015675922408400062, -0.00015005108329006503, 0.0020068896360779494, -0.07316096604298689, -0.06402300270413647, 0.024353271220725992, 0.029259026297137534, -0.01556319895025308, 4.550187137712888e-06, 0.046685933405457965, 0.06117489391529677, 0.010172981277022724, -0.045666727947104725, 0.02962221876629693, -0.004953068509629515, -0.057763609219139596, 0.054849645570756014, -0.04557051194842293, -0.10075472136325421, -0.0093320357320168, 0.00777332436127513, 0.03570619505050127, -0.0007400007488418554, -0.016255870779848015, -0.021145737214261343, -0.004252222006924014, 0.012890031663406385, 0.01636545131644401, -0.0061700742826922336, -0.017952301914404164, 0.08842950783607118, 0.02306233078977244, 0.039229988003660295, -0.04467963806820551, -0.02752907933373861, -0.07450236062292193, 0.058580958015754, -0.05620110905407522, 0.01689608843999374, 0.04396764867898045, -0.010927046002021637, -0.0050330888206693404, 0.012488671134265697, -0.043277591653919395, -0.034619940266843625, 0.03601248145014369, 0.007970927741707648, 0.0015001617017987043, -0.02252779309795322, -0.04599044025668905, -0.06680899289900977, 0.08003136847193904, 0.027120568367486008, -0.0029039166539027404, 0.05149256791150811, 0.010247859474851847, -0.005804828668989326, 0.024611137634150036, 0.028658171038491814, 0.05743767138090653, -0.008071420398553412, -0.022979281638496142, -0.011746172502005974, -0.07628032599152981, -0.05039392154380558, -0.0013976003116474255, 0.018395006463002073, 0.008541705501008719, 0.0021775678519756333, -0.03923089454008317, -0.02229488801141356, -0.009633752157581192, 0.010988721345665378, -0.02324288425018362, -0.004613101976550495, -0.01743739104370274, 0.024437940692282525, 0.006462047720037159, -0.09380694329624688, -0.0818982606752005, 0.04730552000935891, 0.03690880333530879, -0.013052947787755226, 0.030263000978665782, -0.06351655575063131, -0.05953982014976379, 0.024533917976848757, -0.03398452332827332, 0.025450316216395534, 0.054619916544114896, -0.014787824340013403, 0.033765237051040065, -0.04055504229765518, -0.0024583791826902433, -0.0015769390095846676], [-0.28358851653889894, 0.6860907149900999, -0.09322834927185845, -0.20238993000022026, 0.026846386075733888, 0.0042748660529100925, -0.010174638318703385, 0.09731617176773048, 0.0400207116051221, 0.016874783374006545, 0.06124504627762044, -0.006600030611681625, 0.09130430181683195, 0.03923599122070376, 0.05689885410275814, 0.002662296768665518, -0.02384755742989286, -0.0006196376768238753, -0.019398951979003515, 0.006219489948263065, 0.004212365100790839, -0.011660427544674005, 0.01033249941903043, 0.005958481638569371, -0.0050007104698345265, -0.009689377738312363, -0.0010840808245751912, -0.012019928659887873, 0.0015151454535671312, 0.007533672261700944, -0.0718310380849464, -0.03589531205866113, 0.01678962015403, 0.00637566851875579, 0.003045531754356278, 0.027414590123534102, -0.04798976172015731, -0.062393194811957375, -0.018953941252256544, 0.06092423514094021, -0.022485270962733207, 0.019125906410350828, 0.06459786939380398, 0.00872448900725837, -0.012468721403829293, -0.0059321027616571044, -0.07761890792618856, 0.024060098205751352, 0.02468995505065238, 0.017394375601624743, 0.054521425352774745, 0.01024383610587555, -0.04702093259806248, -0.030739516907271423, -0.008583530241329488, -0.02982644942985942, -0.013425930397569934, -0.033398408498638066, -0.008513142094040188, -0.013706777955230051, -0.0031151669646146862, -0.05127586200789273, 0.010062204595243969, 0.06359158075781618, -0.015833022966021643, -0.009609824740165411, -0.05226262925661503, 0.06682799881077958, -0.02611503814851771, 0.03385728312313412, -0.027576437772328693, 0.0346580443079582, 0.06480801258617483, -0.04845930104327287, -0.056265181787548885, -0.09351580853409346, 0.0040465056019277305, 0.10198518720431118, -0.017895349985730363, -0.017933285618255305, 0.04742950643610508, -0.017366360302730657, 0.030888350215025843, -0.01726909512670652, -0.05641729623446739, -0.03327850314412346, -0.021767736227518767, 0.030412756195074876, 0.05683313118829438, 0.06163217963296582, -0.06575962435782565, -0.03746653112354064, 0.03670345493145711, 0.02986951454159942, -0.0023259405771222787, -0.02911745052994737, -0.00705694980317309, -0.08880152161980671, -0.013519074332886615, -0.0029005925213526954, -0.04499611876673037, 0.014689809874440128, 0.05928078404476053, -0.008888026352524961, -0.07006421537511093, -0.026224140850276564, -0.013608818900355826, 0.013303487689071377, 0.0339710379195851, -0.014172174529106614, -0.028026975741731307, 0.063986971923702, -0.03181677016678819, -0.028438139020420184, 0.08820615693853276, -0.04083364278741716, -0.033411023844364236, -0.04512231229827457, 0.05571882940741181, 0.01810869182124627, 0.007242348828977244, -0.0031206242328059713], [0.04487265762027185, -0.09322834927185845, 0.3588244132191408, -0.05817093784819293, 0.034829251114982265, -0.04072340842360266, -0.05844742265530763, 0.014491966615291904, -0.010230121181498441, -0.1713283892207028, -0.011885614208799382, -0.05682744095547148, -0.0611799750032196, 0.021558861569891553, 0.03415304685097407, -0.019820520376212215, 0.015156910929392569, 4.2871853727738355e-05, 0.005634365945517286, -0.004952600225118859, 0.002828722495693288, 0.000625324364700567, 0.012521675498345748, -0.0010404758191075475, -0.012498957995326496, -0.0028796369405327776, 0.008683706307595572, 0.001576162925560979, -0.0031964182648996373, 0.004020742807792341, 0.017433767076894112, 0.029507292128683055, -0.08496737987209346, 0.03439284642235796, -0.03283990153765606, 0.01286783636333788, 0.011330416275843169, 0.03711697993539254, 0.017697632843878045, -0.026154513842340875, -0.009387507883775034, 0.01545738705167643, -0.03755999930555878, 0.02008612071507609, -0.00018902610048963112, 0.03653076995637073, 0.02188610031957248, -0.07886910452631725, 0.01962193801140309, -0.003028909222913857, -0.039498008306992245, -0.03898994195942354, 0.02761680870678822, -0.01032406162031375, 0.010633331565872569, 0.035886498447446895, 0.013920265693035516, -0.010803257398902675, -0.02869648908425901, 0.043458900721516217, -0.019754650707833617, 0.025802595727042722, -0.021764829987045473, -0.004574120391433527, -0.0181472802668231, -0.029736935903860565, 0.002815032839943453, -0.00495778702142485, 0.0046500187518462716, -0.033248627450319715, 0.01441467028651717, -0.008122711312075407, -0.02828277705561394, 0.015400203576607261, 0.01594229022050252, -0.06377349543895922, 0.04210004858192411, 0.020556939638565298, -0.031216918756024437, -0.028738621524578453, -0.018924282893127375, 0.02574974590587518, 0.02945445006137714, -0.0062230399313270915, -0.10826117360363585, -0.02121493880343448, -0.07342514185230244, 0.03376562353231726, -0.005713477777784743, -0.030116792878832926, -0.02453975233761486, 0.09809826791803071, -0.10133487105171636, 0.007432230427968869, -0.04588681776264007, -0.03054927292931438, 0.010118981663635312, 0.009624083457562436, 0.0013837665837140726, -0.06888717418435342, 0.023119513832778042, 0.002112247297322946, -0.014419937248112219, 0.028406697186606576, -0.018765721363654293, 0.002648778277353853, 0.04013812326926948, -0.07964667312809172, 0.05791455199904459, 0.02882101832943731, -0.011029397608617268, 0.04129925619156883, -0.028429759147932603, 0.007014907780906844, 0.02167380116582331, 0.05996613637061731, 0.026960847312903484, 0.006631161444565509, 0.03575147478211092, -0.03658079204194387, -0.0014593239126389197, -0.011050696085597172], [0.24095506887236562, -0.20238993000022026, -0.05817093784819293, 0.42147126122679285, 0.020050465272216864, 0.03722479842261616, 0.05597673903086013, 0.04385152644499987, -0.02363081408779917, 0.10240213898053123, -0.026190363422777918, 0.03523647752796877, 0.026728003223513146, -0.060832073498864304, -0.08172166025111603, 0.007949281538416765, 0.008094605287757075, 0.004663895390724306, -0.0028187993323539632, 0.008495025076756079, -0.01199578745155979, 0.015127524113592547, -0.006083705081378401, 0.0021220888926813636, 0.011414955771921408, 9.497698360225733e-06, -0.0026563583931140024, 0.016270488511192612, 0.011098374571918253, 0.0007991955704066766, 0.0334154412423051, 0.0181540050971335, 0.05638892498231957, -0.06448745036771981, -0.024610499655201807, -0.022719925377916072, 0.005082201973415663, 0.07103869741847395, 0.016024663972044346, -0.040612050412596155, 0.014472935295495155, 0.03033945621207068, -0.00379385879274565, -0.021703635954869526, -0.10964094328296338, 0.026567546612592568, 0.06462549650083961, 0.022741631070080565, -0.07547790333660892, -0.03286461519252875, -0.03963046585442405, 0.012877606333765284, 0.015141756205629811, 0.019418136447055697, 0.02954314623345283, -0.0776960731947783, -0.01641477552372772, 0.06010621803810163, 0.026140308213399046, 0.044449245763462895, 0.0253007123126317, 0.029851557319554342, -0.060257206169411506, -0.06513723482102739, -0.04735269347691039, 0.022073416952672783, 0.053204648056483096, -0.003994823492159214, 0.020532887591289933, 0.04088598157599006, -0.04966673691044904, 0.025650755845682865, 0.024384868741345482, 0.03724787392880032, 0.006357375225211403, 0.09330105308248643, 0.039081658725563774, -0.05503994609588894, 0.00026499124828416673, 0.022784610454082928, 0.011585132092414007, 0.05848115353724485, -0.03951884871852308, 0.014600371479542384, 0.029849560829992166, -0.0007321107466178986, 0.03051105380364386, -0.003183984548101601, 0.034571916827964747, 0.02925583082405375, 0.03319384249387103, 0.02741797448836605, 0.031111901373543974, -0.06782301304279548, 0.02709020675984656, 0.018651517193966242, -0.03631196959831626, 0.03087431167021305, 0.008042627837822862, 0.06368064509532444, -0.02562300270645829, 0.008656844436554878, -0.03201823790798914, 0.04367749197054929, 0.037750444162264654, 0.019994431118847068, 0.01826511134554439, 0.08225520769833267, -0.09682916413136598, -0.033752497046437055, -0.004221850312304177, -0.0024081165719154235, -0.016057484497095115, 0.030819867228381384, -0.04040902173698145, -0.029677677115611013, 0.021744584761010204, -0.013298526825876008, -0.0008819933907570923, -0.005106191961778978, -0.006914811366042689, 0.010825719321795494], [0.02083276659590508, 0.026846386075733888, 0.034829251114982265, 0.020050465272216864, 0.9728374872765913, -0.0203218265609811, -0.06967981728378142, -0.027346011245205182, 0.0075056036147649816, 0.02203990424973107, 0.023350916563128772, 0.0007127210346041506, -0.018062151044642174, -0.001235960122490706, -0.0015846426703061067, 0.00353692017013976, 0.0025188666515175324, -0.006106979816694633, -0.01715605864406861, -0.005147263289943684, -0.00584732121317125, 0.00388723712452505, -0.0020755705809274994, -0.006553837088715301, 0.005900825209221378, 0.0016826653737363466, -0.002462315420472748, -0.0107739437804327, -0.016718711419171774, 0.025134308556367165, -0.003257009069574273, 0.005487571248988346, 0.006481404571138923, 0.04405651998202707, -0.01067477407296951, -0.048238230321860184, 0.005784291692731626, -0.04682680681043497, -0.0071784505563726635, 0.06698940743423737, -0.04012940623085459, -0.014746975659946197, 0.009235866528933195, 0.04273599918558506, 0.019113685801629816, 0.04742154696330957, -0.05602204094525595, -0.0583026582563638, 0.04478767378566241, 0.003470737322546279, -0.0783645497816841, -0.11014466535600717, -0.04994366448035862, -0.04066982138096973, 0.11218291341943513, -0.08916667929422581, -0.018278138236104816, 0.003912872500854, -0.046350042693336944, -0.031969552245345874, -0.03192092012536882, 0.0068344938797304, -0.025387678247376342, -0.03725976495554634, 0.03999020574521045, -0.046543488128179294, -0.06336261779884915, -0.04894300085498571, -0.018027442700516174, 0.0024409434786970287, -0.026181250904754927, -0.015528768170754867, 0.016556828318766908, 0.00018066506523772526, -0.00809052475131157, 0.008152724470430634, -0.00018186127149343644, -9.820140625525477e-05, 0.00955094153224434, -0.045818252340605464, -0.006507901609851956, 0.07500267864196075, 0.06845147687557923, -0.0065258041717445306, -0.04906744491350206, -0.08407921102472501, -0.008442888225210263, -0.07970981165447893, 0.015585051297855522, -0.04529764088764218, -0.07786135186481095, 0.061805034205840555, -0.02611536272592999, -0.024288106035196284, 0.03665086572647978, 0.0833314050487693, -0.011101906182803715, -0.05272904971235796, -0.011847771055287268, 0.0860443091409566, 0.0009155085637289877, 0.028151339963749786, 0.0725266267109455, 0.009571456865456579, -0.021865740888190013, 0.01824467848659766, -0.0028850100832812815, -0.028156842162691757, 0.0011495951547960484, 0.012694594411910107, 0.015213988510433483, -0.0230965200394259, -0.03374042380820538, -0.005285855128998984, -0.033133634483791745, -0.045657655704915104, 0.001164230316001362, -0.010938490056527686, -0.02195124925474755, -0.04300026153277813, -0.0010327315074865262, -0.0068666115957081945], [0.04261596565906087, 0.0042748660529100925, -0.04072340842360266, 0.03722479842261616, -0.0203218265609811, 0.4616908203472383, 0.030820322872922704, 0.06895995837537311, 0.0105594283820293, -0.11727422407447138, 0.0820707827799489, 0.020504915756378684, -0.030552621599876553, -0.0008942347014824444, -0.0025208895716056666, 0.006734049519845617, -0.008693921393257923, -0.0042136894024501, 0.0013616353884607945, 0.01564903914785896, 0.018327785530724568, -0.01114464626660857, 0.002900720180680447, -0.006330743033084343, 0.023178332715975653, -0.011722754333225779, 0.00589737719173606, -0.004495324731235282, -0.0030890785027784993, -0.006697665220601935, 0.026807638700076842, -0.042816497996591714, -0.023400332954187177, 0.05373661188464036, -0.053357459918001844, -0.0311458673358539, 0.03667124214850613, 0.001834186897169429, -0.008615595823231834, -0.055623462872725175, -0.022444691657071095, 0.00088859804669959, 0.07218179070525904, -0.012707473723437977, -0.03801543368554741, 0.03680275028258633, -0.01592005670741101, -0.018248818576638622, 0.05869580754636446, 0.040503794778087195, 0.01039081507134891, 0.02347615709638481, -0.015656107186176896, -0.01177414712911747, 0.04620256568948065, -0.02242991501745578, -0.019069150700668572, -0.0595379662965995, 0.07890709989393424, 0.03908237894686176, 0.045824866207229496, -0.042412368018319324, -0.020344127583242503, 0.0843629831981543, 0.0034493809567253384, -0.010280703143117707, -0.018087579594834813, -0.013984687605489017, -0.050671930551911895, -0.04272919673170742, -0.012010191450328804, 0.0048951387057763664, 0.06794330597861496, -0.022121988841507484, -0.023149419466253852, 0.025468025349005354, 0.011685710306282456, -0.04536483656151935, 0.05074630970347986, 0.0012630940971140158, 0.012971055043705479, -0.006284870812955834, -0.05745503967585359, -0.04499421467321662, -0.031210650748698106, 0.07072598533585135, 0.018165716144299994, -0.02492953232902021, 0.04632595953194806, 0.053327192009187986, 0.00734703908348335, -0.02314882740764312, -0.007671097264846539, 0.018810460482318152, 0.02047579847603608, -0.033849544964865516, -0.009123088056954842, 0.02660246884524517, -0.009429140389203273, 0.015418607441015829, 0.0010443394399163217, -0.03766069887207595, -1.764184820349323e-05, 0.022550251167917524, -0.04176052236523121, -0.04106662111723556, -0.0003176381121076257, -0.027344918251085194, 0.007173767938586538, 0.004197710204003059, -0.0025356081766841564, -0.04155870890507332, -0.012893949726489266, -0.026825909866605695, -0.06477603482952901, 0.0023118648054284365, -0.014714910381568603, 0.021134047043948015, 0.020506545516646983, 0.014828182867872462, 0.0007434522428879083, 0.001691178118986407], [0.00902788212568614, -0.010174638318703385, -0.05844742265530763, 0.05597673903086013, -0.06967981728378142, 0.030820322872922704, 0.9553054019978194, 0.006965979719613648, 0.031848290349508424, 0.016180464264755046, 0.025664551320166182, 0.0384567418660485, -0.03568824136190781, -0.005399734338770671, -0.01557220149609301, 0.0021721820918078737, 0.00513220031074631, 0.007950275447211162, 0.013931320775020782, 0.012648954895923532, 0.0004098138218360562, 0.0004543775492008434, 0.016553354011714726, 0.00795351973459243, -0.00855768365078564, 0.005756814928628109, -0.016792948305763316, 0.00551086641304163, 0.013969815034587928, -0.010757107106990063, -0.05385558546731858, 0.0517507721644427, -0.060198374440114485, -0.039077409267489926, 0.007882984540319625, 0.013206590090002558, -0.07859665054259253, 0.06370220392095173, -0.03501987379763989, 0.016816996176263928, -0.04462475603705639, -0.028204582331437376, 0.009072727859477228, 0.019180227890174595, 0.00111824367940286, 0.010279448052957585, 0.07584495815662093, 0.020003450039932383, -0.01829020092721537, -0.028407840563517226, 0.02018744748109442, -0.060451982917198596, 0.12691972765269796, -0.045248369240570865, -0.01707278042010212, -0.07592649395469893, -0.06735524093636942, -0.04821824069535739, -0.0027259864140478517, 0.01626132691490961, 0.050485807686198814, -0.0531631077318485, -0.0009024354766542398, 0.03538726678115477, -0.07245056590603825, -0.01593917130788753, 0.08973155827011643, -0.07077622243156571, -0.06172471698622757, 0.08978148220145371, -0.04179951946999128, -0.026935491026061294, 0.06356260397201637, 0.007637863180303899, -0.021084807537863386, -0.00416689875316184, 0.04973704392630516, -0.0436419516511401, -0.014488850076750794, 0.013065416582851942, 0.008519462626066242, 0.0357644740950111, -0.14011411382456262, -0.03682005044330926, -0.028432366074209466, -0.025577936988393675, -0.09515173827801848, 0.04111397887756238, 0.07023368421097279, 0.06731856031812505, 0.09996116414996281, -0.0009107068963351757, 0.007574557427891303, 0.03275457360931247, -0.0732852972176185, 0.01856293041407212, 0.014071937682342023, -0.03237427416018656, -0.06025641538696728, 0.08700022842966494, -0.09496297492299316, -0.0606840885251374, 0.02494051647808151, -0.008133790591517528, 0.01826265807277817, 0.030987372616898115, 0.020136036275616918, 0.0021909651681223494, -0.025023971068260348, 0.09615850294697983, -0.03930107006756005, -0.09606743374858076, 0.019863856333719756, -0.05551085399367871, 0.05450649007225123, -0.031138445072242865, -0.05685346538849211, 0.07577801945145629, -0.03507313260316251, -0.0013619247549609187, -0.0028813383503293374, 0.006042250241079281], [-0.040377782816395126, 0.09731617176773048, 0.014491966615291904, 0.04385152644499987, -0.027346011245205182, 0.06895995837537311, 0.006965979719613648, 0.950334416108596, 0.027700310971679708, 0.01548893785612148, 0.059131971077447505, 0.04262428124081917, -0.007066900885647415, -0.00810930803878594, 0.01110695793086639, -0.013728469797706018, 0.00582840262076861, 0.0010162640179962497, 0.000944596610440256, 0.029103208080589152, 0.01392195708075935, -0.014293382471709387, -0.003529902186211191, 0.0008231051697383786, 0.026410864478900148, -0.0034420214680563562, 0.0016888027118563316, -0.013138124917767299, 0.01365418206514846, -0.01406820794057029, -0.021217437421111904, 0.05410297612311562, 0.02177189137273131, 0.0077405550006778715, -0.015181685792271676, 0.0007405474211522732, -0.07125637198780058, -0.047570022219123834, -0.00048028804464705346, -0.06426506645853815, -0.05598915386164768, -0.0007731871955041718, 0.05968044223144319, -0.01268057368743749, -0.0767062135350447, 0.026926882185148358, -0.021074768448441163, 0.0011787126823706372, 0.041079481232958494, 0.06721780975335868, 0.0026190301507622352, -0.049428909572162484, 0.03686013411663889, -0.035776271320463696, -0.08676253563110309, -0.06305222408791074, -0.022581013127283358, -0.04768841430343833, 0.01139337439428555, -0.022673426516953348, -0.039102538069924545, 0.027493070061530102, -0.027554516217382412, 0.0010424636797735447, -0.04118871841816008, -0.02957461036841649, 0.08361629259237047, 0.11571145080924215, -0.022168806112690075, -0.024735465182311806, -0.061702849296866785, 0.01139365533878163, 0.06441272732728433, -0.023489585668433052, -0.027556098882269717, -0.038746300775938894, 0.027853232357927207, -0.0527061659885874, -0.0064094725202583445, 0.07781327530931538, 0.07380487533544287, -0.01576974973717377, 0.017968761862808196, -0.021444422792367197, -0.012979353745668462, 0.016040356546490067, 0.028943225715769634, 0.0027106826988680757, 0.06356177436036341, 0.0068491065183125975, 0.01563872135476497, 0.0287815685613835, 0.021040619167810068, -0.013342672115605782, -0.05173803286406123, -0.05174710348599014, 0.043562956211580385, -0.026524384437946677, -0.04061241169844519, -0.06881399838980598, -0.0724183027056333, -0.018033176940704193, -0.01590365045655814, -0.055794129569830604, -0.06559007408725986, -0.07133534166481637, 0.07332530853129617, -0.016760091234478507, -0.029220749632277155, 0.01853718800707069, -0.043554831385500474, -0.0871001524173771, 0.031581538343311955, -0.0340864569996378, -0.052154397476285176, -0.10106525116521682, -0.029597275640244766, -0.006786158076903139, 0.01907329878261286, 0.01826628382179448, -0.0027802292851333817, 0.007494971581546963], [-0.027405530979800318, 0.0400207116051221, -0.010230121181498441, -0.02363081408779917, 0.0075056036147649816, 0.0105594283820293, 0.031848290349508424, 0.027700310971679708, 0.057669623285622584, 0.004695139797524509, 0.010420077724484599, 0.008503491563918764, 0.012384011963653902, 0.008679075874894374, 0.009388699440259208, -0.0030831934345560345, 0.0028225321667497316, 0.00015681568639081545, 0.0007908440841798851, -0.000494353459131327, 0.0006291196665726675, 0.0007482615076544198, 0.002376332161462495, -0.002998971454429619, -0.002664634492204921, 0.0030507623825693146, -0.0026145892061814006, -0.001058920974022749, -0.002564913358637883, -0.0018793741891740862, -0.00803501992613055, -0.014354176111701623, 0.005677824254558952, 2.6763832237280895e-05, -0.019975505160044683, -0.0019554143748186006, -0.031358526138143675, -0.006113913518668458, -0.08682760813659189, 0.011465124606705006, -0.007725692701122533, -0.006871202138608673, 0.0029559903105594284, -0.0016615753871891184, -0.003205720608853182, 0.003470762082735377, -0.007680951856378464, 0.0014541652274253003, 0.014884301367805233, 0.03088989900624264, 0.0021346028318840913, 0.04109612747976544, 0.00804722345609184, -0.09103661808880437, -0.01549374504237221, -0.0015628497901738114, -0.010489697480069744, -0.0023383041346954686, 0.002137040026901024, 0.010028164611958651, 0.0018186404687582241, -0.009808929806579653, 0.01764844289538956, 0.0015940177154424372, 0.011326641446679516, -0.02044147387527537, 0.004325856738968047, 0.01247103136368643, -0.09017487485876796, -0.011493387449965906, -0.014067238791202068, -0.014284706353943114, 0.026284065679624158, -0.009845548907655943, 0.02305341691876102, -0.018516956265532413, 0.01423709519825576, 0.020531216562141692, -0.019847685160492366, -0.011667057178116901, 0.000511579816638994, -0.015207193410105416, 0.0017452703230536409, -0.07939789454735438, 0.006136808895684899, 0.007518389327712193, -0.001264004185085332, -0.009563939751303567, 0.003934071083467358, -0.0022277657864567257, -0.014508984978198986, 0.004263799566988052, 0.006155386093910278, -0.017226975050199676, -0.0021998838045712314, -0.005875023184497169, -0.022438350636653514, 0.0027690976842176655, -0.07866479254837824, 0.025722203498791004, -0.006060989811231967, -0.011561782352335554, -0.012420871273801171, -0.0017075121026888952, -0.007563486231047554, -0.002456429671762867, -0.007554762232789157, -0.005278029968121825, -0.0008032146541628687, 0.00788631482724481, -0.011736432542286457, -0.011593300046194807, 0.013531608752249992, -0.08262830311674596, 0.014081578942414644, -0.009612340884659197, -0.006270276743990451, -5.88658225627223e-05, -0.007194288709703415, 0.016967285741808922, -0.0007505626981795215, 0.0014786378989796597], [0.02529679316477311, 0.016874783374006545, -0.1713283892207028, 0.10240213898053123, 0.02203990424973107, -0.11727422407447138, 0.016180464264755046, 0.01548893785612148, 0.004695139797524509, 0.5745571579825369, -0.03853885839933303, 0.04076753838297554, -0.07249162339623932, 0.0236221228536682, -0.003136278946441339, 0.027043368581808506, -0.00814301919103525, 0.01822634624266706, -0.009084356124911113, 0.019576984891917705, -0.0017044167114159759, 0.01702640369819071, 0.012068041484750654, -0.01143240199092816, 0.02418412099393572, 0.001629473687486557, -0.008583606616787426, 0.006969408676163628, -0.00417946198575736, 0.0006429844645140731, -0.008914382703483315, -0.02747840807584226, 0.03664071005518554, -0.005021032393979728, 0.015211219012431594, -0.07133712591259528, -0.05930033280820627, -0.03629170078142925, -0.006758474899873057, -0.045633755092451836, 0.05175204148553631, -0.010107229127690522, -0.00857935450989464, -0.010222777113969095, -0.027104404077677644, -0.04151992857181142, 0.026524828962430382, -0.03168434401807755, 0.030779714042544763, 0.0535297563667343, -0.03454649316925105, 0.01279422891521417, 0.005056857651924867, -0.014987858449773123, -0.04352672549739797, -0.0172658479519656, 0.0048317181173323405, 0.032366435650517555, -0.006088263268452664, -0.023113394717163862, 0.014152230338689958, 0.01752024884155079, -0.05518725661460398, -0.006364588328768729, 0.014759278805953544, -0.04728086242129682, 0.042714907677829476, -0.0485519438566114, 0.007725964428273388, -0.03259829803477042, 0.0004369425843339802, -0.008773874604794967, -0.0014796279775566936, -0.011217567205567896, 0.022012773589427173, 0.09683185065589607, 0.01662956263464179, -0.17121242913619014, 0.09130030072972047, 0.0032855768290970516, -0.01848927357385519, -0.05779026983535828, -0.032156919656816954, -0.011318169783392852, 0.10182277803046551, 0.07071151816449739, 0.12624850526809744, -0.0152852003352541, -0.046923891311901264, 0.03281458155845638, 0.0023324900291785667, -0.051798562295622075, 0.013386740945677676, -0.008820488255545572, 0.03162055625613446, -0.023411775178407132, 0.04771962956865166, -0.024783277133864284, 0.026423275079316043, -0.01006988066054715, -0.06193158469853592, -0.021582835663394768, -0.04243646034148623, -0.025655126237562245, -0.028206920387261906, 0.005271391467846639, 0.016326194823219533, -0.010217409358348714, -0.06915428861075162, 0.003452314851160393, -0.02337528763411429, 0.02622225983839106, -0.0056083621617562555, 0.02483027942328138, -0.11366501464549618, -0.07418515997919652, -0.036542005605792904, -0.05635679764394641, -0.006346842370589737, 0.03285227922162494, -0.0023940923795151905, 0.01766169726367646], [-0.046349488338825656, 0.06124504627762044, -0.011885614208799382, -0.026190363422777918, 0.023350916563128772, 0.0820707827799489, 0.025664551320166182, 0.059131971077447505, 0.010420077724484599, -0.03853885839933303, 0.11933282067990572, 0.016248701925824192, -0.017491285366769697, -0.0033497006772901577, -0.006799226831331307, 0.003518983369075577, -0.004522582613552585, 0.000564161804744327, -0.0032359503064980726, 0.006972829561617829, 0.00520652359725386, -0.012089207704156887, 0.0042306820794976, -0.0013032328165327, -0.0016343560846907312, -0.010629322298946111, 0.0026212782954643525, -0.010620472017558242, 0.0029704782770339196, -0.004650958701199252, 0.012951023498754483, -0.012868404062514724, 0.010494802528334433, -0.010574617337863728, -0.014073622618950201, 0.013384047495454802, -0.004374656998165719, 0.017459883909495256, -0.009484841605810796, 0.0016187980275423645, -0.10033447319449863, -0.003163765058057898, 0.02001628728682506, -0.013845038954659881, -0.019532162248634508, 0.02732538912830466, -0.04704135099937916, 0.007123907435484796, -0.0013809399078769339, 0.037818207836799594, 0.00325244097237194, 0.006228504120245594, 0.0022929686245734197, -0.011444162784082355, -0.0011297534435917738, -0.12705787042685784, -0.014444880191257298, -0.01960358748493291, 0.008035932939930301, -0.004878733354240671, 0.016018179929366, -0.02321861892076941, 0.012268539993128822, 0.024318701481829692, -0.003959194137498148, 0.021829585385813966, 0.0004417605532209078, -0.002538733086348272, -0.02434597809597093, 0.001435801097566266, -0.0917472409937275, 0.00545987819957544, 0.042733056416895975, -0.012786386927241208, -0.01196008728024662, -0.041963868433882986, 0.033864816378851526, -0.0018794496721016884, -0.0264494231383602, -0.023550959005236943, 0.027345904968811296, -0.01955546344129533, -0.027920537205819496, -0.005941363518647121, 0.0004742577556109462, -0.08696854320530771, 0.005301745950344427, 0.0035609260238791424, 0.030401804579878927, 0.0026386545965641247, 0.0002638797400719887, 0.005201087847889113, 0.0006628403201904279, 0.009427945257882328, 0.020049691332624645, -0.004361714980895652, 0.0131478889981396, -0.019997437983195067, -0.019350898349655324, -0.004364650623589369, -0.1298973111468628, -0.006018461837803317, 0.05188992459292667, -0.02976080260559313, -0.043765290089736834, -0.02786811749978672, 0.045098656763242366, 0.0016993300257370444, -0.019902536824681228, -0.02752327323543858, 0.007337127068379353, -0.012246889514054112, -0.013556263356794464, -0.01261256619049349, -0.01430608225984973, -0.09917082684901543, -0.0006502972958626064, 0.012101708398246709, -0.004804456737417189, 0.017122735493575608, 0.0005933778360431817, 0.00039327575694368206], [-0.04457704409529921, -0.006600030611681625, -0.05682744095547148, 0.03523647752796877, 0.0007127210346041506, 0.020504915756378684, 0.0384567418660485, 0.04262428124081917, 0.008503491563918764, 0.04076753838297554, 0.016248701925824192, 0.18361210764196925, 0.008065631405814178, -0.07611326150707201, -0.12792650238549202, -0.00023061090789080414, -0.000280319162129504, 0.005483059645890283, 0.008505828370358943, 0.008085191124049717, -0.0037683832526896215, 0.0008177759013748003, 0.0012081740024911713, -0.0012102651238127373, 0.013822019279744462, -0.0029456624847040056, 0.002181957399072056, 0.0008549237699884161, 0.00265869742685485, 0.008180355424415177, -0.0005340172449546103, -0.010070654677086047, -0.020537035277489603, 0.02165885877984358, -0.01740058315125607, -0.038926923329336206, -0.0507083766958555, 0.025098111811510802, -0.016508242242547006, 0.05380880420608874, 0.004420823510697539, -0.12238686208080818, -0.029029992478251953, -0.023140354555846916, -0.022367766428432106, 0.0005677727551455431, -0.017028575008295098, 0.009596543629443401, 0.018493773022493776, 0.005746909136587419, -0.008047994658778493, 0.02178015836365476, 0.03719355911876072, -0.004425120504409822, -0.015977941404855804, -0.011802574506729457, -0.1406805856568975, -0.019269513173884516, 0.0062739111973996635, -0.044337210429667574, -0.03233047716218609, -0.015264579107703836, -0.02404490736046971, 0.017034047879828887, 0.028022552101971892, -0.00905850980652112, 0.0023381052479993746, 0.021108967356430818, -0.004428731955168167, -0.004413739004125798, 0.024504994533076904, -0.09885966119767142, 0.034993342282786034, 0.008801385213338736, -0.009945586886610113, 0.023050222292644, 0.023279749840277305, -0.06921033516788734, 0.025718661075090937, 0.0003983684926620901, -0.0037566905533638535, -0.039186038999128855, -0.03468121340815827, 0.0019544641316965278, 0.06045600540965336, 0.03564205191480828, -0.07682549823907621, -0.039578867070283796, 0.027180683688821164, 0.026939299690077387, -0.017983039723912478, -0.037175641261343755, -0.01984323803654106, 0.017093107240697663, 0.004191754827851526, -0.005078079233817653, 0.02237060760078282, 0.030294803275267963, 0.00201797739272565, 0.01730648077056394, 0.00262045242004805, -0.1242061845278464, 0.002745409059637327, 0.019483834488958428, 0.008353887054903442, 0.014793352206000653, 0.02262837548359668, -0.013594005391037443, 0.013897088331937188, 0.009985013005359155, -0.0031795767185747183, -0.03138437413645966, 0.0010070042043958329, -0.0013912720717446047, -0.0307173752475565, -0.0013938779674849983, -0.12734663545936406, 0.026990975927260526, -0.05101828111684711, 0.023051833474974522, -0.008056455015717274, 0.00500234221265746], [-0.03331659101719685, 0.09130430181683195, -0.0611799750032196, 0.026728003223513146, -0.018062151044642174, -0.030552621599876553, -0.03568824136190781, -0.007066900885647415, 0.012384011963653902, -0.07249162339623932, -0.017491285366769697, 0.008065631405814178, 0.7977375422918054, 0.032564461851433114, 0.20474419473251157, -0.006650301914009748, -0.00979894512975665, 0.0077274394565783585, -0.007545642790117921, 0.0040432002780508075, 0.004793245082842865, 0.015272388195769237, -0.01438442994940596, 0.005471647130586846, 0.004584978873549674, 0.001491585166463517, 0.009318776166110508, 0.01135934671099358, 0.0035399744582124853, 0.020617093605540242, -0.011993443097945032, 0.041239197882592775, 0.017064486049760817, -0.026655685002239356, -0.04209641510796751, -0.021713962612463222, 0.051255132356073346, -0.03031868841864706, 0.0016220947664008407, 0.029121677478023328, 0.04001320957159867, 0.037150545463276376, 0.07252462085753317, 0.0026243052991584666, 0.005816585733868958, 0.030999644967879526, -0.022813504285584936, 0.023212736956239117, -0.014988279319092586, -0.046592717769164044, -0.020747712210055218, -0.045170702401994445, -0.04655209862526056, -0.015667450317147693, -0.043401177378143446, 0.014653928460960785, -0.0032093344058323455, 0.011934166946536425, 0.03295049656613673, 0.032858993374217375, 0.010747951507201968, -0.012454830597104354, 0.0012102318726446844, -0.03349276947964682, -0.0033189485826134887, -0.01033690642544524, -0.02414401544928709, 0.013031522641230862, -0.0001797068260467698, 0.005770283178666853, 0.01633874682558634, 0.003033984781053793, -0.021664736646820226, 0.03842847366922443, 0.09520078979249534, -0.017456801352331238, -0.010168580906147971, 0.04299616211152893, -0.043934735113601464, 0.0037662125325483168, 0.017757425499224325, 0.09300170426957625, 0.06022949534729232, 0.0063950500025359925, -0.08735770433401578, 0.011304032025551894, 0.012294326160580397, 0.06346682424046134, 0.005986050482428788, 0.03900416931796254, -0.04794818273333803, 0.02985882345459868, 0.06502750946625821, -0.008641427646277365, 0.011166033858891459, -0.01178862223649832, 0.009216889050328227, -0.007493976663251881, -0.0007533277901706386, 0.006216327190801131, 0.04776020929456578, 0.07503365615224555, -0.005202627844687066, -0.049313426056815914, 0.02586498640920351, 0.056435749328510434, -0.02768172859023096, 0.07146095476352235, 0.009043381852447794, 0.03458563012775394, -0.04746397852003571, 0.04726186879501374, -0.00690827299184454, -0.002817635317857796, 0.00013567113070822535, -0.014467225474907674, 0.019197894584056307, -0.03948215045546715, 0.0182081542050895, 0.08147579651349621, -0.0034976202729013954, 0.01449420761226264], [0.003702210921194144, 0.03923599122070376, 0.021558861569891553, -0.060832073498864304, -0.001235960122490706, -0.0008942347014824444, -0.005399734338770671, -0.00810930803878594, 0.008679075874894374, 0.0236221228536682, -0.0033497006772901577, -0.07611326150707201, 0.032564461851433114, 0.12322727608246983, 0.18321864126247606, 0.0025804828863162503, -0.00035713593025028405, 0.00046678622792361863, -0.004174785721580197, -1.9438231624025918e-05, -0.004213038449029573, 0.004256744239638607, -0.002878692945181984, -0.00018973710042340775, -0.006733191935237904, 0.004066439349457921, -0.003424097604068892, -0.002513280550633063, -0.006582809846242908, -0.006042412608528398, 0.006188133778019255, 0.014438458250393789, 0.007205803459060323, -0.01098159666803149, -0.014554082980265295, 0.012372676223539637, 0.03764353943770497, -0.02074219499299461, -0.008159254439546834, 0.00810212873588398, -0.002153839335894945, 0.002552753155361924, 0.03133817514352075, -0.010428199381399054, 0.02131624558952623, 0.013507595746529969, -0.019224821177803716, 0.0032970287810354043, 0.008045668226274436, 0.025735076951048742, 0.01574751304129788, -0.011635000082941133, 0.007449615530215798, -0.02225736332864977, 0.013173560126949998, 0.019574987876635103, 0.023929407191954525, 0.016005479783663876, -0.050228503880772137, 0.010901646883462996, 0.06043982512223166, 0.012159260296980166, 0.02346953639695335, -0.002164284761411378, 0.010645871847964276, 0.011733738904556422, -0.006288946686438853, -0.01377243079051875, -0.01906005480506057, -0.0008811240781098906, -0.008423515359828045, -0.02801887300342582, -0.022718292277003782, -0.0540691543638825, 0.04122008421270493, -0.008025863914106635, 0.008068410179912451, 0.028922200488694795, -0.030325333105695174, -0.008880566572361196, 0.01356439161999065, 0.015496530671090481, -0.006280815145419034, -0.012857248705021807, -0.021678056874800906, 0.0026170158812298945, 0.012322128523627216, 0.030037746808968008, -0.054860925373412535, 0.010678936357987783, -0.005548450550226186, 0.01955064480561918, 0.019377530236083376, -0.0287607025829772, 0.00331153739604196, 1.6584894581568137e-06, 0.012346588771866535, -0.024713213561468463, -0.0037948448465288244, 0.0022173302584216795, -0.014902292465993767, 0.009867007700123746, 0.043036650226724905, -0.07716501351810891, -0.012611576199488526, 0.009175561248371813, 0.009996277144876959, 0.006698991956591651, -0.010346856072130628, 0.022710800946102585, -0.006908888701081593, -0.013580695156844968, 0.025134407793604558, -0.006393215138195891, 0.006311833276451869, -0.008381450546302568, 0.00900688031356919, -0.01558692313695092, 0.004885874804334547, -0.007919611355917146, 0.005230742742982692, -0.0005058033161003583], [0.038673648288643656, 0.05689885410275814, 0.03415304685097407, -0.08172166025111603, -0.0015846426703061067, -0.0025208895716056666, -0.01557220149609301, 0.01110695793086639, 0.009388699440259208, -0.003136278946441339, -0.006799226831331307, -0.12792650238549202, 0.20474419473251157, 0.18321864126247606, 0.36684161220162104, 0.003444475117948709, -0.002918115532904994, 0.0012149875940846773, -0.009335259342466916, -0.001129681078871484, -0.0009290235883607059, 0.004584779713854087, -0.0061637909661382845, 0.001572144087598935, -0.014313281361304274, 0.005421846211341122, -0.005116031381807103, -0.0024893513632728353, -0.013099786696076471, -0.004844958608098653, 0.002293396758541742, 0.0054080987583200275, 0.01960512512265695, -0.026578777105037785, -0.03272666419431169, 0.022477012530173427, 0.06302557125041226, -0.026642458714011514, -0.012409360240568804, 0.011434193153048711, 0.006013011617129206, 0.012528963694793317, 0.09880589760864483, 0.06573407089195069, 0.013138122580251769, 0.03290588661552249, -0.04629435788541508, 0.01740810835517755, 0.0015317450323691485, 0.04083216765907072, 0.013430612938843312, -0.03104174204528788, -0.0024429352778247947, -0.04162091452847761, 0.022178545232995617, 0.02692157633470403, 0.02088604561687592, 0.04554734459578192, 0.002630278586512569, 0.025835593101030035, 0.0855834806311831, 0.026945275061809316, 0.02373103141827083, -0.006454724353755119, 0.007476926057984171, 0.025974818152717242, 0.002591991763489879, -0.004118725819068214, -0.01920460903387105, 0.0017548069674692185, -0.008898385312557398, -0.049936962281270626, -0.016350898126132614, 0.0023032269605103156, 0.024486118608427317, -0.014472912638588506, 0.001027775788419179, 0.051836270234767945, -0.0771800852582446, -0.010595389783667265, 0.02614583141164906, 0.05386493753328581, 0.006604017348727643, -0.023415265588652177, -0.06444464421175616, 0.022658757885675642, 0.03844658413581736, 0.08638334987748902, -0.03486972480373555, 0.01295358999349067, -0.016799684875493145, 0.0426374299700168, 0.045851989551979076, -0.0508167750