{"inv_metric": [[0.42038512775823084, -0.24742028323696572, 0.06314600989376869, 0.19264934274619044, 0.013828784442417008, -0.023347484132694187, -0.015231949891177023, 0.018849317977728264, -0.03351491255926092, -0.03398749551755769, -0.045436749610953335, -0.03330456241413142, -0.011075907308046789, 0.0028096906243336404, 0.019710761094782685, 0.01693825727894834, -0.012029766066378558, -0.011013853701599902, 0.004117810768538295, 0.017300608533175, 0.00660750965536672, 0.013807787663163148, -0.01278534938816352, 0.006566664940330171, -0.004277444965996811, -0.005019445920073591, 0.005624571310110109, -0.004385132338942532, 0.005904106657632607, 0.002566939146651408, -0.08474733955515075, -0.059231615276490804, 0.03378952396727336, 0.026344343674184104, -0.007382344283086842, -0.009453289694498438, 0.014518132237656564, 0.02017305164949371, 0.014010365434925655, 0.0072654714719218895, 0.004802946643494063, -0.024724423042516742, -0.009568078208470212, -0.00440008815778698, -0.0003923772802963444, -0.12457418766063624, -0.03072006126276345, 0.01824881353382022, 0.023073208320147653, 0.0012224904270247594, -0.005617938499875759, -0.007884943040066712, 0.034086473141082776, 0.03252058754700286, 0.026627064652882584, -0.004510614131544419, -0.006663132266077419, 0.011834220793596356, -0.008900759509317553, 0.009037958113815693, -0.10362074626488192, 0.012229265610745345, 0.030991202232842338, 0.011074227450865858, 0.0012391722234841452, 0.029569487462919777, 0.022753014148328258, -0.040883412625016685, 0.0024861961081155777, 0.004586977633026291, -0.022773783549889907, -0.038615053349018866, -0.0690902595838746, 0.025094875017009577, 0.03561276974546291, -0.13179762558836525, 0.03521899616593045, 0.00643444875440202, 0.009677424663133177, 0.026964534261153326, 0.006843659423029876, -0.012813734100416306, -0.009465934205131404, 0.03301988137813261, 0.06642588750081939, -0.01954391042820206, -0.011566341382681, -0.06923928752085962, -0.013324960550011138, -0.06744851268259588, -0.0200402050056553, -0.09624403363859099, 0.020191671458593748, 0.07059365020701393, -0.05723080675819926, -0.0487240784275437, -0.01498757666681699, 0.005430902932044165, 0.008860818996908113, 0.07191199678342004, -0.02444449208558752, -0.017774754084679666, 0.0826589344288227, -0.04837086867586847, 0.021827959145156905, -0.034940898126881385, -0.07700838496791475, 0.040691552268801556, 0.0773262438568188, -0.01222776702069002, -0.010510188949752284, -0.050814976408035194, -0.028265364237655754, 0.028753693173086403, -0.01727430112393596, -0.039207705097686944, -0.014021544279663211, -0.03833544478351174, 0.021569101484233657, 0.004223226783783404, 0.006734814614166435, 0.0002515804922685198], [-0.24742028323696572, 0.6386391086298663, -0.10880626207197036, -0.17230044214679005, 0.01894378515565314, 0.010299429282588517, 0.0008118289024210294, 0.013452990457803621, 0.036877111232127016, 0.05763836132006956, 0.03700797257199444, 0.003036638788191142, 0.03856735441925858, 0.03581730955606789, 0.029819328586283795, 0.0005327318242571522, 0.014160381678582972, -0.0036113450878002638, -0.0019825669125628923, -0.002751381315246802, 0.005530034374508446, 0.0011624200308960094, 0.015681778783656578, -0.002499551042317581, 0.026478234368327858, 0.004903333997663582, -0.0156890310142719, 0.0038820855031961, -0.004010393952981408, 0.0033691502625057823, -0.02494181068860431, -0.04075509085285788, 0.0053218706301856305, 0.07807117060229524, 0.008564893901596078, 0.02992679933523916, -0.0072076652989989335, 0.03997676149816756, -0.006379551347061337, -0.06730562912070671, -0.039944038386414665, 0.0020347710847836266, 0.06242326190342419, 0.019620698363640766, 0.04476165692497812, -0.011485124008878902, -0.06772166977238692, 0.010535261910975374, 0.013692531856113322, -0.016152164491019274, 0.01127194170763537, 0.00337768818605828, -0.020740037805642503, -0.035265814503869966, 0.00019019884555238807, 0.01641647070499805, 0.0002344536902836214, 0.0021682188827639864, 0.0032706472608593816, 0.05095466804909937, -0.05919860220218284, -0.06822866948627211, 0.028057871733076778, 0.013921377987285816, 0.007594108552935853, -0.03884861330163635, -0.0566986187092314, -0.05314147201391645, -0.026356930964441916, 0.023525405896218866, -0.010944729286243, 0.012327611277097323, 0.04857329803473933, -0.04033896158308089, -0.008292459008879241, 0.005667888388065767, -0.0915940541976808, 0.04843330803827842, 0.02388701207595517, -0.0468706024059686, -0.05919209607179258, 0.07905983570878473, -0.04638209860155655, -0.05023371495586579, -0.022211606631509187, -0.04875552577198523, -0.03183152380298801, 0.09375814205944694, -0.040715518747548356, 0.053635368530336756, -0.186563433377539, 0.022910049026823146, 0.077341584899749, -0.10924375817947715, 0.07923283551564742, -0.015662641096494227, -0.051011668702135686, 0.05676365005890418, 0.007699901947363147, -0.06092154696618372, 0.030525875264558296, 0.02695988396809649, -0.04562626353248747, 0.022666001586960804, -0.033750685630964374, -0.0697633670342042, 0.03329639611898156, 0.03354426167632405, -0.017546141969653265, 0.015970758499084203, -0.002925019234378313, 0.09188066119272398, -0.00348450465987426, -0.04527843614311453, -0.05968862346779046, 0.01740623726297593, 0.019994587637164093, 0.002207743606448366, -0.05499397491593496, -0.019871319309070302, -0.0038481930139233718, -0.004247381002660046], [0.06314600989376869, -0.10880626207197036, 0.35303440082374365, -0.0034134948857973487, 0.015799181804484648, -0.005719035807931902, 0.025011343092651992, 0.03578589696201023, -0.014567775135483579, -0.13675336188663867, 0.0074418266499402756, -0.04123025197123564, -0.06905512375305108, 0.026316512945270962, 0.02995518080965338, 0.0006222993404232763, -0.009501115643636497, 0.0031458250798935073, 0.008160373164460404, 0.0008781284025677948, -0.0063492719346497665, -0.015497815799028477, 0.006671439628766709, -0.003046835017050191, -0.018547546804511275, -0.0024443721713050533, 0.00567659024022109, 0.006909859685501518, 0.006645231214235373, 0.00042679040996714576, 0.051896596216034874, 0.03223542338414417, -0.09903835482107337, 0.02521145502830795, -0.04567043945044778, 0.03196455269099479, -0.006577159649266081, -0.04140960012927002, 0.026615901872327912, -0.007169799591116696, 0.026436521003301145, -0.009128834478332341, -0.017739096002576317, 0.01855765743866089, 0.01685497784546375, 0.015552793038828424, 0.06043144474397343, -0.05849618379382247, 0.023922769678332085, -0.040801261726042426, -0.008733273000571385, 0.019275718532602935, -0.06268015446470553, 0.0009740483690959554, -0.03804328756415893, 0.014587774579176536, 0.008987105590957407, 0.02200157897983902, -0.056970347744777224, 0.0062607581946665545, 0.04942512280822721, 0.04512602253618323, -0.1023378569905736, 0.0333672377079288, -0.017514227078220826, 0.024658265455000453, 0.025733712260595117, -0.021675035690883034, 0.010038856146844419, 0.026170194639897348, 0.016352181697820732, -0.005023569933055377, 0.0072677195322817375, -0.03362273723746889, 0.02280477381119947, 0.010133157035648429, 0.03766590119496236, -0.04135174158948637, 0.02116288210268697, -0.005159848121561282, 0.009513796190065692, -0.03380912579373708, 0.06516346954002282, 0.023094093338339717, -0.039467398366920564, 0.03625740949721836, 0.014060048128630698, -0.01971482019043702, -0.042697319605474994, -0.04550094436400153, 0.09616337563241058, 0.015028941254322234, -0.09165494959563299, 0.0691442751960309, -0.0009060482649791445, -0.018312846617762966, -0.01728655315098971, 0.013882333767961486, 0.005888098659522199, 0.034648672932892935, 0.029199951588448486, -0.023125563359400414, 0.016005507827965084, -0.036039646849851704, 0.011104121917971922, 0.0838706772291084, -0.0028585597327763514, -0.09034498522786497, 0.08488879354611109, -0.0012104074616071186, -0.0013641125466420528, 0.017872666660785116, 0.01459315666709539, 0.02173223893734995, 0.05166924419060452, 0.022509714463305918, 0.002528574872891407, 0.00953609510550221, 0.03297374091101577, 0.04333765178614511, -0.00306449433125792, 9.749143666964573e-05], [0.19264934274619044, -0.17230044214679005, -0.0034134948857973487, 0.39687453992347416, 0.04602695959379866, -0.0012370261874475668, -0.0012426190988422538, 0.013135572993609623, -0.0321648244898892, -0.011813605074764083, -0.035967438522992196, 0.04216713078964534, 0.024797297710342853, -0.07132830232765884, -0.1121644660940682, 0.0038199912574694832, 0.0024590009003111744, 0.0025451305725894243, 0.0011273165577626212, 0.009014363940144689, 0.014940272793438793, 0.008170267669966098, -0.004969798724814186, 0.0019198582740597777, 0.002187970909836554, -0.00908358268363788, -0.007348250670188145, -0.005156876799263169, -0.0019710142244353077, 0.005178150250867697, 0.06261514250717674, 0.019793236572793586, 0.06711790803527175, -0.058089769773662196, -0.02225824231970772, -0.023307268565819928, 0.043939466397925744, -0.018871393013496513, 0.009035561983307403, -0.013248165229746223, -0.009903333464244464, -0.024801175918771907, 0.006849632019002437, -0.026157988568757076, 0.035193873276896714, 0.003010488837808696, 0.05783196439856852, 0.02480916486682096, -0.0839541537721851, -0.0012806345107988814, 0.03279931604056743, -0.011082225714866736, -0.00315750439970797, 0.04426531284960289, 0.023669721337701444, -0.0275759188415274, -0.003274762371495503, 0.014603666231787847, -0.0014732660940680118, -0.030305268244054398, 0.01769996263781501, 0.055297859208179215, 0.07669850481499495, -0.06931518339873534, 0.0108000147390062, 0.02495741111931378, 0.04797859974970552, 0.028996504559823173, 0.024102764069941815, -0.01674074215313987, -0.010850341660675085, -0.008725692620336142, 0.018538225152333315, 0.020361193741845567, 0.0025430954869824717, 0.012800732279749021, 0.062013447616557464, 0.04155147423033862, -0.06824811520435414, 0.009775054965712283, -0.0007414936226514188, 0.04409174668793162, 0.01936746251799643, 0.051238576356059586, 0.04630035469003368, 0.0021374981930558285, -0.0115244516364174, 0.00048532934369461937, 0.01716919750310885, -0.0920198535187376, 0.10582976588714275, 0.0025041975807742495, 0.05360050096449023, -0.040017121326025876, 0.040318138645121814, -0.044639236040229104, -0.030103546427503135, 0.014062847099375542, 0.009854629689848472, 0.0375152820675134, -0.029110626204370577, -0.005249100076730499, 0.060319970607858306, -0.0012526052033790382, 0.00797784118758404, 0.059658431608817265, -0.016322466235168226, 0.05393863135630781, -0.04756027799954399, 0.01104497952972076, 0.008074157363672963, -0.07858908927928138, 0.002170201225441064, 0.03126650564031808, 0.012628409086708935, -0.021172777382798685, -0.006280571441816851, 0.033531240303878364, -0.03352727617805793, 0.015277874615938655, 0.00284981808463038, 0.004688822880393705], [0.013828784442417008, 0.01894378515565314, 0.015799181804484648, 0.04602695959379866, 1.0374312167933415, 0.07338605766591466, -0.05677321161299677, 0.04341503931974101, 0.003372869152149928, -0.07191734560443935, 0.016700190560160314, 0.004087570385176542, 0.05069281987100321, -0.024500377668571927, -0.007522434374157383, -0.00789374143052323, 0.015937785909674904, 0.021242623801091425, -0.005029161505248964, 0.017671573823604972, 0.014593422618234889, 0.018703994799619213, 0.029379992673829642, -0.013457262453432534, 0.02096259218071764, -0.016562501854620517, 0.0033809811939020397, 0.010810554885899633, -0.009924386027209842, 0.020376539609489916, -0.011831585161507013, -0.038236995153423214, 0.060543223215590435, -0.04278075769353698, -0.06995847325936927, -0.019339637967644013, -0.008031685115869944, -0.0021965055408571395, -0.02550818783400008, 0.0018652111114600505, 0.021522813588773147, -0.013825376329984644, -0.0149730516140258, 0.030067751470133564, 0.03232926106074405, 0.021231667336223, -0.0481261854531882, -0.06667329419713654, 0.03734947240061246, -0.0032752668178981908, 0.010683531053477439, 0.08154282709527802, -0.09198723753029815, -0.03804252434208511, -0.02527089440695882, -0.03148187495171579, 0.004174723965527512, 0.030600185439155433, 0.015612622101975612, 0.03821234576371344, 0.03417050361772408, -0.042957211721488926, -0.0074979576298291615, 0.03132866163021184, -0.01890886658638, 0.04570553834451122, -0.03555343602735864, -0.0006246916771738414, -0.0036273841586810357, -0.006915424999996758, -0.031198435455895603, -0.01436340028555495, -0.02673222266648649, -0.0027123340575980043, -0.03248382781913252, 0.0023518874950205627, 0.0012633966624248129, 0.02793627739455821, -0.014457734692400019, -0.11118586628790988, 0.0127294082939668, 0.06949976677467495, -0.04626544318926186, 0.013830530803908997, -0.02740070095609341, 0.0032243044310542534, -0.004005156266342223, -0.04978412683214188, 0.09251620823765319, 0.0725260643625425, 0.040349869980807786, -0.03952163910705493, 0.017115722566111904, 0.04666557373022744, -0.0560815263983182, -0.08831240244134568, -0.0436819687883961, 0.025527814639917483, 0.010432095919688628, -0.0037001299504384553, -0.028505670350997558, 0.023212248866616547, 0.019912116917385713, 0.014036764287190391, -0.05239316413852856, -0.037615503123376186, 0.026230398940128637, 0.01318287779885154, 0.002595631593922993, 0.036645541830004486, -0.00597408487723424, 0.06412482104354923, 0.05242405577642718, -0.01772623788326785, 0.03352235278566039, 0.01019103672129617, 0.02756465491598139, 0.057243801868920176, -0.0011055258519701984, -0.016966762509343005, -0.0019903263087376073, -0.0003720606856669908], [-0.023347484132694187, 0.010299429282588517, -0.005719035807931902, -0.0012370261874475668, 0.07338605766591466, 0.47191440630484494, 0.08706716916341938, -0.017865324004085435, 0.00031833544196872496, -0.14047344984390286, 0.09131195039991108, 0.007127195027470288, -0.04003315422784509, 0.014595671193677605, 0.004754563365776356, 0.004933282306709928, 0.01686355421326278, -0.012435652149733748, -7.120059576737578e-05, 0.011246099244881378, 0.0031503227786147427, 0.013400194107878287, 0.008566078711445763, 0.001989195148510697, 0.006458773801171665, 0.002569455346984692, -0.0040531028694651625, 0.0002584332372197412, -0.0008904954756383584, 0.009816570668688013, 0.018097491619027357, -0.04293120683012598, -0.005414670038155096, -0.006619907070252363, -0.04784981578826026, -0.031106332726122822, 0.039314984032116786, -0.018455191206222073, 0.011328932304038515, -0.021159267665557563, 0.026226358961489258, -0.006289845353059134, -0.007697515773374937, 0.01552647627815948, 0.036058757322020935, 0.02728318347373978, -0.0007813712320592619, -0.05057524572920398, 0.03534326460416916, -0.05969241494895796, -0.012570925399259874, -0.013313057921111048, -0.0021034254585161967, -0.02039454478444089, -0.0002912736251263099, 0.01717862908777092, -0.009538164787279424, 0.00650106785851865, -0.027713356653003257, -0.023485993913343408, 0.03743380141678945, -0.04254920325303419, -0.022462240764111133, 0.018575653533124622, 0.03537934314529438, -0.0022653779535326437, -0.005290621989270169, -0.06822354288912065, 0.014408782270277316, -0.037955784697700924, 0.020157435974504916, -0.027087857408089246, -0.03026097307421883, 0.013035603362653367, 0.013127428773577086, 0.06299162223625882, -0.002308150974319612, -0.018937255592809316, 0.011812268724267678, 0.0009326817598457017, -0.05138088495609193, -0.0011953876842389398, -0.024874244261742645, 0.00679030523657413, -0.019942593589332386, -0.001885110451948429, -0.03472285448714587, -0.003546810721600999, 0.026651654561939308, 0.08210337103677715, 0.02652073310560226, -0.03526021722640441, 0.046895280971341435, -0.019921644483541407, 0.08433146505252519, -0.06244379242989202, -0.03768909787054581, 0.028116298777577365, 0.007981726738942136, 0.0015567356522922856, 0.004751357666591943, -0.0011418568699395513, 0.013066702764202983, -0.016230296732925694, 0.012826944374687847, 0.05050821272692864, -0.03310860911417711, 0.005529447043762609, 0.05833965940063375, 0.06928216807069001, -0.042217615992899485, 0.024467750085955663, 0.03832275670242661, -0.0031385765550705318, -0.05661360577752863, 0.006770822652580957, 0.007761104809245888, 0.036837966337542306, -0.005714679186365475, 0.006977433302734796, -8.450846568539149e-05, 0.004636828277997037], [-0.015231949891177023, 0.0008118289024210294, 0.025011343092651992, -0.0012426190988422538, -0.05677321161299677, 0.08706716916341938, 1.1112376191657785, 0.03467370375404683, 0.006694369381110154, -0.0006267588744720196, 0.02855991286232596, 0.00047031417602976346, -0.0806298146103097, -0.01669586169826236, -0.04032518983677726, -0.0005873867436279771, 0.0023375255418905897, -0.03120063355178739, 0.016500540728167454, -0.006407945645896075, -0.004539008835917328, 0.009231276139045097, -0.01907730068747442, 0.0002903490933442997, -0.029552219820280497, 0.0047737978661376535, 0.005316418468241007, 0.0038286809247407207, -0.011336476098377318, 0.028599138206357285, 0.015843209530492935, -0.04424217093463307, 0.008254483220776954, 0.03957672819255673, -0.009344405864796035, -0.034108725574110176, 0.14831090627014537, -0.05139131075133155, -0.023745357111751856, 0.003383773139767298, 0.004497902814743014, 0.02729427702226751, -0.04049897680927744, -0.015067094284941943, -0.033744166823726954, -0.05843623494733126, 0.06271852149786096, -0.09831292664031516, -0.057436213089700414, 0.019174296394340547, -0.03359045391657121, -0.01796991811128258, -0.011939587681382048, -0.03116201583856698, 0.01567100038770467, -0.040843904812278425, 0.020518951090304178, 0.043872255449183335, -0.06383985168483142, -0.008503379321389485, 0.06118645090406336, -0.00018712693456888915, 0.017872507312547272, 0.05022585000718596, 0.0053745849917508646, -0.007846536017464902, 0.08983426336891262, 0.1401088106309511, -0.0111383479361467, -0.009050279689359604, -0.024525553676161035, 0.0057227574935598095, -0.006415309291160493, -0.0018100668350441093, 0.08912048818446244, -0.0015217372571747682, 0.036716801524117146, -0.04203309537180798, 0.013521949603616005, -0.02248795937588283, -0.04863225762394647, -0.012311765060839778, 0.09297028043113997, -0.001640231891682899, -0.007557402277845821, -0.037207675398770935, 0.012679803427816484, -0.05023874971379182, 0.023840442557850144, 0.005484341167161429, 0.0571234982693452, 0.032754788020160026, -0.03206892591603647, 0.007856905147720205, -0.00821233581278935, -0.05212804829541452, -0.03827516472314816, 0.138030834603956, -0.011003669566646683, -0.0011090152088354013, -0.03708800676990079, -0.0049971238685864935, -0.012412909358979601, -0.002047483492457015, 0.041323858447700895, 0.005808745064583969, -0.036132520174603895, -0.018068869435491113, 0.02773090714099733, -0.03937650224079742, -0.034089828054685904, -0.004367630948033919, 0.036671760962610225, 0.006298172899624689, -0.06877245097767193, -0.030848871113763533, 0.02118009685984529, 0.012805894256101293, -0.005669528746427488, -0.057001312742061896, 0.007500930994613618, 0.00040227566359726086], [0.018849317977728264, 0.013452990457803621, 0.03578589696201023, 0.013135572993609623, 0.04341503931974101, -0.017865324004085435, 0.03467370375404683, 1.1753551872807528, -0.01022367282565822, -0.0959447369411523, 0.008592088458055628, 0.010256156868195586, -0.03876499106101188, 0.008040464385151644, 0.03302445756051973, -0.009661537355381878, 0.007881999907507401, 0.00976855693363356, -0.012671905331928577, -0.01564718909317044, 0.014589630735530438, 0.0003056150763054885, 0.00820067892811305, 0.004723493512260322, -0.034282022238496704, -0.0017062750359551682, 0.006839562555163299, 0.02549868209811246, -0.005008421592867237, -0.017707148773169656, -0.008186497899471025, -0.02686104851412776, -0.004134670541045183, 0.06078708858610572, -0.042176825889218075, 0.03017550775183128, -0.023933945430498076, -0.031239204414441408, -0.001415657417036348, -0.050856898026085805, 0.0037693707575295827, -0.015173392918531798, -0.04024915108898897, -0.03299613250850504, 0.04111049922875887, -0.0016972017366713586, 0.03030133361269853, 0.00018782218647702534, 0.004301354335310248, -0.050945018903165946, -0.037724891565108894, 0.03968609286595694, -0.03742048229200772, -0.0052056692710394925, 0.034783437243040144, -0.04890842723842195, -0.013884754731944109, 0.04038801931845877, -0.07411358596718301, 0.055701447890992475, -0.05007703602818805, 0.021389072264940943, -0.027004123334372465, 0.002703456519951161, 0.0004636918301235846, 0.06824671620389068, -0.01298468801383003, 0.009003920606726628, 0.04388039818418625, -0.05341003950828409, 0.008358678157905827, 0.014169578499635228, 0.030250951969181126, -0.02739528206752618, 0.0033054156442357684, -0.03749545633209212, 0.02607346956067071, -0.0031880276748291803, -0.01956166280318133, 0.026566976142194765, 0.0033733149821142117, 0.010505169264579953, 0.06821556536071358, 0.018490706099900646, -0.02223382838135973, -0.015580394152516535, 0.003645341056966338, 0.028375446190532772, -0.06094123631140308, 0.06884336558047423, -0.05357795042150398, 0.05718663394502187, -0.05300880160639065, 0.10417702387489255, -0.022809359617555276, -0.006712965405032684, -0.051661284468774694, -0.061553630035695764, 0.022066431184578617, 0.006369745881073634, -0.014963604619449554, 0.017872565055020655, -0.02594937198027863, -0.05952308283464328, -0.056022364320356725, -0.019950869065943386, -0.01208213501693017, -0.028482022241788852, 0.05873959105225638, 0.017407690974972034, 0.022971275254668435, -0.056496824993544005, 0.012738708645759378, 0.03614026544517779, 0.02963373972991309, 0.004239042746822791, -0.010074585697293975, -0.018979769162396, -0.0703531465697261, -0.02446154127196698, 0.007220748457274164, -0.0012925713800836624], [-0.03351491255926092, 0.036877111232127016, -0.014567775135483579, -0.0321648244898892, 0.003372869152149928, 0.00031833544196872496, 0.006694369381110154, -0.01022367282565822, 0.06037873768636657, 0.01089747500737704, 0.004041882427163429, 0.0027902309683864664, -0.007505719178489191, -0.0019597956206650505, -0.012125993843316423, -0.0022238988560892834, -0.004547508224844738, 0.0003110107158386385, 0.002562923836847417, 0.0014828049617162948, -0.003801230638619433, 0.002129685721889978, 0.0037055091967276273, -0.0031152574471030167, 0.0012551702209090976, 0.0029820465560421987, 0.0006789669413918176, 0.0011957122285709547, 0.0027860696290723545, 0.0022793922496170513, -0.009616700888317675, -0.002460714157044717, -0.0012661051905537405, -0.0007300098243380777, -0.02499694279790261, -0.008416618708631524, -0.007542798161814708, 0.027398562987566207, -0.08791461066140588, -0.003742599402392864, 0.0014832504709324248, 0.007247531183698199, -0.0035281957999670904, 0.00969975978324341, 0.01572677376162589, 0.0015792699369190605, 0.003130520097077663, -0.020997021764103254, 0.0030269689453395043, -0.014888760388711678, 0.003500797436231189, -0.026541998748699273, 0.0010786755478838165, -0.09191381243985532, 0.009256911637278853, -0.006655853390462504, 0.0019493683392631236, 0.006626571322336558, 0.0016245465107280995, 0.009958436897570722, -0.02046632842946455, 0.0007306832802989619, -0.014327955476419412, -0.0130015260623736, -0.018867462592490745, -0.016337643994846517, 0.008882488190905148, -0.0025034478042039246, -0.08923921508686644, -0.005071049137412002, 0.005871866882478819, 0.0160391905756809, 0.022236052082566564, -0.017609132587020238, -0.010422755519505222, 0.008188790106537351, -0.022182741143164854, 0.0014560054941840652, 0.0024653130368977928, 0.0021954281531299455, 0.0027359528367599454, 0.011665614571118327, -0.024190825592355282, -0.0953672085575633, -0.01267802309955249, 0.00574401438379053, 0.0010565323230572934, 0.004963020307465187, 0.0059987522006510205, 0.01903311996275521, -0.02258110895469155, 0.0027082358437906465, -0.012325294513207971, -0.004611030597354898, 0.003248656451121682, 0.025679380163535593, -0.004697862827009491, 0.005490180833833312, -0.08383769134223645, -0.004040018970734444, 0.0040964253433075195, 0.004402667032977349, -0.02255444835990483, -0.002824872552084406, -0.0071933539124736144, -0.012210073372150597, 0.0010544658508732003, -0.0028374056691170915, 0.0021459238596189226, 0.038585314616463584, 0.01809933768079996, 0.014334912100022475, -0.01464955269551898, -0.09656927721753662, -0.004576725588341375, 0.016305495385766602, 0.007993617437868491, 0.00018146003102312714, -0.007017418166813147, -0.0035216057717399212, -0.00031315547741736337, -0.0014967763197036175], [-0.03398749551755769, 0.05763836132006956, -0.13675336188663867, -0.011813605074764083, -0.07191734560443935, -0.14047344984390286, -0.0006267588744720196, -0.0959447369411523, 0.01089747500737704, 0.5379243441393134, -0.05335524600018936, 0.015302743430656891, -0.041013834885486045, 0.009982404048814, -0.010714510133700655, -0.003671461237213153, 0.0006748288527012333, 0.01514434850709596, -0.0010568925392957426, 0.009329845647065656, 0.01711788398692124, 0.006725571088835237, -0.004598138868426125, 0.016153605237424117, 0.04068304190587081, -0.00056978955253111, -0.012240076373458392, -0.018134195349260106, -0.002088675675738219, 0.0005467241999331749, -0.0349696759811925, 0.023122168669985434, 0.04211786214818092, -0.006886309831047082, 0.08064944881938181, -0.06887328523293987, 0.04450499071042247, 0.02509734521079326, -0.016495278584776882, -0.12999333123697226, 0.0290242640169855, 0.016224626966199564, 0.005740377482356706, -0.01689755901765921, -0.05177408514374041, -0.0541671594222577, -0.027286312185930518, -0.011171112864131942, -0.013810941209967809, 0.0012320094490329168, -0.04906776932352971, 0.040186682281424434, 0.00767025409182701, 0.010025055034911702, -0.12528052264647888, 0.016094707568027247, 0.015329636364101359, 0.009099337854118955, 0.04803654685935768, -0.0005445904360435332, -0.033743068577457735, 0.001660402935813293, 0.018848261429901123, -0.002966265982675626, -0.01577514411280433, -0.04742564790080668, -0.06257673240082952, 0.03608233132819869, -0.01173983480356195, -0.054748105918953474, 0.02676718579930686, 0.015699018078908323, -0.037843260427632565, 0.011170451664932355, -0.002128605547382033, -0.014831217069021277, 0.018975954242846507, -0.08945884574891802, 0.029630223746846016, -0.053041212985142874, -0.047232750956154784, 0.024099144736784952, -0.011197054722088337, -0.006235613326319792, -0.00044972829994532665, 0.004121481452211197, -0.012677969744859786, 0.006313597668849764, 0.01465691340981702, -0.010275038361436256, -0.09380892975580776, 0.04077752740226482, -0.004287080918097189, -0.04382860547107159, -0.018916664380627623, 0.030425121636620395, 0.09444528257167739, 0.011411648086930785, -0.001611931701900037, -0.0573000348278523, 0.020789742275755793, 0.015042666290884377, -0.0002642783655295759, 0.0331109068411336, -0.03892308382737821, -0.020800461860425754, -0.01003785032812232, 0.007978928481268315, -0.02945474140844037, -0.05905470839976282, -0.06997575378689797, -0.08555811085300183, -0.007906850875000674, -0.00506566052988615, -0.11694299330104045, -0.020951974083781123, -0.014648042330285535, -0.08543484898052577, -0.004313168071636853, -0.009275578915586691, 0.00021736437738772762, 0.008424749906084833], [-0.045436749610953335, 0.03700797257199444, 0.0074418266499402756, -0.035967438522992196, 0.016700190560160314, 0.09131195039991108, 0.02855991286232596, 0.008592088458055628, 0.004041882427163429, -0.05335524600018936, 0.11134408567262095, -0.009161891861318676, -0.0026026924350248714, 0.003878009922694143, 0.005850634357150673, 0.003988692114315432, 0.0012812938504917477, -0.0017584548551186968, 0.0009808751950207615, -0.00676461916013178, -0.011095743592209089, 0.000899381213945933, 0.0031020737753751663, 0.0021995062060938607, -0.0078040419765566076, -0.008531629967747941, -0.003933157093216315, 0.00341764742127228, 0.003188580186484046, -0.0057325502741859494, 0.0052115043203815785, -0.011056774927476386, -0.017855526956755283, 0.0040873545104907726, -0.006300952829845651, 0.02508964895930266, 0.0449340555991261, -0.008438959149621408, 0.005788481917522552, 0.027551292866694336, -0.09227449585491478, 0.02082526013863353, 0.02071203043464206, 0.013033691817768636, 0.005790488779692119, -0.0005321569529981127, 0.008845833892998207, 0.008092051976962002, -0.02154922839828737, -0.0072558974949260766, 0.019203835876483846, -0.0032202287037918537, 0.019133184187604957, -0.01022376475832641, 0.0003254476613396176, -0.08300439604521366, 0.01054856149687891, -0.006805939429755048, -0.011885934290759615, 0.018121005135355864, -0.0005290780146527419, -0.01172181235193919, 0.010095893436788761, 0.003653126519308334, 0.01747544935260626, 0.00017898399321855158, 0.003781410005436703, -0.01685709508889277, 0.005293164853839745, -0.023648080428862298, -0.10379610298660077, 0.013407071768204763, 0.007916130152015541, -0.002374172483114698, -0.006617613533093931, 0.001143020079235034, 0.009276535061532963, 0.01692241685102839, -0.023055730911169452, 0.016594811446314358, 0.01208062947220999, -0.000726463499629555, -0.0003982998291141179, 0.0033218827489674, -0.02358587806820831, -0.0877958914025527, 0.0014600489582305112, 0.006074232728131944, 0.010053246898093624, 0.032798848494273995, -0.014630877756352986, -0.00012565017432784707, 0.017959666377618696, -0.031391636962979586, 0.024547294566794775, 0.008733304452853946, -0.009705066671737362, 0.011440155214279043, 0.002574453172663341, -0.010795184960435833, -0.084811767651115, 0.022856615860073027, -0.014591241883290949, -0.00018079121332307331, 0.0008941143309027653, -0.0064360194596581296, 0.023800986594588923, 0.0022679637368357066, -0.011054528141641207, 0.045102698456507676, 0.026286042216966274, 0.011700068724623067, 0.024892100625568094, 0.001426578694004071, -0.012854056296387476, -0.06485874650378874, 0.022386889336248234, 0.006577104786890916, 0.010106772810366213, 0.012621831583545545, 0.00013904522573956573, -0.0013001621484171409], [-0.03330456241413142, 0.003036638788191142, -0.04123025197123564, 0.04216713078964534, 0.004087570385176542, 0.007127195027470288, 0.00047031417602976346, 0.010256156868195586, 0.0027902309683864664, 0.015302743430656891, -0.009161891861318676, 0.17204211952272197, 0.04282132045524483, -0.05357611673579092, -0.08577320193566734, -0.002873994914395455, 0.004734096773197056, 0.00506525293334278, -0.0013539634687127675, 0.002321321306246703, 0.0026170483128373414, 0.005158801688035561, 0.003588336841978162, -0.00586201352192122, -0.00022798059246575833, 0.0014494631011253386, 0.010496830364965447, 0.006643318710954171, -0.0016992742870966873, -0.0008763301346204834, -0.010117666195554811, -0.010711593886307259, 0.020982725037316668, 0.015400929271821498, -0.049354174042209945, -0.014673893696264314, 0.018297377529832595, -0.027992753871089716, -0.004895504923094445, 0.012027285099834443, 0.0283147629713382, -0.13233722669139278, -0.010624598650301985, -0.0007455293454566814, 0.0031663557358622045, -0.01790970116191465, 0.029668186880068455, -0.02979024388584585, -0.014989762655260893, 0.0068935637845388125, 0.029903654848130134, 0.009445331870227128, -0.007933781795551063, 0.013264976739375394, -0.003747373236586491, 0.01980558575958736, -0.14427603701580632, 0.01933702657113219, 0.018967815206107165, -0.0042641075698108535, -0.03734314544875174, -0.018492823124554827, -0.016493905724846273, 0.03265388243818785, 0.007485711860530193, 0.00798329973834543, 0.022485870437357756, 0.03369507458812572, 0.0002682001597680269, 0.010635238218036216, 0.011197447743123066, -0.10236701196845852, 0.058469558029566764, -0.004936817214935898, -0.028457725467235257, -0.0037065872608548146, -0.01312926742669491, -6.418158707141199e-05, 0.01462006659262279, 0.027812858058840564, 0.005385030736867487, 0.02740300947111813, 0.04811930958588647, -0.004002516934581553, -0.025121352298543686, 0.01158886554579558, -0.11661074823937874, 0.012668807237771551, 0.015846589500286647, -0.01848839439086234, -0.03853258281416091, -0.00324320491638177, 0.0017577065503190565, 0.0019529331186323579, 3.717104028495429e-05, -0.014282584397995362, -0.002199372680231837, 0.0004709274924120718, 0.0022848139942756316, 0.02846105955352426, 0.028369100063599422, -0.14262670982850142, 0.009030328943414871, 0.015685716024134117, 0.00027006650052624416, 0.04397288744557915, -0.043993154228608715, -0.032162050795744745, 0.03742826885112778, 0.03011392681468539, 0.021881120766372598, -0.048054698361376574, 0.012124854314086601, -0.02100252397562401, 0.01710812308716826, -0.001005162019564275, -0.14692699746882143, 0.025224191784545227, -0.061907368431381185, -0.01949298546970652, -0.005876670552839025, 0.0038962581990194005], [-0.011075907308046789, 0.03856735441925858, -0.06905512375305108, 0.024797297710342853, 0.05069281987100321, -0.04003315422784509, -0.0806298146103097, -0.03876499106101188, -0.007505719178489191, -0.041013834885486045, -0.0026026924350248714, 0.04282132045524483, 0.7103272709915635, 0.022202301392396418, 0.17021995128205508, -0.0031843510425783456, -0.0005975304430995475, 0.0026898302883470305, 0.006122883851314677, 0.017520038588575263, 0.0013519796733436533, 0.011141712879196047, -0.0014912615401626503, 0.00393647391165957, 0.02151331451899888, -0.014825074364430523, 0.009141630545385068, 0.01794623116214379, -0.0025967091180286966, -0.017899979025140702, -0.03148513892657519, 0.02665856093843107, -0.04057427528405513, 7.348113539486132e-05, 0.010608615877042264, -0.0002781879518276861, 0.052397346931238875, -0.04013875486607913, 0.004737260809663352, -0.014778325544779227, -0.006686034485412791, -0.006279671912120154, 0.0013962332783538655, -0.011363717293977785, -0.02647138083085996, 0.056807393419626026, -0.053114270052452596, 0.009067172496193281, 0.03796205949961012, 0.0003464016563267327, 0.01005393660562004, 0.00947202696058711, -0.10861675144905508, 0.016429899523701764, 0.044081732038704524, -0.03457646410408928, -0.04909830796663017, -0.015831426547822623, 0.03908906987304305, 0.05904188273985427, -0.0631574133795317, 0.05079449778854883, 0.009476600538355771, -0.022661209048126955, 0.029347552255920437, -0.056571818840074416, -0.023082325955880882, 0.009016309573908293, 0.01759283149130467, -0.03800690717906027, -0.025478459543800996, -0.00944790480424034, -0.03107884615805909, 0.005475539964410082, 0.00821340269287609, 0.004878675767573161, -0.027320044525713072, -0.001827767790716666, 0.02593588443712854, -0.01714575763400548, 0.007506233865009262, 0.03574434154502327, 0.04572138066225203, 0.02220329830172342, -0.018941389364009895, -0.008049903768586074, 0.012816182808215995, -0.01033013630279983, -0.027666510914000644, -0.08221521702684972, -0.08023567040101377, -0.0008560347170417921, 0.040342768711258435, -0.0272617059366142, 0.0018799033274480826, -0.020093749974554483, -0.03991837359704521, -0.047190700600483936, 0.020097200959541265, 0.015174693472063776, 0.04397541050277851, 0.03860888999166368, -0.07462696434533021, -0.044792848023958644, 0.04309259933858698, 0.03221688802848356, -0.009500824638759967, 0.016067755055721434, -0.003915868955165831, 0.04245642453350058, -0.0029639951231618666, 0.04776161134444319, 0.00486021994191569, -0.010222097646839295, -0.05375180785899888, -0.01089009386503982, -0.02776852342987803, -0.10810401870190613, -0.017349435914487978, -0.042797244374700116, -0.0053447322719752015, 0.0056896696776365645], [0.0028096906243336404, 0.03581730955606789, 0.026316512945270962, -0.07132830232765884, -0.024500377668571927, 0.014595671193677605, -0.01669586169826236, 0.008040464385151644, -0.0019597956206650505, 0.009982404048814, 0.003878009922694143, -0.05357611673579092, 0.022202301392396418, 0.09326656414237842, 0.13358643171180345, 0.0006463845088867607, -0.0005938196117515596, 0.0023374371610057226, 0.002193172673901671, 0.00034944286590234044, -0.002351664565004224, -0.0006842006152356625, 0.0036212921053410153, 0.009037123953026853, -0.003696750881912107, -0.003555919266349311, -0.00020999708304093463, 9.023010445818694e-05, 0.00021583398905147355, -0.0034904199996021314, -0.0033808597544947106, -0.0006703122402393384, 0.00020561874085703059, -0.011370076906240091, 0.013567843383803258, 0.02280035672715467, -0.007091226074542385, 0.013668412561422556, 0.01527169860246021, -0.014892457569671357, 0.003192192231762183, 0.0013309849850216913, 0.014987850964589714, -0.03212354950871732, -0.0074325367921289996, -0.003948603411031468, -0.006203485366049007, 0.011371135549703613, 0.004738608380071313, 0.00654601020069423, 0.0007228714061678713, 0.005075544968982149, 0.0069061766747751645, 9.171705091262384e-05, -0.009045749685260642, 0.01412138623481989, 0.008890760061318772, -0.0027047134400347127, -0.041955383630164426, 0.02921358589459977, 0.009980991662035175, 0.008271353045858186, -0.003520769748269292, -0.013357240741072512, 0.012462206023167343, 0.006764938812029596, -0.0042031466626099, -0.014327586455357581, 0.006884521566020632, -0.006009726371101384, 0.0044632310623707394, -0.014567793136540668, -0.031174845080164368, -0.04501261390526951, 0.026011033153283722, -0.007570238896412159, -0.0036043888276262037, -0.007646260640349159, -0.0044418910393149375, -0.01790923244541795, -0.006329579246815118, -0.01820626181717907, -0.02263190206641425, 0.003939489814411844, 0.022204284939636554, 0.010178354590842391, 0.007247918263882911, 0.014961964294014871, -0.0731127083894048, 0.003780698620182877, -0.004967601925112043, -0.0005295230756941902, 0.0028653262548974786, -0.01072646340932288, 0.0038688227684323603, 0.001670560482056352, -0.001697313875800101, -0.0035313515557271577, 0.006625765497069924, 0.0068583455138781155, 0.0023634367566332413, 0.005543190675936824, 0.012191435747817515, -0.07182963260127317, 0.009203511281309903, -0.003254232885170641, 0.009228717369609469, 0.006001594894893654, -0.0004108413051191803, -0.0188927240898232, -0.012935042701728973, 0.01653940686630326, -0.017385493665636218, 0.010806115388687329, -0.005902614351100918, 0.001694434826586186, 0.012625554598653332, 0.01515431412914217, -0.015282095966880568, -0.006847989067405188, 0.0033409577140358464, -0.0005471788655959587], [0.019710761094782685, 0.029819328586283795, 0.02995518080965338, -0.1121644660940682, -0.007522434374157383, 0.004754563365776356, -0.04032518983677726, 0.03302445756051973, -0.012125993843316423, -0.010714510133700655, 0.005850634357150673, -0.08577320193566734, 0.17021995128205508, 0.13358643171180345, 0.27644249569478946, -0.0004843087900639708, -0.004765353144187849, -0.0004337117484124051, 0.007629103062085055, 0.005514061011226228, -0.0035690282638920754, -0.0040669623181263685, 0.0006151191946012064, 0.014153859486477582, 0.0003093038574068015, -0.006628168742584764, 0.0037077940976902634, -0.0017090498352506072, -0.0029018597948320844, -0.00849579538104501, -0.02126491214963837, 0.0029654981802130706, -0.012268474427646885, -0.02486255220111617, 0.025275106596264696, 0.037893032085967046, -0.018403003437454747, 0.024134713859515607, 0.025564565655027058, -0.03028416989388854, 0.0032007929822306766, 0.013320739700567638, 0.06785317133368426, 0.013355203770881683, -0.05701870329214011, 0.006784141063165991, -0.026956802408685178, 0.016932562831807753, 0.005801701386556051, 0.0087105332477371, -0.003994881519818608, 0.020873553029862487, -0.00032586690149353993, 0.000444756035893935, -0.025530218449854057, 0.00777323269394336, -0.005175815703591563, 0.005565767829788157, 0.002692348684008058, 0.020202467172757574, 0.01504957017590829, 0.014655305031214969, 0.012653392426533315, -0.029429036156057502, 0.02342676260388769, -0.00014201420233872053, -0.01985066815905638, -0.013010031655334158, 0.01647979333224048, 0.002038454173409705, -0.0011498087630127836, -0.03233455234489118, -0.044113984544432654, 0.01514273924995609, 0.019298961765061084, -0.005092003647243093, -0.006333192061737021, -0.0037465558558539276, -0.011560288296014973, 0.0018609004973393526, 0.0009742369020643024, -0.014951055404482112, -0.008079792710457, 0.015591926178238943, 0.005778799251396263, 0.010130680051333822, 0.008624275708600105, 0.024662678050006697, -0.03941091907