{"inv_metric": [[0.45059958816505286, -0.2879626923462337, 0.1276985302428753, 0.1948202509488501, -0.011993334024603295, 0.015837056704542937, -0.006906593700812598, 0.042875761286789923, -0.03195640562097552, -0.07159771782970963, -0.06319383979500878, -0.05572751855093488, -0.012737065492654173, 0.022057035672298563, 0.04416873356418049, -0.005733321129917353, 0.00530998523011492, 0.010593168034834273, -0.00017130515185990306, 0.030336727939213295, 0.005591896071136631, 0.0010497708641285437, 0.010447294960556077, 0.0024833717882249353, 0.002446601069649282, -0.006830312741382367, 0.0016958776039812128, 0.013516711540694564, -0.0030228490172953286, 0.014098678561294941, -0.0846393137186261, -0.011621458870932876, -0.018468538604666986, 0.017278015651552354, 0.009327976084444765, 0.024963919982231315, 0.002702754290630106, -0.027405328466422532, 0.024553339362020764, -0.06406515847277298, 0.010337360862476195, -0.004356858915868133, 0.030919176249380398, 0.009715927678640929, 0.04020664927289485, -0.08279992293037346, 0.005333052659655586, -0.012376208083343753, 0.047166277572040956, 0.01844356992423471, 0.019149816863113355, 0.0029952523900643032, 0.04485534171891649, 0.03120990661570431, 0.07250324250199687, 0.02470889962538794, 0.02238562845120825, -0.0426348847673604, -0.03076190648300652, 0.013319814062818366, -0.11773706980941011, -0.003783409845382966, 0.03836009685124942, -0.009845586510312964, 0.03043682839687921, -0.016786029114735094, -0.02081666202493728, -0.06669586880984647, 0.026022512559631894, 0.02790926972617444, 0.04795806093505711, -0.0049812709210325405, -0.031595498171791206, 0.012582814405238781, 0.011394831610185842, -0.09459754500359926, -0.007292659545174603, 0.009246216816340453, 0.0210646758622863, -0.018770504928109753, 0.003117411729841316, 0.003394497160779439, -0.04223951664517246, 0.02987868198687164, -0.03995569404353998, 0.017016610318312392, -0.021590120589812346, -0.004704634255085273, -0.02004403620301148, 0.005545021671181008, -0.05346845286059866, -0.06400801902101645, 0.018395642436251813, 0.08162748916566033, -0.01487062562783233, 0.04202513850745613, 0.03892211196509498, -0.07503201822083375, -0.002953794401417525, -0.006579002516375237, 0.014671832306029023, -0.010754387098573742, -0.018364112465231588, 0.014362401714676402, -0.004924089821760062, -0.0856210819914935, -0.05540666118343945, 0.005792421014366157, 0.04385265891370384, -0.0031869407559268763, 0.019469106957723123, -0.026318262644083518, -0.03068967485285317, 0.029262864918964272, -0.03392386722703138, 0.014663320339422612, -0.005741824224715755, -0.0161436566801964, 0.030569365362952343, -0.004334973227691276, 0.007443960576006001, 0.0011906627073628821], [-0.2879626923462337, 0.6579714701939792, -0.10972862420917287, -0.17124512350283708, 0.014838151934379465, -0.02909958083212759, 0.007456231606834006, -0.0474964253971954, 0.035210855533175496, 0.060524761592398356, 0.025608656700302983, 0.021269438584385045, 0.07305290300611887, 0.025454056874610373, 0.02225565247565319, 0.000864652421012164, -0.017005953499957455, -0.015142074222635098, -0.0006865614216089931, -0.014975940169392044, -0.00364487974033045, 0.0025586857560817673, -0.003283071546944007, -0.006434181362537905, -0.010764306133354475, 0.0022372070507725122, -0.009173379934063934, 0.005710475712358004, 0.01721418601404334, -0.006129936052008813, -0.03322619307674598, -0.04002944040460204, 0.03531903433816457, 0.03214134063764502, 0.048664840269657166, -0.053794110538093236, -0.06665450689338061, 0.05826999958235535, -0.032664644666412605, 0.05900672555622819, -0.02970086149376967, -0.017042285436519193, -0.003355210962479395, -0.011572070949435158, 0.006427500288940818, -0.04132860984399021, -0.024293078205263583, 0.027632348108535692, -0.01932299344360323, -0.032598071289326506, -0.007960799152019539, -0.03104469291189041, -0.06572541540059576, -0.035043178409487605, -0.0351176495278528, -0.011368233820315949, -0.037929948991415, -0.02167296769444924, 0.01464739238221744, 0.01781285584824575, 0.007226216529784832, -0.03707185814122596, -0.006747247020208526, 0.04824194727665771, -0.03230130787213606, 0.043917267875078284, 0.05437204885210288, 0.0220345135123313, -0.042751316392437504, 0.016671182122880084, -0.010791742891254452, -0.03217507712121588, 0.035292649244426856, -0.021147014199348755, 0.045934120862142165, -0.020825500601214735, -0.022630420704145532, 0.0386839071218898, 0.0025569635715705073, 0.04809355329032237, -0.017253500575571883, 0.028084801745604068, 0.0757053737087408, -0.024485107124080453, 0.06771074588443776, 0.019084178419328236, -0.021710487500234688, 0.04492147500964751, -0.015508782200148567, 0.03051700804349621, -0.08589322372501958, 0.01070118838787972, 0.04240566541138489, -0.050244323724814785, -0.03949614457075235, -0.06158506039010409, -0.014953110182775904, 0.056487328861537824, -0.0008818332180573137, -0.002419995603351353, -0.006208368115952587, 0.0075429100965203775, 0.028282987494250372, -0.023449719418855364, 0.03634077299773005, -0.020027079379846508, -0.06391681465127752, 0.038182202225245786, 0.011486118095218122, 0.04217428024041172, -0.03204228480946238, 0.0696263975594831, 0.02517252906975754, -0.03122398557782297, -0.027023137152801385, -0.006685562633613221, -0.010321232424942688, -0.016985778025555728, -0.0071258351040821314, 0.03023726909235231, -0.0033584560237079814, -0.0005772300919339753], [0.1276985302428753, -0.10972862420917287, 0.31449125101591185, 0.016922505484910616, 0.00848039395455109, -0.03699018499273143, -0.008432015745419526, 0.03984395731860599, -0.013750201564975856, -0.12176711407184548, -0.003350481263705361, -0.04386653357779611, -0.04132280929484914, 0.026721853272829447, 0.03687217975665484, -0.0007705133240391669, -0.003832420924143914, 0.007208950730547286, 0.005061433688338798, 0.014696752848171105, 0.00906170095247557, 0.0024149750705698856, -0.0048539974547292, -0.0021361409389543044, -0.0040101875367381514, -0.010610032528012774, 0.002015468063980286, 0.0021029982377342906, -0.009740219942612554, 0.006420666115524226, -0.0028648945522437214, 0.062013556750131676, -0.09110636470209581, 0.04678423584916346, 0.009216903111271673, 0.015621054648485197, -0.01647658921997789, -0.012805365882771964, -0.007724372268481943, -0.0020990489583700535, -0.01001674183694477, 0.004712341127405857, -0.01854868215675725, -0.0096921880937404, 0.020390142386143357, -0.005403592409560078, 0.04154707458903914, -0.053590661820896404, 0.05088671589707401, 0.031811463337391675, 0.01959092166315279, -0.04729518806722119, 0.030423863302591017, 0.001121807396757777, -0.035681685052998596, 0.011346633207903713, 0.011106273247840229, -0.04917954352671374, -0.002145864666014619, 0.04898372610575021, 0.018004455546423274, -0.03517707587483649, -0.00023173146550324594, 0.021495882355267396, -0.023420301429321857, -0.020847201730232044, -0.009885548141462917, -0.04318997361195582, -0.012170776317698247, -0.03354201440003529, 0.013885631584874937, -0.009352572018743429, -0.044589409810262666, 0.015673013857861687, 0.06629890673288096, 0.004988611876164388, 0.0274288293724625, -0.07271291413603483, 0.041240741511530975, -0.009010408139566944, 0.006142543616345293, -0.03777257549843584, -0.03241217539343561, -0.0025331577537892128, 0.003133737636849634, 0.014910753409918534, -0.0016683521214941668, 0.015480554956269843, -0.019525221108526527, 0.025174489099096718, 0.04890126064180828, 0.02457573073265972, -0.0895138295024338, 0.09497309016119974, -0.012861372992738186, -0.012727028590950162, 0.04458919784218717, -0.00656145517052349, -0.003203831094961679, 0.028411161418009433, 0.019343432465992325, -0.011148070495697422, -0.031154867152034946, 0.02115348066916626, -0.011004375614077631, 0.013632948582475834, -0.012170200435541302, -0.0877530942908344, 0.05907915691760885, -0.02196802666450512, 0.02735862857907923, 0.056682313693503975, -0.0006363897195275684, 0.006030068864159487, -0.022699867013502927, 0.01590589882552137, 0.018162457330538194, 0.0273211932543208, 0.007951152371955175, 0.014798291162983097, 0.0036642301250524065, -0.0028835084106341763], [0.1948202509488501, -0.17124512350283708, 0.016922505484910616, 0.3495002739349435, 0.02170923438451201, 0.06390354813137553, 0.02010476295624275, 0.047677678201470564, -0.01774918010269739, -0.03992188018616205, -0.02758312979362013, 0.034351851550461956, -0.004291963302653326, -0.04406993802963999, -0.08053921875810031, -0.0010001475993781166, 0.0031926947415342444, 0.005101220648281765, 0.002387775042863538, 0.01603888144098485, -0.0008580349672438467, -0.006258263531365518, 0.00034931457775108713, 0.007051897437434263, -0.0025705064220286028, 0.003148818235990218, 0.00395772012296161, 0.01816528871620629, -0.002426481522360808, 0.0057938638778891405, 0.041617997253927536, 0.0028683745643313233, 0.027814763790644986, -0.07442221292435124, 0.047239708152123264, 0.007711874933335513, 0.007591497262617541, -0.009130954879634258, 0.005644000624271708, -0.024436094593171608, -0.000141981609573391, -0.02515062612687768, 0.02821111014753729, -0.021584886842320922, 0.07011035532994263, 0.02625383286063111, 0.050174328044113585, 0.04849529403863897, -0.062004919833917475, 0.04382166048253845, 0.01053311162508572, -0.010149142822025793, 0.039204733843477384, 0.01715018251023693, 0.05681377137205939, 0.01294374686564581, -0.004936216747898805, -0.018429625090451967, -0.023982695048244056, 0.030915075151153694, 0.004403737810881932, 0.06284627004820276, 0.0314713314441908, -0.05812282081414111, 0.015572681962658446, -0.04045083486827561, 0.02128589587073628, 0.02379823046280818, 0.010435169012964958, 0.05048024224870821, -0.01008465148927391, 0.010172250564983346, 0.03020655063568765, -0.023903444933349532, -0.03533879804456252, 0.03506791461948339, 0.029676091797859978, 0.0460957153034106, -0.06492749913447597, -0.012607790936689843, -0.008276995749519931, 0.009911004498905791, -0.022801565827360502, 0.01069973119169046, 0.004816058365033208, 0.0038644716513469585, -0.01716658623851062, -0.02361223510316113, 0.0033493313647476194, 0.02020345768052786, 0.05157629899367129, -0.042733853373259446, 0.06863329636647214, -0.01771382369280308, -0.05557627251407291, 0.03640316954033664, -0.007581743292135155, -0.016765564787104684, -0.0037784717943720454, 0.0051265308579363, 0.0022330123102384898, -0.008172909827743323, 0.027298603748969398, -0.004512095113513649, -0.013115539216593313, 0.012575463994454533, 0.03336762022968701, 0.04452713354569432, -0.07815893422663939, 0.011102630426196315, 0.021570750428156173, -0.043661632760663385, -0.014965761887962363, 0.031304283810471054, 0.02441470965313875, -0.015316055297683144, -0.03264190069737539, 0.03469163381510366, -0.007098818840551401, 0.020961602725546574, -0.000547043985054824, 0.008045090460099942], [-0.011993334024603295, 0.014838151934379465, 0.00848039395455109, 0.02170923438451201, 0.9784918664020709, 0.025445721274658953, 0.009014561959652336, -0.06725779678334952, 0.009539258929849134, 0.04262271236578103, 0.02070684364966289, -0.007703817134847275, 0.018416264791675616, 0.005639954908205739, 0.0002444527586060107, -0.010809214172764309, -0.0026883972095144894, -0.013645951292301435, 0.00012523903521228054, -0.008306882012764086, -0.02176010732401574, 0.013411194213423953, 0.009335705268526577, -0.008171892409256377, -0.00233646028794009, -0.01058367592423759, 0.0010972918881570262, -0.004782277815694527, 0.006869128521928739, 0.004963924627668101, -0.013532571582951713, 0.01647723784715544, 0.03758277093056532, -0.016409866181038575, 0.020116061657053454, -0.05292804719433094, 0.04619546937998614, -0.025744247909686626, -0.028137495237055974, -0.08312331493573766, -0.029741011741259794, 0.041824537382169034, 0.02361093302958342, -0.03914103281333769, -0.008355097550370182, 0.016952944975161723, 0.008087092752431135, 0.023314617395029793, -0.00952374010347611, 0.08252258588853945, -0.00422400770882859, -0.06447668467530593, 0.027216612856109258, -0.025709118086205688, 0.06287856900132477, 0.023330373280602036, 0.03707276742855999, 0.03251717155103894, -0.014500826223366741, -0.008344617742752148, -0.035248775843169905, 0.09705540636890513, -0.08960809615402714, -0.04805578576356508, -0.03260505621482476, 0.026816545850073543, -0.12413187922467325, 0.0038210333646138297, 0.0017129881937088796, 0.11419997670779877, -0.05782502780331652, 0.0034199582155099674, -0.061096728728183954, 0.015104705145382598, -0.015019429767024656, 0.0433755959110443, 0.026942259390550623, 0.010201810670683528, -0.019367252611863176, 0.07522620513804032, -0.02399875114269141, -0.09259106348157621, 0.007076942337067019, -0.01066611028292239, 0.06243532673945824, -0.033236286059768874, -0.01394209564327165, -0.009058157593476423, 0.0019381709316081159, -0.03114925792515924, -0.02304841065837934, 0.08272425650294891, -0.008417628831366524, -0.08623932926925901, -0.07943632632848109, 0.005846831150793501, 0.0003597694760701549, -0.005655664970199677, 0.006955330875086563, -0.05219869595034565, 0.017497002017288796, -0.005171225547817531, -0.02412586522880077, -0.006030839131700275, -0.012323220981055134, -0.05271215405707918, 0.039318505127693415, -0.07995844936739889, -0.011106152963633887, -0.01848772072429934, 0.053542248690290485, 0.010821129630835452, 0.056489048375286385, -0.01881541503318486, -0.03793594674346322, -0.008189030277749126, 0.01682097317703283, -0.0016482306775647524, -0.0426315861231556, -0.10544922092972646, 0.002841897007306542, -0.0018029664580307084], [0.015837056704542937, -0.02909958083212759, -0.03699018499273143, 0.06390354813137553, 0.025445721274658953, 0.5156677873664872, -0.020720569719150993, 0.04394795732244723, 0.006098751291197641, -0.18225336419240007, 0.0847955108994812, 0.009686716065422051, 0.015577196111363262, 0.013452931217326847, 0.02526664574347974, 0.0007047839018387576, 0.00964539521047575, 0.008094563488406713, -0.009800588864300764, -0.01681091217702649, 0.004644752068636658, 0.0042441250115468, -0.0019962172412511083, 0.002909880504356066, 0.023433426020351002, 0.0054969079311472475, 0.009831176584062068, 0.019948681949421072, -0.007164649301417616, -0.005834135061710837, 0.018249015944245984, -0.011371603272167605, 0.026140804556015633, -0.045296059587457915, 0.017845532119397465, -0.041372798121217975, 0.03771261156478639, -0.0409400928161098, -0.0037007132785730665, -0.04396189258570391, 0.00890036940391565, -0.013152366302305998, -0.03497055444559202, 0.02040598260709137, -0.021821851067790797, 0.029310547417839648, 0.009199855732478881, -0.003340494896001388, 0.01688069898355487, -0.009408791683536073, -0.016438055306223852, -0.003868444201560546, 0.005364434481626196, -0.005610218287491471, -0.11863975067562628, 0.03637759835504842, 0.012537104355639208, 0.06674889550826675, 0.012329227751254232, 0.00711955795097527, -0.017294583947513372, 0.07110695535829034, -0.0320454006631875, -0.028913161063876768, -0.013675856546079534, -0.04334064788701257, 0.026858537189023448, -0.0028702471782883227, -0.0014618335843410992, 0.018432567717677643, 0.011358409884348327, 0.005368391836156661, 0.01367245049159591, 0.006905209469833991, -0.01654912140212177, 0.006011674336741289, 0.059440079699962775, -0.0562517311332795, -0.0018756504380030411, -0.01840242922521808, -0.006393359379073527, 0.027550160650205126, -0.041688681763105015, -0.008869946265944239, -0.022779560279655883, -0.01808209994697348, 0.010217454288684152, -0.00754666937209706, 0.013625940237048214, -0.03241881876312036, -0.00534952804130219, 0.023506927387558166, 0.001589949875725667, -0.04425051678221305, 0.022986090116755117, 0.006188209569939316, -0.027767698439944227, 0.021604798947214503, -0.0011604144908514075, -0.03093541349797143, -0.019283364409288715, -0.028905643150094813, 0.011957922064963048, 0.00869141309400288, 0.0054480270368728, -0.0233706276039833, 0.006062933555941852, 0.028366037184709647, -0.06875832925996694, 0.06212191959530541, -0.010340666069416441, 0.02768726551688155, -0.03448893642772223, -0.007576056923694326, -0.0633708843630343, 0.014025597570600973, -0.005209906585081854, -0.006948680349858455, -0.026293806580373644, -0.06681203811348636, 0.004107233966109416, 0.00376426963361114], [-0.006906593700812598, 0.007456231606834006, -0.008432015745419526, 0.02010476295624275, 0.009014561959652336, -0.020720569719150993, 0.9353500235861737, 0.03983784124601189, -0.01480589385900274, -0.011041568660129947, 0.009861256000987565, 0.017116744713626873, 0.07157115473950564, 0.006712070693739971, 0.014645564461545331, -0.0017756640894599507, -0.002740734379358718, -0.004079340038421478, -0.005618498857887331, 0.004617973450083369, -0.0041404961539833855, -0.0036706424662670684, -0.017933566998843613, 0.002085492104848494, 0.012658413271132393, 0.006565356457023278, 0.015895897393075942, -0.0031829157399816213, 0.020790697100332836, -0.004980608448980314, 0.009030185743003379, -0.004161935833910524, 0.02989423320912929, 0.01409770710458009, 0.01215500125123621, -0.019548735124688667, 0.05379671636847449, 0.012837062751669466, -0.00611636943923877, -0.042407812795520736, -0.03683867302027057, -0.004513348427338827, -0.005292955537803917, -0.023699595736710405, 0.008279142249799804, 0.06815504059265061, -0.09050450701573699, -0.014745554572041871, 0.05134215024456077, 0.0823341200079755, -0.06293280692378789, -0.04199635619605149, -0.0507657215779041, -0.010549182837648944, 0.07563087996723185, -0.07863304376373448, 0.011828937304187171, 0.1386680237195245, -0.08206957180655897, 0.010087975953903906, -0.013411522064646937, -0.038121639133839536, -0.010137873890881282, 0.007416901354679613, 0.02734757259300255, 0.006320581868631505, 0.09507270056021304, 0.06314378320975306, 0.05182385273058761, 0.011450605077944431, -0.017131618466536314, 0.0032718040193768882, 0.20521143863620928, -0.010900624035332594, 0.08135457709599647, -0.06493551851555694, 0.04438736923885418, 0.021579326472475884, -0.045082604371145044, -0.008171870808601999, -0.033197541663857404, -0.0726120597677679, 0.03762778699505804, 0.01796668592665553, 0.009372798904930426, -0.032664849124314346, 0.017758511994293926, 0.03417729272820544, -0.014909491212804677, -0.010605718447330595, 0.025197415261352375, 0.02844846519480116, 0.009445640023448734, 0.011072762815260333, -0.11441658339786061, -0.0359547972431184, 0.01687935577582783, 0.04280202792289422, 0.019417777243092144, 0.06278436081646811, -0.06829781782146137, -0.03197507218795086, -0.05475348944884635, -0.04494113956965244, -0.0762707124588255, 0.01852670499959072, 0.005953109962959959, 0.013598296779792312, 0.019893848815355226, 0.037356209201137594, 0.011206583080532127, 0.03749190530045087, -0.009510539584403895, 0.026124628856980112, -0.10745459905160012, -0.030001628843364218, -0.01495087628303955, 0.09439291432490302, -0.03952356322605385, -0.00838184673133112, -0.0013065802484431145, 0.006852967780215047], [0.042875761286789923, -0.0474964253971954, 0.03984395731860599, 0.047677678201470564, -0.06725779678334952, 0.04394795732244723, 0.03983784124601189, 0.9344253504404838, -0.021066029657550004, 0.004089233370003243, 0.02544416628897858, 0.014721673115852483, -0.09944564454197947, 0.004139678346662177, 0.00624837312992754, 0.01744920571365726, 0.025642451403164904, -0.0070879672492017735, -0.015390744631204597, 0.014027647859928058, 0.003842182143398984, -0.019616285829977608, 0.02396154412888245, 0.006679068473392677, 0.0148155505111993, -0.004980480895884811, -0.01701701505234497, -0.013078261392560159, 0.02270972927757941, 0.017646571644634252, -0.004911599242670007, -0.009763843377025884, -0.013170381885121648, -0.007520947744914825, 0.048587170880608, -0.0064306905311193215, 0.03939012298452975, -0.03923794253419569, 0.037106472684915216, 0.027361426856363176, 0.0002192453755929332, 0.003615226071533622, 0.0001688334636861735, -0.002831636135026524, 0.034379574186685934, 0.01879870433498126, -0.04123476421440587, -0.046274560862118584, 0.007766962867347009, 0.07121518660930769, 0.016813526304317886, 0.025519708664071217, 0.07411756598483861, 0.012180179879837572, -4.9760193319445566e-05, 0.003397815612177867, -0.008174955692294322, -0.03380799592278498, -0.04482867200389598, 0.028063519766696268, -0.011687917394208986, -0.030128414058885084, -0.03312312272412998, -0.020388781300811443, -0.08581771366522287, 0.007899402345767375, -0.0431982943518847, 0.01563874999212785, 0.022630553089605914, -0.042013225021142644, 0.016922886344468493, -0.01624568406053344, -0.011835457626969484, -0.037979604218586226, 0.010341177231381492, 0.010143141307792671, 0.00789954519264248, 0.013585857797500935, 0.06915311316770086, 0.0013637107016769914, 0.03771626700373579, 0.10519158334792467, -0.001098489326562795, 0.02540135919199308, -0.06841118585666077, 0.015486026482918087, -0.03555257920016711, -0.024267126623433485, -0.019004920036062824, -0.001776440855809288, 0.009031272103904114, -0.07822425572729938, -0.0042878624766333005, 0.04447056628892888, -0.013922454935624494, 0.04918321705585755, 0.034918320332075495, 0.01494346754555691, 0.009278390120512781, -0.04601840715580152, 0.026937557857058144, 0.0471740132589512, 0.05200331414980037, -0.03958794781189313, 0.05829959328891549, 0.018980164308775964, 0.0307029767891135, -0.029421029407988093, 0.0039235467456347276, 0.007350297073718437, -0.018101953088671758, 0.0030062630535449943, -0.003722837942210146, 0.01724603966667151, -0.0664763938944656, 0.005750158600988651, -0.0341064326520304, 0.016191926636200907, -0.02093113101396958, 0.06485826047081465, -0.0019187518790226487, 0.00198875026100812], [-0.03195640562097552, 0.035210855533175496, -0.013750201564975856, -0.01774918010269739, 0.009539258929849134, 0.006098751291197641, -0.01480589385900274, -0.021066029657550004, 0.06515324836300229, 0.018977584387539746, -0.004792025474946811, 1.489676876576882e-05, -0.001295244099668193, 0.005294378307017058, 0.0032368344201950143, -0.00021520733506708004, -0.0024761010473536077, -0.0006548192058959891, -0.004934944286803201, 0.0018508621495538628, -0.000990682383713512, -0.0003232670242786319, -0.004185369537156499, -0.004471010716751983, 0.001058285581117935, 0.0012442144895653542, -0.0021844095522389247, -0.0008349224876496478, -0.0007567181605215644, -0.001068673121531178, 0.007296002749235162, -0.01848394661602452, -0.010123450753097884, 0.013429942155977273, -0.00574247636475409, -0.000227686499010726, -0.01529531256417653, -0.008626235719314385, -0.09467237391839829, -0.007608698297573859, 0.0006390949979358851, 0.003929458983777458, 0.021728261473439286, -0.011184550806705253, -0.011128316976078639, -0.008237643852559642, -0.0007865998470482958, -0.001502078186477659, -0.01167812953649173, 0.016192831182105915, -0.002459748737540189, -0.01874134674403437, 0.0132696917348782, -0.09525736917032873, 0.026499662346071113, 0.015406907933761323, -0.0019016913409821215, -0.00985973881421213, 0.02119889760593817, 0.0119310279641929, 0.00948921469647993, 0.00033135590228989403, 0.0030249130008534715, -0.0019070450410712757, 0.013146400344944392, 0.0009337498897575507, -0.005882506884268122, 0.005560532548820388, -0.0984566271073164, 0.0058299197617873, 0.005939204416613204, -0.00940606066278228, -0.00874987397449169, -0.0007031527931256427, 0.0029074262920725917, 0.004558655525831624, 0.011318866611830854, -0.005899552110851846, -0.0014416969004852993, 0.015142002786353173, -0.004978537075021249, 0.0005124194758789379, 0.02030556635302615, -0.09532026450748717, 0.00499444761992203, 0.005670569594850093, 0.0037474418535324663, 0.02039802408350116, -0.01071068539785081, -0.018267876049482542, 0.01392046078064189, -0.008033251460228354, 0.007942940364010343, -0.000365973455362333, 0.004111234311161977, -0.008251743076057751, 0.0052036908751872946, 0.014307222731883167, -0.09679636035371095, -0.01788545916009767, 0.006871407817364904, -0.001221293772392478, -0.0083894045493893, -0.004319595596922295, 0.0011793170568607074, 0.009040891643849336, -0.003118843981330304, 0.0022442438923635536, 0.0038987648828040368, -0.012889993120172456, 0.0018359462231553802, -0.0017789870549817898, 0.0013890095636977793, -0.1049423272947164, -0.007159994931285868, 0.012758191199949372, 0.0036296259609101098, -0.014920408201652134, -0.0023085601430454, 0.0017186763146003687, -0.0004289883156201451, 0.0038336146489238716], [-0.07159771782970963, 0.060524761592398356, -0.12176711407184548, -0.03992188018616205, 0.04262271236578103, -0.18225336419240007, -0.011041568660129947, 0.004089233370003243, 0.018977584387539746, 0.5546729273848515, -0.04275190620337644, 0.024500661346726856, -0.10946176145289417, 0.012403413958625988, -0.012534697486109416, 0.007678129710596003, 0.012455670095517336, 0.002633609175252524, 0.008730432623044525, 0.01267852055594488, 0.0005854950273645959, 0.012276534928270794, -6.496753670799875e-05, 0.004298136551669294, 0.0019706308541177922, 0.013620432625410243, -0.023002900960108597, -0.013410397419511505, 0.01653392361187273, -0.0107256257079791, 0.010576450906724145, -0.03447831897196346, 0.014718484970300469, 0.035517429394877474, 0.011958811724505677, -0.06765398833165119, -0.016994964095590082, 0.021393706493748128, -0.0010167489590493309, -0.10241609994061254, 0.004595301491706638, 0.003952525985858034, -0.006742856640276937, 0.006017603317420208, -0.029209198907661472, -0.008909585425920968, -0.009416759742079488, -0.031511277533204686, 0.02332467164455129, -0.016421569352245355, -0.058947059159682215, 0.06379669677485289, -0.013733957836494405, -0.032629740392660866, 0.03104311895998069, -0.023570486840515485, -0.019622759604036987, -0.055192466916292225, 0.029110658660523817, -0.041429894066649035, 0.028100160553228018, 0.023174893418145215, -0.09036915923883401, 0.05085439401390989, 0.026782899903864375, 0.03776282206580798, -0.013941392296437805, 0.008855399368746531, -0.03451719055509499, -0.02775091418951362, -0.014444419235933514, -0.016412180719588644, -0.03540797058127442, 0.003381162035732414, -0.00970143435936767, -0.044762986789813004, -0.00046528260224949525, 0.001079948705598039, -0.010845515692184737, -0.02515640241075406, -0.03940185713803184, 0.028955099093423923, 0.05106312305983455, -0.01159909855698969, -0.04713164251881597, 0.018396727721010978, -0.022530616956344212, -0.021729683385864652, 0.030210911027747322, -0.0015192500329404674, -0.036700889551632386, -0.0016793397067989258, 0.030402724129471675, -0.052155282748792976, -0.01389368149702109, -0.029585180405425338, -0.006392996273748087, -0.023428899317128854, 0.005228651156090311, -0.08309298278869837, 0.006451559986191376, 0.029943258418370908, 0.011439742386898238, -0.008123748504554083, 0.02429133758535501, 0.016518713405759076, -0.0038193477040251306, -0.021316931446215166, 0.048561016708046835, -0.03818480681979657, -0.06963669339552492, -0.054181635429290206, 0.023569254109394065, -0.016562155894496857, -0.054498357793467546, -0.02374668581541997, 0.004332014128692412, 0.022041841309999866, -0.01629996187793214, -0.034961795503372625, -0.007622683999069508, 0.007771232203829545], [-0.06319383979500878, 0.025608656700302983, -0.003350481263705361, -0.02758312979362013, 0.02070684364966289, 0.0847955108994812, 0.009861256000987565, 0.02544416628897858, -0.004792025474946811, -0.04275190620337644, 0.13282361775332358, 0.004161493463535196, 0.01843243383558142, -0.006403985509828948, -0.0023462066136676124, 0.0040313791756715935, 0.005801010769298621, -0.004892185800925045, -0.001477455382681238, -0.004826004287408617, 0.0007622447760119013, -0.0036850579266668555, -0.0051774758013835446, -0.0015467639236600248, 0.011199662057632804, -0.009554432226932804, 0.0013377840590067715, -0.0011033696899060803, -0.000462410340921624, -0.004220545438061079, 0.001806186710453339, 0.011610781437965038, -0.010985208031784148, -0.020002752425293365, -0.019350714398183446, 0.021151398298611554, 0.022697335982829726, -0.009021801600256932, 0.0028847073123980083, 0.012277417885817017, -0.11542754188715464, 0.019500557308058174, -0.03873845684157006, 0.005998838690722234, -0.020515093833793567, 0.014592658529086344, 0.004292526108516932, 0.011227307625439175, -0.00645420649732069, 0.023476389266034698, 0.03005928561879125, -0.029355651596265603, 0.004930916680286218, 0.004448171381454089, -0.049680866975301614, -0.11033934392277775, 0.008179635873925156, 0.0035739593574663146, 0.002232074107315718, -0.008889501977936667, -0.015517839358786256, 0.012361696474058728, -0.00822819324299237, -0.028976324243668923, -0.003002064312098536, 0.019590698596574384, 0.004743189296452118, 0.00333087097844239, 0.018218810208664553, -0.02566265615466294, -0.12197408087658797, 0.014430859722375807, 0.021396560029995553, 0.009186902962416277, 0.00646602589566752, -0.00997314478092561, 0.032989493942016904, -0.011709871106957469, -0.009257568097311614, 0.030022580858517525, 0.013783088015485351, 0.001225842873350667, -0.009758570632084872, 0.006969303927114265, -0.01655163117995442, -0.11976366821829636, 0.017117567592962478, 0.0065851952845479645, 0.010052018252134327, -0.013766939854905678, -0.02875392476563911, 0.04129569547717898, -0.025547376146286264, -0.03785868606465364, -0.009225179125507929, 0.028497896045715673, -0.02531645126248625, -0.042629941633524356, 0.019930044679184793, 0.023369346367883875, -0.11251932891244115, 0.017865629906850856, 0.03329995439151881, 0.002795764440637001, -0.010141802534695255, -0.021130087406021476, 0.016912897602370875, 0.00709944395314871, -0.03731560837378366, 0.028644818561611888, 0.034953751951091384, -0.015031920092510339, -0.016473304324719808, 0.013564897769151943, -0.00531797745367756, -0.08684657940459772, 0.015538627617611963, 0.011174527518221516, -0.009138150351594296, -0.030904278297551435, 0.0014307675578097646, 0.000255104213814441], [-0.05572751855093488, 0.021269438584385045, -0.04386653357779611, 0.034351851550461956, -0.007703817134847275, 0.009686716065422051, 0.017116744713626873, 0.014721673115852483, 1.489676876576882e-05, 0.024500661346726856, 0.004161493463535196, 0.1689947216946949, 0.027471684205212666, -0.05733361376165474, -0.08817431929161317, 0.0020460603538108957, -0.0037314952257306803, -0.0012856774724637344, 0.00455753087585371, -0.002221983897540264, -0.0046512259225806535, -0.005112682415671343, 0.0027875809824548705, 0.001203196318553251, -0.0019986380074869963, 0.0012254579724651088, 0.011134906957089172, 0.005243082580073696, 0.00010814023926302994, -0.002680424366470381, 0.0061924601016089134, -0.019181947558157154, 0.01700260370100742, -0.018461613002667288, 0.030912787599916284, -0.0007842596779155153, 0.008589356580500501, 0.0013932057018863004, 0.006791249595018831, -0.022597414555662578, 0.023538753851292425, -0.1307872628844116, -0.015550977115691186, 0.02065842523787226, 0.05288721669152536, -0.011946674887067082, -0.009153296486752721, 0.01578271933515636, 0.001330525972335804, -0.023600501859169818, -0.006483575568091046, 0.030730859077595558, 0.04768097549637106, 0.0062188586439094, 0.005633780742956275, 0.019212969320061467, -0.11335587916002553, 0.006770474519621454, 0.016117432507462413, -0.023394948038909458, -0.014764544404819292, 0.01088224206991426, -0.050015424687635576, 0.03399982490285832, -0.023342908704690142, 0.0037385225479574084, 0.03301822348756335, -0.00783093143443732, 0.01982875713146384, 0.017792053597155348, 0.005137482896644752, -0.09558401932437549, 0.012372777710819145, 0.01285532283947713, -0.034791583388823356, 0.005315189706064429, -0.0012668440653833505, -0.020147407522231178, 0.015661414103926886, -0.02863162173309312, 0.0010270692964354554, 0.02261558461255115, 0.007372566654395535, 0.002345256788536164, 0.03216860328934327, 0.013267961271786654, -0.10149736891033526, -0.023248825464344345, 0.031325628857159525, 0.003959779882368782, -0.010506010012300015, 0.004656089060610995, -0.038218588979867664, 0.0035478782218315457, -0.021901964999880643, -6.828961513421595e-05, -0.006637732456683911, 0.0209738929326895, 0.004052334687356125, 0.007188591229818213, -0.0020263588444775853, -0.1290637765032725, 0.0063294303717214275, 0.004082682181062883, -0.010545931404662793, 0.002863060907990812, 0.001907833413972939, 0.02616373787886363, -0.014629146035757004, 0.0003693382130323857, -0.00583214427835838, -0.025152502185605666, 0.01521583472613087, 0.003934687511168587, -0.011126364048124194, 0.03009173963822414, -0.13138329742577032, -0.0006764300534637678, -0.030194648795736183, -0.012459356801910017, -0.003930049808328561, 0.004767158664412229], [-0.012737065492654173, 0.07305290300611887, -0.04132280929484914, -0.004291963302653326, 0.018416264791675616, 0.015577196111363262, 0.07157115473950564, -0.09944564454197947, -0.001295244099668193, -0.10946176145289417, 0.01843243383558142, 0.027471684205212666, 0.8474405840876973, 0.021809296083187685, 0.17484607108465716, -0.004968222786961906, -0.004550238857590346, -0.018033263945881194, -0.0014304174640975234, -0.012409389868950082, -0.01602879761612021, 0.006519152666450639, 0.019296550843690703, 0.0005020138814174602, -0.0014067116051730626, 0.00561543077200514, -0.0006611434968691626, 0.021888717157051898, 0.010538230895281846, -0.0005690609189666, -0.039920246511635664, 0.019333250074711265, -0.05909999822524747, -0.01535608537885828, -0.02836700358639516, -0.03861356838577323, 0.00916582795258155, 0.006865363124113661, -0.011097281629250099, -0.06103801590977692, 0.0003372600201212606, -0.011789465732019758, 0.006783477958340205, -0.0005678652871373111, -0.0034566718120358857, -0.05047945657567808, 0.0386300979672252, -0.05647007132245785, 0.003526659035301669, 0.0038465208730031, 0.04032096686271703, -0.10360032362638033, 0.004815731029542729, 0.032642472342052475, -0.015042822368527197, -0.003293930951311402, -0.0015877798651978009, -0.04369518604875104, 0.06445090279895466, -0.015949302527706776, -0.04284302255373155, -0.002741909671498572, 7.664792963164423e-05, 0.00590356399454675, -0.06810758580599514, 0.018055149356224515, -0.05244189563617696, -0.04203889556406738, 0.008734759263909148, -0.13385157594207384, -0.03070292131277663, -0.023145465822281396, 0.026916963515062675, -0.0027110938236730867, 0.04290037472891654, -0.03332894522356022, 0.05890819313639167, -0.02323020668481842, 0.00920024436028302, -0.03308379469280542, -0.03437168230783589, 0.007620418337978577, 0.012070756188207186, 0.0013107172478413508, -0.001442308367073921, -0.028351812673301634, -0.021508400916061203, 0.02103242782988466, -0.013348127320167763, 0.01422973697296027, -0.04790708067869937, 0.06262491232613236, -0.0563359972537047, 0.00902167749068866, -0.056777585218506635, -0.01350535934132284, 0.05541158305985636, 0.04242434016380247, -0.00542546362622982, 0.025099851931838776, -0.08075420211945564, -0.007006713515057924, -0.04479914899121557, -0.04443254854229076, -0.033344959956214115, 0.0027052282501815773, 0.02156989234496913, 0.011732908710949888, -0.003699246119848919, -0.08481911393059029, 0.02350648397550541, -0.0033121165641942776, -0.011710574869300893, 0.03934471132591102, 0.018456711289864185, -0.011132367692646788, -0.038155600970647734, -0.09627785679391292, 0.02909138145352364, -0.024426406997692086, 0.00850422421792429, 0.012812143866002677], [0.022057035672298563, 0.025454056874610373, 0.026721853272829447, -0.04406993802963999, 0.005639954908205739, 0.013452931217326847, 0.006712070693739971, 0.004139678346662177, 0.005294378307017058, 0.012403413958625988, -0.006403985509828948, -0.05733361376165474, 0.021809296083187685, 0.09711261613765719, 0.12658656441677743, -0.0013508025070615797, 0.0035975482258234015, -0.003603406957667296, -0.0037863624570600037, 0.001623959714738792, -0.0006226397526618527, 0.003196993712328438, 0.001004745436400127, -0.0018310404768290274, 0.001838086218793299, -0.003311359256067358, -0.009077625268467514, -0.002591956269872247, 0.003952518099510589, 0.0014730260496845558, -0.001130841375328791, 0.0019267561237356066, -0.004046830719308125, 0.001256819576498536, -0.01827640676526979, -0.006457999311719491, -0.018708136101592387, 0.011675498612509085, -0.009260176053793468, -0.0010807744477144255, -0.015548570704948453, -0.0003447770910857038, -0.018656452848605745, -0.03624846739305379, 0.004073721076752066, -0.0033884248856283906, -0.00609094234257718, -8.917260306832418e-05, -0.01359370541403818, 0.0032533379587819356, 0.0004640718951293785, -0.011593741916155646, -0.032871428046083326, -0.010160732473717739, -0.01470019529254729, 0.013647726558050804, 0.0011025639188253996, -0.021278873774844127, -0.04675117629990165, 0.02713307138507282, 0.004761426514739483, 0.01149750462491418, 0.009713866298969876, -0.02103884097918238, 0.015355101651000813, 0.016457811427565455, -0.014777396744666738, 0.011350516362773951, -0.01536646996759093, 0.0046157288442892595, 0.0052454183725111425, -0.01807686190018388, -0.020591690059426744, -0.055537959151807405, 0.05412696048452022, -0.02252933525560714, 0.02863955736281708, 0.012875445521585073, -0.025351245548522975, 0.010837539412441012, -0.004185929928707745, -0.015429768963571991, 0.00718152345485895, -0.0061436703498779985, 0.003108473570809847, 0.014344767368583563, -0.010801042481810488, 0.020562337672005573, -0.08058096534349486, -0.00916011801770143, 0.009959399367147294, 0.006344686083526971, 0.016809728210987567, -0.017556040660525053, 0.014756149533168998, 0.004659714253250223, -0.0041057084330029525, -0.001700534373938172, -0.005518022515414452, 0.010685604286409058, 0.007693195986555346, -0.001496914713655964, 0.016199250389266045, -0.06796251247982445, 0.027190991595235425, -0.010494183508835861, -0.019690451344252794, -0.001871015393921534, 0.003448788699078649, -0.005140509110192405, -0.008473184444161232, 0.010569013744994546, -0.006589509377495816, -0.008532446807125263, -0.010158924422448397, -0.004241841285574964, 0.012894875835538737, -0.003854683177085298, -0.02301665348695604, -0.009821906509208033, 0.005377130542734499, -0.0022764822539565284], [0.04416873356418049, 0.02225565247565319, 0.03687217975665484, -0.08053921875810031, 0.0002444527586060107, 0.02526664574347974, 0.014645564461545331, 0.00624837312992754, 0.0032368344201950143, -0.012534697486109416, -0.0023462066136676124, -0.08817431929161317, 0.17484607108465716, 0.12658656441677743, 0.2409064043326187, 0.0016878059374760208, 0.0059712264142622274, -0.0024528255778684047, -0.005342191101089037, 0.0019810636397775624, 0.001300128019145891, 0.0083819168745842, 0.006254649467789973, 5.0767353102382223e-05, 0.006732550794476859, -0.000667935594267787, -0.013806696151225574, -0.0043960004410436805, 0.0013834399229245228, -0.0008130182001412309, -0.011576602988218812, 0.012210018015557367, -0.012515580521816828, 0.005355343157273633, -0.03777594617865259, -0.009394626081173996, -0.026220319151937302, 0.025571506397999398, -0.010986386551638678, -0.007473211262573799, -0.024820825882989544, 0.008363347449693062, 0.00580810617053762, 0.037619955920681535, -0.024769996472962404, 0.0012556350288405816, -0.004140673586913805, -0.009822957397954506, -0.01629307563331333, -0.0063507273930255145, 0.0029361834226243073, -0.028976466492693573, -0.04193839039887594, -0.01562792073564065, -0.047761176364281836, 0.0072935254478915966, -0.009521702155311944, -0.01620203271194965, 0.006935308801046159, 0.02184335146283823, 0.006233795352733404, -0.00532677349786615, 0.0174808117009206, -0.0344317586465855, 0.006518961456211864, 0.019382035729064166, -0.05727520545763936, 0.00045866306485781616, -0.024810899248674256, -0.03727758846246042, -0.005788350901672158, -0.036136066454191394, -0.009066305494986526, -0.008830789270911507, 0.04536300444880645, -0.04283080437010604, 0.04166944884953613, 0.009107878400793148, -0.03413617117591067, 0.014299818676960774, 0.002619437289973369, -0.02956727765336639, -0.013064531903053695, -0.0037768947896665577, -0.02039208021030929, 0.004619600416309258, -0.024853403147285617, 0.06041930650064033, -0.039953284789194105, -0.04675057583151011, -0.003088088634480697