{"inv_metric": [[0.4566423640240797, -0.24572994105974003, 0.09221610294470345, 0.18234925345009215, -0.033046656520978636, -0.06674190960654665, -0.04297257478006499, -0.008243184196019954, -0.02334436423980267, -0.08863336443130963, -0.06795616565793208, -0.05293527460341134, -0.006421907998243953, 0.012665472391882579, 0.03291417390370677, -0.00435421596623744, -0.0078118617746403395, -0.00363609576374184, -0.0003485432923267583, 0.005489006314003753, -2.3343233236700515e-05, 0.009804596663244833, 0.01130922961899557, -0.0022977674014287735, 0.013879237168245996, -0.00866713540320081, -0.009661860603554331, 0.009468329738147678, 0.011681443643559369, -0.007919632685185123, -0.1327846920379601, -0.0823314177172877, 0.021300212469484305, 0.02164941096776259, 0.0038362147939314736, 0.008343355171574097, 0.012497300512823582, 0.030225445100228673, 0.008843782854833693, 0.07561969812018064, 0.006668324533869258, 0.010786271730754, -0.004798052234067882, -0.01226029515804686, -0.04224456335931379, -0.05770900190839023, -0.11419583885463998, 0.0555680589735397, 0.06179175723811143, 0.02207843732992935, 0.0018197267549152321, -0.006173750801600531, 0.04072016029821194, -0.0038346397921097553, -0.01644571324704661, 0.01949555136086048, -0.014321917532085456, -0.052626545046873224, -0.02605278704821098, 0.0005049490011267865, -0.03946274457080391, -0.10647135394430977, 0.06973035604434696, 0.06472773079986802, -0.018352776650825145, 0.0007675724562785758, -0.00435676141950548, -0.012582461411869283, -0.003310082730468555, -0.012156517593618, 0.006116035338348576, -0.027094668337418887, -0.0032633053254667484, -0.0018205268488673176, 0.024641208541804235, -0.11563816473476966, -0.06324344761435537, 0.009725075646705349, 0.04119937324983104, 0.018624101480821845, 0.0024217279634002977, 0.03488627530216638, 0.05290636512039096, 0.023765613029516235, -0.008205517968135562, -0.0028363708405350074, -0.021025869472479763, -0.01963416742699257, -0.01795794595550603, -0.03689078099504194, -0.05936453924218316, -0.06081075388522551, 0.002944579543340378, 0.050084939165472915, 0.03160490426431542, -0.0188887621521987, -0.0005643692532498476, 0.013985741445900556, 0.020451321080501034, -0.04337080120057991, -0.05236379659659394, -0.025352053385608777, 0.05997042688947701, 0.03503026654728596, 0.1068742936094026, -0.13174992648164396, -0.04501725692366611, 0.021647073601027602, 0.04052421666124297, 0.019952322251494153, -0.007273150053836832, 0.022963978388597116, -0.03557309651027503, 0.026757037054956648, 0.07476369861811197, -0.004770518732080748, 0.010896551247266224, 0.019971711712261572, 0.0009448585038992263, -0.05337592942511418, 0.00484846269974508, -0.0032291293894499964], [-0.24572994105974003, 0.6322414488813058, -0.07379666279794506, -0.18616154126898307, 0.0224722439644875, 0.05260070386554285, 0.030957557599139283, -0.03419444097908697, 0.02012901079647831, 0.029700560438213265, 0.04873632383763641, -0.01342172238326341, 0.04558069670848719, 0.029324377659371344, 0.033657385610424556, -0.0178198620679604, -0.018769133357355826, -0.0006595927916078275, -0.008478528415338306, -0.0010755272225946922, -0.00027036007413722374, -0.006837695152248208, -0.014489719748818849, 0.020364321609586098, -0.008720564064190603, 0.013370530041695817, 0.0009935871632577352, 0.003989560820403831, 0.008422114796476006, 0.0022050400073891988, -0.06354609987174704, -0.021797759373124788, 0.017042107712977955, 0.049616574318086776, 0.011231227113198093, -0.005416166006311808, 0.0024664945614093613, -0.00231027596330793, 0.00013705212961472951, 0.02313995522562871, -0.0023725742389880274, 0.041344050362451146, -0.01433840861538168, 0.01478785137619853, -0.028860326524306472, -0.037953906326907906, 0.0026408078378231305, 0.014370812937549108, 0.035097837048707246, -0.055763652803679446, 0.049278821572483145, 0.003279988869776983, -0.028779075699774097, -0.0026721112529047076, 0.029600061257034554, -0.013691771153479464, 0.019674470770860417, -0.024076369496234557, 0.009379490993202674, -0.007369827540475158, -0.06961727511158791, -0.003106733444602576, -0.06259428966648421, -0.012894536049791858, 0.024777685929473367, 0.0014306694208992326, -0.016767486255778983, -0.03210118324432044, -0.003170880740989727, 0.011322210017553774, -0.008318302667601604, 0.022670017400747394, -0.00662863126501196, -0.008290500283186567, -0.021981648016453144, -0.0099603005838117, -0.007481765873650403, 0.03203382925685859, 0.022135221484373514, 0.032311824049689485, 0.019562134962581863, 0.027450733615715487, -0.0010118751123953185, 0.006561401035075188, 0.011250571350958923, 0.015405753624015223, 0.02806125969566138, -0.005271070223594893, -0.0031019467302998405, -0.03567305589010539, -0.02408243153137304, 0.005007580281273039, 0.034592540944481616, 0.015162843064005567, -0.028458404345851937, -0.005915335463938603, -0.05116445571763801, -0.03354034513868558, -0.03202118882219223, 0.05327649686041648, -0.005494507021374073, 0.014037649263393877, -0.040052432866412226, -0.0323428652313775, -0.020039891186451997, 0.010620449648836605, -0.08321332053099045, 0.05756913845191175, 0.08265166864057405, -0.0566672270030459, -0.008433963408320118, -0.0179342169642095, 0.022503997719253797, -0.015100732834530027, -0.025201829370212616, -0.021656577992997438, 0.0010407040067063951, -0.023214885070534045, 0.01881772579605341, 0.010229608749961705, 0.006387322561058541, 0.0002868668153279135], [0.09221610294470345, -0.07379666279794506, 0.28252387961631553, 0.001482510505620355, -0.006881300041637306, -0.036204847622701763, 0.009202143136565233, 0.023476163678359342, -0.020897886233678626, -0.12039172311089874, 0.017493868334833858, -0.03144500420217648, -0.08032827987738217, 0.015239982659767547, 0.026545991157965274, 0.004383998774035909, 0.01574199960806092, 0.008714909161920463, -0.0021955824788824694, 0.0029162689180636356, -0.003531494681839103, -0.004238930247436514, 0.0027000530258790337, -0.0047000961066489735, 0.0058608183717875845, -0.008158185745421306, 0.0054937063831294874, 0.0034309213008636968, 0.0015150550090299835, -0.004350138865068382, 0.022136754715843972, 0.010649337823154964, -0.06782169696077013, 0.02735977808212036, 0.03521666280428907, -0.0010533981086974051, 0.04855052942988036, -0.009681115108508258, 0.009170671088259872, -0.017868120389571557, -0.024793238444122234, -0.01897435532910454, 0.01615719235090857, 0.006250515132542888, -0.011168654334433502, -0.014465469122895137, 0.04648718053623887, -0.060095903021677236, 0.05326602123310614, -0.00348033436617588, -0.018233706778417066, -0.036002880749486106, 0.00043184972530704185, 0.013175791465274903, -0.00649415501162422, -0.015177383824546536, 0.006286871955432946, -0.026222532617621957, 0.028278868669224258, 0.014255892063005128, 0.04790885002124355, 0.013535186209868122, 0.0005938833506681589, 0.03905244466562627, 0.004947700808564987, -0.0028264912898103506, -0.004348427601368404, 0.02114670577677014, 0.016698921643312884, -0.0030245805946475988, -0.004504023307840106, -0.031014283587936613, 0.016400661068351495, 0.04552477234606335, 0.09600917349606546, -0.008042756603159515, 0.01026271031982119, -0.028945067456269794, 0.017552595553386997, 0.008736807386737239, 0.013812552658713992, 0.022532305943433785, 0.02002409197323399, 0.025508473161718816, -0.04401364622330123, -0.004116313577472942, -0.003049571201864291, -0.04730055489273938, 0.022579454503248927, -0.012451335400571981, 0.012305916249201115, 0.052379259164838966, -0.08556967951972838, 0.05596545509730788, 0.006543560024086883, 0.008026703623664947, 0.01692879231858637, -0.0019250092110245254, 0.02861646295423775, 0.007081958434798682, -0.027742240023873654, -0.03521371951287253, -0.0034547353446419413, 0.03225377067244411, 0.0043686619268015, -0.028774726549797264, 0.03742010719036777, -0.07596222098071358, 0.04804894293160856, 0.036211990713141656, 0.009128589662884013, -0.00027048284349421475, 0.01402704997088948, 0.020518533147914575, 0.02939922780941806, 0.004313117061797761, 0.01648642157036871, 0.034839893236950685, 0.0286558017278206, -0.025628685186807405, -0.0013981302592446657, -0.0031176423309807436], [0.18234925345009215, -0.18616154126898307, 0.001482510505620355, 0.35589011037306445, -0.02149923039380337, -0.024601249110711928, -0.08015503896847616, -0.013132979080037613, -0.008336204844300137, 0.0019842762000609766, -0.04553675111904714, 0.0181496532688224, 0.027899086375245623, -0.049803734371716236, -0.08009589164324646, 0.0029447619032963957, 0.0020587815725000703, -0.006734662017063916, -0.0060992664262967825, 0.014635574884324319, 0.004258301222030488, 0.006792874605033394, 0.0013905738747978158, -0.016050670897679344, 0.0002768571965111445, -0.003164192365406251, -0.006984576293690383, 0.0007363220362320274, 0.00471090096698866, -0.005642826097297782, 0.02781076581937103, -0.0013568887776353293, 0.03988378656404394, -0.07634199996866828, 0.03510462047558671, 0.009993999040081903, 0.007212880340562163, -0.00592379587290411, 0.012335907060935873, 0.009529440897556671, 0.00625721887841124, 0.016097809794769886, 0.0026875635413215783, -0.0032975357515386185, 0.0004596776497713198, 0.03655921472722238, 0.005547099485245802, 0.046929842550703926, -0.08390259055040955, 0.00601376080600903, -0.03815045748069269, -0.005946256904030321, 0.008963700273466157, 0.005336208446475547, -0.004400678887148044, -0.030077550636977174, 0.0038922374368047224, -0.02560895739709713, 0.008522447035057739, 0.014026492931140165, 0.05424201722572089, -0.008168151210304975, 0.04802851359158214, -0.026270194871015513, -0.0031443154760153772, 0.01720767308059818, 0.02738558433465973, 0.058747330799987625, -0.007539153328204732, -0.030126823034853343, -0.010482560666712656, 0.023284344184388895, 0.02328474820794335, -0.04658648777237522, -0.06454098531917052, 0.03823585533583545, 0.009718081040118539, 0.058313415382766035, -0.04895434696869472, -0.037854886594806826, -0.021460427734170104, -0.003801320770578305, -0.017614490598032974, -0.008445454956474717, 0.0010358272822219743, -0.0034094341574304288, 0.0001641669100364995, 0.018630667636902694, 0.002662920472124621, 0.0080516957605899, 0.02378488050771746, 0.022249081806852488, 0.0392154212376616, -0.06636013889712197, 0.02764001100401612, -0.009441841309949711, 0.016116986248339467, 0.035019059313606174, 0.02114525772725442, -0.027633742601308353, -0.0064056932128269016, 0.022288525441579977, 0.024244437881253793, -0.000647666221131196, 0.019411874328825105, 0.03241193594443071, 0.01276001700883817, 0.0859436423820004, -0.08410350158200677, -0.036763316041663566, -0.010765791789806276, 0.004790738030033487, -0.031905558682617484, 0.0008975308024355078, 0.027604678409533935, 0.02634943010320202, 0.005288590539688117, -0.0024623652382201517, -0.022073244101744556, 0.013730098006195398, -0.0003548280218917754, 0.001101423266408769], [-0.033046656520978636, 0.0224722439644875, -0.006881300041637306, -0.02149923039380337, 1.0548052919346356, -0.027140744367728575, 0.14727389474485564, -0.04114144261303043, 0.005772623169553556, 0.029707773910099936, 0.03206715561006513, -0.017206962804023174, -0.04436453795438986, 0.027365864610082273, 0.03540892489796114, 0.006444500738348556, -0.0038930744248302515, 0.006632910724227248, -0.010826738690437513, -0.024363857347945484, -0.0010935510113936515, 0.01043652113358181, -0.0013213324873796687, -0.0048927799185993805, -0.013549054676584562, -0.0071643571218306034, -0.0032179872377346174, -0.005508289454436637, 0.008750494337812859, 0.003143787280741063, 0.029253009596589198, 0.017118586100093633, 0.026013927291342578, -0.02199371848444944, 0.05379669067571777, -0.055877317841049316, 0.07297448542100374, 0.0030945750540003728, -0.005507876825043863, 0.028701843848882268, -0.06690294638814828, -0.04375838605315056, -0.018239013421059942, 0.012349192743306564, 0.04081000622720255, 0.05572886791229855, 0.007871791774969775, -0.05757526821251275, 0.05225980500229305, 0.07518457722820579, 0.04562721911406727, -0.09155472226952223, 0.15961143014584478, -0.014047681416378561, 0.03223660732121163, -0.05307014807627239, -0.002499370228991868, 0.03369407120838725, -0.008115619935853005, 0.04999936150814331, 0.059739011238928934, 0.00414609262428014, 0.026141417388281005, -0.06070954536231253, -0.049811064709355674, -0.01569171095066156, 0.06276590107943668, -0.009184881391142838, -0.007268780570709267, -0.09450174066667219, -0.025143348324700353, -0.042230923164204286, -0.016515696892151835, -0.015850603197588888, 0.05350865310658429, -0.031087419103379945, 0.0437809176692704, -0.019460755545880854, -0.05145064037099714, -0.011437023384907371, -0.002343987118617256, 0.04808796885102621, 0.11708342819403432, -0.009734138779699369, -0.03422212717240595, -0.0332518346775233, -0.013160119536403477, 0.012580959760115504, -0.05726918843007787, -0.04410146813379752, -0.05177395950874055, 0.07421470618828022, -0.055030139156319, -0.04225864901605413, -0.08053649738501292, 0.04085537140226361, -0.12529625598093114, 0.004607821622029508, 0.0315928912038653, 0.06308262674828714, -0.06042409306394469, 0.0030972877846955254, -0.02433125531278108, -0.03305758174783676, -0.10300218544874666, 0.03891617729990766, -0.008358543040819014, -0.005779195298231811, 0.009631816145483744, -0.005556276680992576, -0.0063305286160954665, 0.006134540343442083, 0.027923849826754422, -0.010704328703479668, -0.04592450747873536, -0.07872258260618371, 0.003295360693250322, -0.01321875115362576, 0.002007415129547222, 0.02592677024293445, 0.00411142880742519, -0.005792421306815922], [-0.06674190960654665, 0.05260070386554285, -0.036204847622701763, -0.024601249110711928, -0.027140744367728575, 0.4326919898030778, -0.0016647153338687497, -0.028092531704584072, 0.0025260151000620315, -0.12101386258642435, 0.10277727776250827, 0.02473563374627489, -0.07449795940129761, 0.0076484567531833175, -0.012666029975176489, -0.003622656361730566, 0.005872448724340711, 0.007505567050871554, 0.014332273745574334, 0.002689768270670721, 0.019852385946535454, -0.01057761743438471, 0.004982687857678533, 0.007441398179723413, 0.010055994066811355, -0.008095381840729178, 0.006940650064073708, -0.012891536068493858, -0.007962171361159993, 0.007760897740571294, -0.029885114827521198, 0.03330804324207803, -0.02346214311083406, -0.015300514888525622, 0.007921778544522263, 0.004184405899196873, 0.015730819376404893, -0.010105737039368559, 0.014424270630957524, -0.05738486108260018, 0.025125683088274113, 0.0021440006536189303, -0.0036374245907680658, 0.006853114601099397, -0.029781934619904173, -0.0324845111503924, 0.030039866549520563, -0.017123406452941116, -0.03314081219154762, 0.04901354579837518, 0.014642306969882918, 0.035706559418372856, -0.03529682365614023, 0.015718665405748927, -0.03498035444152762, -0.00487821053964, -0.00883122991611006, 0.005507399023777204, -0.02058753105770111, -0.0550504704224134, -0.015000796535277515, 0.009830325629887665, -0.04936633184006579, 0.0299516766983187, 0.021730625998346784, -0.008111026114345526, 0.01795959043831954, -0.08009444022261003, -0.0034448833057054034, 0.005688975134746639, -0.027962675949528455, 0.006971925262012357, 0.007301625905710501, -0.024950141487194814, -0.06985378603398719, -0.012971167211640178, 0.06411447070120059, -0.03370410279076399, -0.015457823755170545, 0.0242459539842997, 0.028796620065679703, 0.023922986424188015, -0.02931308817808636, 0.013913282350231086, 0.015514019748203677, 0.016069531032213084, -0.010568089551745626, 0.009730620687888774, 0.022848306301808556, 0.033504208976926825, -0.05950031137113669, 0.07198701156408163, -0.048854677801911564, -0.019438078375724564, 0.004776112978975284, 0.007144882135110499, -0.06696925289801528, -0.002170344412068776, -0.015455764892006379, 0.019146127148755295, 0.013643527096252875, -0.006412570325251078, -0.03199439099312201, 0.011660694937026761, 0.020214421313855643, 0.04594199784616727, -0.018391007277483364, 0.06451479128748303, 0.0055709622033867255, -0.010416410120225495, -0.013856340077720315, 0.025877004151174943, 0.06478303661040591, 0.0008588677337240459, -0.09311657268446012, 0.025151955664892072, -0.02944095027182513, 0.03371131649120918, -0.015514139716994464, 0.015166812780058958, 0.0007371869593099659, 0.0033627567765088183], [-0.04297257478006499, 0.030957557599139283, 0.009202143136565233, -0.08015503896847616, 0.14727389474485564, -0.0016647153338687497, 0.9841574206466563, 0.003587092980127212, 0.011254926887167341, -0.07964722242361069, 0.013069608107575459, -0.013150149275015462, 0.10478981792674963, 0.017323485400143016, 0.041369141343083, 0.00248742050172659, -0.011157346874961971, 0.021959458248100562, 0.0013130450246537709, 0.00539107963492704, -0.017287683238012008, -0.00013683808246296532, 0.0009348542204480995, 0.02453363824241492, 0.023156070637498576, 0.008817936281440331, 0.0036067164203925505, 0.03237630272067271, 0.0019378116334672233, 0.011197169284695644, 0.0025446486337112628, 0.042881112407628, 0.054107868145133665, 0.035057789995332135, 0.019968048691947887, -0.04679449664489011, 0.03784676046538339, -0.06880101577418295, -0.01424098277892557, 0.10205793472202355, -0.002394289076009087, 0.00800094884243934, -0.0019793973602034998, -0.011354727008921043, -0.028993638888999713, 0.013832490553498398, -0.014039498917729841, -0.004649049308184141, 0.012633748288550533, -0.04623106281302578, 0.05235447018411037, -0.03616365438103864, -0.02476430063509163, -0.029085842093944596, 0.025038395719960437, 0.015668292429095298, 0.004894845504126042, -0.018983276386965394, -0.03304040486427884, 0.022959620385114975, -0.024576689296789536, 0.053930330521055427, 0.014630637840563489, -0.05417062745703891, -0.022553175248495816, 0.035028558244631795, -0.004979171422831459, -0.13781238770308418, -0.009583438246749317, 0.0208695496916779, 0.020565141408317222, -0.01996532244221362, 0.014165169832646941, 0.010238500184675741, 0.06662560030653958, -0.06870537206206448, 0.09654017420569046, -0.03243539674962608, -0.06984579650297745, 0.07132197523589326, -0.012637213970011295, -0.07850087630441832, 0.04839928610618043, 0.0028697259854218913, 0.02706839870723255, -0.01341942484944463, -0.01592713335752882, -0.10308679392782848, -0.02480959456703414, -0.025663996121334232, 0.00372107162982548, 0.014694998089989563, -0.01201401354114923, 0.009258724679599076, -0.020491512597887236, 0.026008646337021418, -0.005868843017164263, -0.0005261248147343538, -0.028407115418288977, 0.05186203154069291, -0.007345222817166783, -0.012970780477858388, -0.01231628784516738, -0.0034569310294814562, 0.012936205189070737, -0.043418974726608606, 0.018399975395423433, -0.023395060595041935, 0.002458967832590362, 0.07545434862702688, -0.03033613452066101, 0.036977818027824017, 0.0721296814907461, -0.048763540830606876, 0.014820687894930478, -0.07366307705900443, 0.018859116305209464, 0.011288802581028372, -0.022408927089095396, 0.05041190381261713, -2.010940480774448e-05, -0.0028431662085603936], [-0.008243184196019954, -0.03419444097908697, 0.023476163678359342, -0.013132979080037613, -0.04114144261303043, -0.028092531704584072, 0.003587092980127212, 1.0127408854699815, 0.018584241788165784, -0.06246293216230902, 0.011168201648052406, -0.005736058908001796, -0.09723339352838706, -0.022991559596416484, 0.008084891573946588, 0.011132990771673335, 0.003890541757249205, -0.0023667456811396377, 0.003994058018521386, 0.0022810983410428065, -0.010411602793698578, 0.014373668218175355, -0.014424470403402556, -0.003870716218481104, 0.0032804092848074938, -0.007449653965209326, 0.016310354574262532, -0.007425585945113368, 0.008808921070965068, -0.016990766898891205, 0.07890231039442262, -0.01206412747001556, -0.01401434456139932, 0.031304857222370475, -0.10117334797650998, 0.0645593499770873, -0.005786665683791777, 0.003688987722210149, -0.04322909450917356, -0.09657464505276245, 0.0017726381244399154, 0.00268545914430104, 0.03145670240733374, 0.022534162247717506, 0.005656216254225178, 0.007309980922172961, -0.06758570278175827, 0.08678512103951602, -0.008102010833464332, -0.028569804157599216, -0.03558746686232009, -0.1611371503281869, -0.08240634600370159, -0.037189183229294154, -0.06827096116300937, 0.03523257015473444, 0.04327551689156647, 0.0007233966454836728, 0.012279932894094245, -0.08619816303408682, -0.02430665600521008, 0.02471596823719525, 0.009949600087526494, -0.02216116722398817, 0.0053056749108007515, 0.010866813321223917, 0.03268294913930685, 0.08339492501691179, -0.037630331601120025, -0.03821161257372326, 0.00812069466072997, 0.026274096196466243, 0.0398908976403557, 0.04942891600030975, 0.03866932650770488, 0.03766134983980715, -0.00035919324104996233, -0.08745661397601324, 0.0452888239091143, 0.0049231072202556535, -0.008150256569947625, 0.08151791784786923, 0.0009440909555587237, -0.03275036898370543, 0.0296845201548639, -0.02470208350598964, 0.04538985521449285, 0.02058632762140594, 0.024011130334272626, -0.05888144057479952, 0.014977122126656129, -0.043302285742316184, 0.0050615309425083785, 0.03388500016372511, -0.03487618549219436, -0.008753675711348864, -0.06543564582121274, -0.005913714185022089, -0.05083607559706276, -0.01750753862282116, 0.031836936196277615, 0.01480361060103223, 0.04391280869818825, -0.02208299643276799, -0.02634145683713496, 0.06946448512044692, 0.008577242396774423, 0.02742940627041988, 0.05629390508395302, 0.01192346622798511, 0.04827228005507785, 0.13217957341269224, -0.028943279081567068, -0.029512978588272308, -0.037585694044122965, 0.001260354387284418, 0.0031537694694833457, -0.053062376413502074, 0.018508485784616717, -0.10355204142547847, -0.0035667119619871863, 0.003737364895062824], [-0.02334436423980267, 0.02012901079647831, -0.020897886233678626, -0.008336204844300137, 0.005772623169553556, 0.0025260151000620315, 0.011254926887167341, 0.018584241788165784, 0.06107148593977731, 0.008591155802160274, 0.0013234244898813852, 0.005303810488302488, 0.003816488901007502, -0.0036358242968657743, -0.009544940990860992, -0.00040889928964672105, -0.005531167489931842, 0.00024340232451543648, -0.0003462315789533586, -0.005155303577735867, 0.0023117902732119697, -0.002833294503894073, 0.0007192113062120548, -0.005687471365003192, -0.0038049038772941905, 0.00607119315988042, -0.00035778109733426174, -0.0009576434970511716, 0.0007314867961367894, -0.0007314974003495985, 0.006084503396280099, 0.00034571163247092926, -0.005706704140267904, -0.003077688796848334, 0.0018267493092076785, 0.006102100920725631, -0.02414286732357356, 0.005774372517071984, -0.08308818996619846, 0.008315928162871274, -0.0004403802571389442, -0.0023782165133829944, -0.0053078341243205625, 0.0015842547480299702, 0.016611915902654963, 0.013263719236640615, 0.011444966688676044, 0.004168277302657719, -0.0015488305592700612, -0.00789970514530931, 0.01172648814207615, 0.012028404818795167, 0.0026872064510906936, -0.0850752281780362, 0.003717535583509193, -0.003724208885441682, -0.007626499446761924, -0.009707690043181115, -0.0137254768300537, -0.021449712683822383, -0.018025895023776925, 0.00465908142490062, 0.005495818708490318, -0.0057345115955149475, -0.023197023233581113, 0.013375892146020042, -0.011156706408665147, 0.007259340025053661, -0.08609500175184455, -0.0029050955741888166, 0.015575612856209915, 0.005959188292910051, -0.005090484344452316, -0.0028435496875941985, -0.010596958023432539, -0.00036599257337233425, 0.0005470738212298202, -0.006278075618346905, -0.010152000378096078, -0.0027619100331756127, 0.00011754133794687355, 0.01371192561904714, -0.015523795530456031, -0.09332798084617536, 0.0037885105422148365, 0.00013404946316797174, -0.0010488271182705858, 0.005839602278941266, -0.010415993160807553, 0.004846239668850132, -0.010100051681468306, 0.0043231074999856975, 0.0033324041536851655, 0.00047185154167593817, -0.0030883478834783304, 0.017016086867230565, 0.0065514454864586255, 0.003251991336065908, -0.08765031433047504, 0.0239773068560765, 0.007259607156425467, 0.00800252689799755, -0.017409908651685062, -0.00019248787136185444, -0.0014991741160854206, 0.007733935106567184, -0.02339675854175525, 0.011836541218851087, -0.002883562098808985, -0.0036831417627619907, 0.0022070129602558826, -0.009433580799561369, 0.0008508013201138605, -0.08610053734003882, -0.008142421972038825, 0.0033897329281938047, 0.004177203071593053, -0.013660562427978262, -0.001300607985094527, 0.015214045096701528, -0.002356254143773124, 0.00043426582677710016], [-0.08863336443130963, 0.029700560438213265, -0.12039172311089874, 0.0019842762000609766, 0.029707773910099936, -0.12101386258642435, -0.07964722242361069, -0.06246293216230902, 0.008591155802160274, 0.546952967372396, -0.05382061269939861, -0.0033864506888241124, 0.03313361931077217, 0.027265292109067422, 0.011326342356739736, 0.0010504189879450225, 0.0003405855280087266, -0.012781013385651087, 0.00736375743423381, 0.009066311965898943, -0.00725716832513197, 0.012540390501620802, -0.0009049985596818081, -0.010325789495716692, 0.006776931975682049, 0.01133833819314503, -0.012716477162441557, -0.007935315221173623, 0.01148822361228438, 0.02036678207871035, -0.008241195279554138, 0.04280573357953156, -0.034236884573420646, -0.03278829198492284, 0.0452917352219586, -0.09446090655254737, -0.007274426459762926, 0.04256679836308703, -0.01064308080290322, -0.12724852267816714, 0.03550286738115054, 0.03695175191014482, 0.012101593236463365, -0.03801609296000981, 0.06520270229735865, 0.03883353280675717, 0.025601374702206844, -0.03148053305997042, 0.0044086619068936265, -0.06591902844793832, -0.02822728970007811, -0.045022080823026646, -0.03506620852150455, -0.005582154900584021, -0.059873523907503653, 0.04173561379385432, 0.03893067775775869, -0.022012447194409843, 0.015407794500919727, 0.02520851713187394, 0.06071233642334248, -0.009562633561280393, -0.06512831065425335, 0.028296888935722925, -0.03783796600619366, -0.029227285174522864, -0.05924696864996737, 0.005994587629231324, 0.006987808455863786, -0.029855644121412898, 0.004162515651640986, 0.042285270702063185, 0.010820562739792927, -0.0570399090409682, -0.035859096286968886, 0.04748464228869838, 0.02811448799066938, -0.027231076231484873, 0.03551478287797256, -0.0816006968751912, -0.04767724485263159, -0.06916924955741391, -0.060357290170305, -0.01598444950868736, -0.0726259708244149, -0.0018232344465991836, 0.02242199115375062, 0.07098571601342923, -0.053072845927407304, 0.02555341116247807, 0.04337684985807578, -0.005807575828844706, -0.002489818078296891, 0.0022726853406493655, -0.04557972265618121, 0.021957261976235605, 0.012941396302982869, -0.0007515859565925335, 0.03318297307955808, -0.046531432682281826, 0.011610357163150873, 0.053086818812864325, -0.0019373282107329757, -0.06428545286433457, -0.012807316568326517, 0.036002541242843154, 0.03071852544692989, -0.032628118730238326, 0.014218526767020892, -0.007646355773690422, -0.0834521787776556, -0.057204982458843305, -0.032707931720994114, 0.014469360561623311, -0.07641702702807752, -0.0113142949767482, 0.038267627582034655, -0.04688147233406066, -0.03200684023920708, 0.017610315572057843, -0.004937034953570014, 0.008388903911918849], [-0.06795616565793208, 0.04873632383763641, 0.017493868334833858, -0.04553675111904714, 0.03206715561006513, 0.10277727776250827, 0.013069608107575459, 0.011168201648052406, 0.0013234244898813852, -0.05382061269939861, 0.11711717708450754, 0.012048955526821371, -0.034245413338519395, -0.0018920976585151596, -0.01162946082176473, 0.0021119310542049483, 0.003569081856463558, -0.0006304300941053336, 0.0015278458576441225, 0.0008488603434625744, 0.0024640118218178663, -0.006867776235636021, -0.0077049247940437545, 0.0004189752324859307, -0.0028752245493100822, -0.011109915794570735, -0.00029772374498300276, -0.0018610270408927231, -0.003602366981795116, 0.0014097520867858819, 0.0012924245391959016, 0.010758016501215358, -0.009682222863603646, -0.012791907887106662, 0.002806363644472288, 0.023541921154906567, -0.011574666714222156, -0.009568189249093412, 0.0016409881265556873, -0.0032743569933725374, -0.0948778091462352, -2.8293240570187823e-05, -0.015286957676410065, -0.006699080838194644, -0.027478416227805728, -0.03474315608835249, 0.03480761562884734, -0.013102016010897192, -0.023299382027401505, 0.025648303501011913, 0.025149161079736415, -0.011077640757522692, -0.02252654407952072, 0.008707816301236277, -0.003462348750036185, -0.0894868938608191, 0.007798039906339162, 0.0136395939463528, 0.005086393900234344, -0.020938185313768776, -0.009566200821113225, 0.022225648379266345, -0.0011701449814892652, -0.011564841509847568, 0.00932196654124306, 0.008461377765299477, 0.0012296742987984895, -0.039027606235181485, -0.00022940996256254334, 0.00026146584468488313, -0.11082018060239768, -0.005395860259064589, -0.008849338108437068, 0.00545878340801811, 0.005777099272862465, -0.025983821394286958, 0.024221881293782197, 0.0011552334017894902, -0.022719871516048748, -0.003373498139397908, 0.039410115640177976, -0.0035563279782224117, -0.02106978881834616, 0.0038085189711224636, -0.012586104856280495, -0.08063770793915896, 0.00398906742252259, -0.013953281085821018, 0.007369791236033917, -0.005359572435162673, -0.019886821076354512, 0.038268170673871345, -0.030823104053465018, -0.005393506179127661, 0.011673303555406593, 0.035016228218057215, -0.014035704677436095, -0.015516177422024467, -0.0043304054412097595, 0.02400885080533812, -0.0826990008151025, 0.008143435893360359, -0.02558336959798376, -0.0045792176102842615, -0.019145327472215735, 0.012245324335417605, 0.003977292321422099, 0.018280900879890073, -0.004322613909480036, -0.007084865795192926, 0.002631068106015205, 0.015340066204507119, 0.037077622270209706, 0.0009619781145671366, -0.013892699063929807, -0.08356770376996986, -0.001009655804115279, 0.018289790542858567, -0.0011656337341353464, 0.03236606644907001, -0.0009546174274238726, 0.0012292112829566197], [-0.05293527460341134, -0.01342172238326341, -0.03144500420217648, 0.0181496532688224, -0.017206962804023174, 0.02473563374627489, -0.013150149275015462, -0.005736058908001796, 0.005303810488302488, -0.0033864506888241124, 0.012048955526821371, 0.15117628487663973, 0.017262011696760626, -0.045623427327702255, -0.07311286363060139, 0.004528845494346959, 0.00252854062685387, 0.0030995573337570066, -0.006021327834950713, -0.005188487096015929, 0.005264985106001379, 0.002918537693420171, -0.003375162510419021, -0.00515409651508442, -0.0019446567219493312, -0.0005891673895562756, 0.010196129302801242, 0.011853585387103698, -0.0008408214536070858, 0.004236796497210104, 0.004114961660467912, 0.002864018417563048, -0.02197526471169493, -0.01194775222890437, 0.00872508716813041, 0.02241394894534774, 0.004397107787312218, -0.037358086839085, -0.0008901791739906429, -0.00916600101149437, 0.01848291330633738, -0.1150279676013391, 0.007007918129804183, 0.0019876431790803993, 0.00599694637871393, 0.014402498378964844, 0.0002901656827096788, -0.0067318795650594, -0.009577986147279713, -0.019598507272528036, 0.017658769363225732, 0.03609555368337056, -0.029144199660952247, 0.0018978445702197459, -0.0036129971898945577, -0.0011784437117106296, -0.11230234565765095, 0.01605951997327347, 0.01336150590813071, -0.03202040077053214, -0.009641319359542204, 0.01721303029318115, -0.01595757648911115, 0.020237072294762282, 0.014902105697823763, -0.010931308619685522, 0.020798269336431946, 0.016116716694823816, 0.007215192976245601, 0.01604108405278191, -0.020361522777337864, -0.0891754795190922, 0.0022179503416775784, 0.011292294340317683, -0.0207624871020195, -0.0008537038515858148, -0.0007099959553858953, -0.0031761452890451784, 0.008171344156671829, -0.041468533334136054, 0.00039472588812579455, 0.0043438087784958435, -0.006952381303976797, -0.0178917300702322, -0.014738345540491768, 0.01559019318808151, -0.10021594784347138, 0.003059455903382606, 0.022899458177821873, 0.02556447872579123, 0.0006965086247241799, -0.013096785700663032, 0.005345162493694899, 0.01995449777589149, 0.03307944371964884, 0.009805157986376411, 0.024429871459011633, 0.017389650175082327, -0.014523930015453823, -0.03645168403595031, 0.010940228996108645, -0.11177435919989313, 0.007449888821589636, -0.021461371002409232, -0.03756892560176361, -0.011325122615114301, 0.018128870695415123, 0.001665012251022233, -0.029046268023087095, 0.023180809322539676, 0.011029705490400298, 0.027111918473708772, -0.016422946434698528, -0.0065460637731774365, 0.023676325368302494, 0.02382194239525741, -0.1300311039048943, -0.02605239400657582, -0.009116180899915161, 0.025736014970262573, -0.007064599692456777, 0.005607058789054506], [-0.006421907998243953, 0.04558069670848719, -0.08032827987738217, 0.027899086375245623, -0.04436453795438986, -0.07449795940129761, 0.10478981792674963, -0.09723339352838706, 0.003816488901007502, 0.03313361931077217, -0.034245413338519395, 0.017262011696760626, 0.7748380336649, 0.005761613854277976, 0.12634911076606326, 0.008525882878902113, -0.014738611412458096, -0.0033570885134680912, 0.014408636137868651, -0.02357452662031396, 0.02153186868831201, -0.005761562437030086, -0.00029451286559114133, 0.0019577476450561167, 0.022632873090067184, 0.015187840354921373, 0.0017144730061475144, 0.020011114022655558, -0.014869717842685502, -0.007366298515529701, -0.09318969024215139, 0.014923231922373126, 0.02362552310077289, -0.02992523324161382, 0.017517116922342216, -0.014076466742920237, 0.0111210590456966, 0.030778654276696515, 0.019199864703462497, 0.02673930164075637, 0.060239880119556194, 0.01738151987860334, -0.09731063244656199, 0.04349618024676262, -0.02472803387901094, 0.06247319992490205, -0.06108497067010479, -0.018740256662234122, 0.0628443677796796, 0.0659708550061237, -0.03349008149246358, 0.028895426950249502, 0.021908608606467206, -0.017415110517653487, 0.008852486622078397, -0.00496720962910487, 0.012436480606172168, -0.08082299361595778, -0.009526088772062059, 0.027988051059832257, -0.06608473813222802, 0.02813190680496178, -0.04171061127844363, -0.016322566302453868, 0.00183250219908994, -0.0138679884551084, -0.02358765399320355, 0.011044181925143866, 0.013912772325098308, 0.006950751776972558, -0.01791827147157643, 0.008658581675802333, -0.018763720132918035, 0.026820614135297544, 0.008937499790195615, -0.017687103206281283, 0.0008418172996847945, 0.004077105387996273, -0.005299046497081913, 0.020363927836786092, -0.06111985590593337, -0.04671317007357431, -0.04021779036406454, 0.010953477343273505, -0.062105684915131035, -0.01713278032330956, 0.008484614822596579, 0.004672627349682873, 0.015613653250594314, 0.012535809870454053, -0.0025187502460958886, 0.014703899484757983, 0.04308423057161171, 0.020024912059184892, -0.01179171085794701, -0.02771514988948978, 0.04299342500212535, -0.009886599365606652, 0.016717540708637013, 0.035303903378475755, 0.009434939850965279, -0.01170258254219517, 0.026555218754363626, 0.009608549410826695, -0.008687149932676563, -0.04466621511077322, 0.029688650496855006, -0.012181903085333895, -0.08817256018750763, -0.027462667403471402, 0.03356410233899361, 0.025993466511770418, -0.07623324427940441, 0.02895673919305765, -0.007027971569618409, 0.05378085558397129, -0.0169350906279309, -0.10139466766937226, 0.032492546166420735, 0.017188121132070903, -0.0007658670265209748, 0.0017151793959939907], [0.012665472391882579, 0.029324377659371344, 0.015239982659767547, -0.049803734371716236, 0.027365864610082273, 0.0076484567531833175, 0.017323485400143016, -0.022991559596416484, -0.0036358242968657743, 0.027265292109067422, -0.0018920976585151596, -0.045623427327702255, 0.005761613854277976, 0.09032600388838302, 0.11989680511683239, 0.00048115802058054804, 0.0021339192842349725, -0.0008426357319100506, 0.00048776432849902465, 0.002420770319741904, 0.001792933582417994, -0.006536752525681725, 0.0022515030671216322, 0.0046391610584293535, 0.001403337154536769, -0.002299551663043399, 0.0015742143038605667, -0.0029538208195948215, 0.005213357725330528, 0.001550160249403435, -0.0069834180461475015, 0.011173253450147804, 0.004610013720034198, -0.0120225456077778, 0.015255738012406617, -0.015066263129737474, -0.002282042637865339, 0.0034877020873601786, 0.003996359151291298, 0.0012251397516420948, -0.00708766884968466, -0.010503801953856362, 0.005187824813394463, -0.02589430674295188, 0.006058350849109059, -0.00986428045376059, 0.012834653510009841, 0.008180557266770031, 0.007308375584707897, 0.02046736968086031, 0.003339376377806382, -0.01404389324667765, 0.008656164035075055, 0.0019874794787428005, 0.0057006587848551235, 8.865098644964195e-06, 0.0013883686364006091, -0.0354060985097427, -0.032501022131282996, 0.009496358597003228, 0.019069903783254644, -0.0003009297573367863, 0.007440205089803099, -0.02344563587949132, 0.005135420301030711, -0.005490516450812682, -0.01583342644208403, -0.009941374566057018, 0.004443845248239474, 0.016407334516883386, -0.0016410417319444772, -0.030532675133887237, -0.016596701473654232, -0.03796751973809792, 0.032508117681206566, 0.0005930711675432487, 0.0011055913141763739, 0.012292113624385462, -0.02686167341712746, 0.017779080317810777, 0.016981870033931645, -0.0015749090732046047, 0.009722484097568004, 0.023261957610500955, -0.0035032312658894327, -0.0021533804568425585, -0.01433398031003039, -0.005033788718904018, -0.05751558729512822, -0.010162164493389468, -0.002476423468563142, 0.023060695166303335, -0.0013901606934539003, -0.02382813036742559, -0.017393395837502268, 0.005982737388370123, -0.0054128728253209505, 0.0065102661351021255, 0.002971316286085114, 0.020913835461679305, -0.010126837017691076, -0.032521857543359775, 0.001903233346029405, -0.055229902919426914, -0.002506006879224862, -0.00026586710399245596, -0.001834319419180594, -0.00437948105724664, 0.01511448452046602, -0.005201474940434944, -0.0029987068816320303, -0.040397773334662636, 0.0016725655477404335, 0.013067185927869882, -0.02440509727872778, -0.016253145980953655, -0.003063750987640444, 0.0009044703779948835, -0.01308828963655754, -0.024617770007692837, 0.004166500621926236, -0.001962714863951326], [0.03291417390370677, 0.033657385610424556, 0.026545991157965274, -0.08009589164324646, 0.03540892489796114, -0.012666029975176489, 0.041369141343083, 0.008084891573946588, -0.009544940990860992, 0.011326342356739736, -0.01162946082176473, -0.07311286363060139, 0.12634911076606326, 0.11989680511683239, 0.22431108007055203, 0.005940120037118581, 1.4742729422293642e-05, -0.00040143186407471927, 0.003630905513964742, -0.0033264166156633836, 0.006516176798165252, -0.01569661216754123, 0.0038332728945465124, 0.009694521659337284, 0.00950479058531861, -0.0011608390978264588, 0.0006882478799234307, -0.0047349190260863, 0.00291421156671695, -0.00520331411840452, -0.012131133329704552, 0.012581089783133818, 0.014999195626683488, -0.012212817145910037, 0.0061102278686468005, -0.017054522846538557, 0.008113331219969086, 0.006709349222708719, 0.010687541001521087, 0.014077694363505807, -0.0006631157654967589, -0.020851135065769872, 0.0026776221922146693, 0.04093704185466534, -0.04218945459922933, 0.003585054693681635, -0.025373958773201255, 0.020571281875536487, 0.02495437383787803, 0.04226661431179484, -0.0007774821044278084, -0.02507435071513364, 0.032051070873765755, 0.00266077897880027, -0.00415014881433572, 0.006103538787948617, -0.0025360781849184974, -0.03958524883409082, 0.01604939440297313, -0.006133342870201972, 0.023686800054202886, 0.006112914572185992, 0.015242633506113948, -0.037391684406963575, 0.01025844912270437, -0.004597067461826513, -0.021646564580243444, -0.00253358176448955, 0.006983666456169818, 0.01739927805432175, 0.004905939916479024, -0.05198791786159129, 0.001602982055092823, 0.014706715521698199, 0.021967062975284227, 0.003675590028451287, -0.004946554200251452, 0.019764529184781242, -0.0424494161617408, 0.034382330556803356, 0.012915978557022307, 0.010524957272185134, 0.012235055891630106, 0.03253931171390569, -0.012089973355002687, -0.0025226842287514183, -0.03292844946085175, -0.007405322025122806, -0.0