{"inv_metric": [[0.41985838900380174, -0.2435776451281402, 0.06635065952717806, 0.21277273955834877, 0.014344939938694226, 0.0065344748673700475, 0.06805823877498941, -0.017880922788772347, -0.031120401196976077, -0.042318440979834906, -0.060476224426957194, -0.04358964111211492, -0.031422015487583256, 0.007489979636409108, 0.020321067878879696, 0.005759357691943221, -0.0092330647566093, -0.011836907091403991, -0.0006832496264010344, 0.005508090378594281, 0.011797168689286533, 0.001088807458576176, 0.004072384986730301, 0.0031829183809679354, -0.006715667794137415, -0.000331370186849605, 0.002238809666578671, -0.0027031156330355496, 0.006178520599503132, -0.005710979172276573, -0.09587964604448702, -0.056301686789375416, 0.04802963005871454, 0.02275217529108836, -0.061538646475380036, 0.016395114945266298, 0.02152156269825797, 0.03954947126782132, 0.0241071238754196, -0.02057626429463459, 0.03873624583448923, 0.014704046555488157, 0.013555916735559085, -0.0002989906836961197, -0.01598746027329462, -0.057338113068764206, -0.03897839540919412, 0.05098152159354516, 0.02200527327732042, 0.038758990191814176, -0.0013244949608242037, 0.03790919370680817, -0.010458871506473849, 0.02247834991206789, -0.0008146936719534791, 0.013629058618163256, -0.0044845626165394975, -0.051901261753984664, -0.0015935345924175284, 0.013409723290491409, -0.072863847242777, -0.0628115477397587, 0.008167218415958393, 0.01196227557762663, 0.047638766034892324, -0.010253930980584443, 0.03415566872574992, -0.04678687525441969, 0.017596425170310456, -0.023175589587251185, 0.013537647942071072, -0.006259358678755268, -0.0025644930855668268, -0.004275609713222485, -0.0016078029764056863, -0.05653591141698443, -0.029152408994516862, 0.025286565626607402, 0.031864032391538025, -0.04143796600347444, -0.003567552910425301, -0.032160334779694655, -0.034057816401946245, 0.023970373816886197, 0.00042951454623301084, -0.008314924754964863, -0.014156198150781181, 0.025794282685202372, -0.018789478665193128, -0.05987947289579826, -0.10303097986568567, -0.027229874347163726, 0.05769208862705899, 0.016214102388165876, -0.026256359887209733, 0.008967569275032382, 0.017144366718668716, -0.03741844615111235, 0.0016158648738508082, -0.007134522065617296, -0.007311529857276216, -0.025994827801585015, 0.00231175267779999, 0.031082836555188637, -0.0034268220035567937, -0.0610658179575062, -0.03182625725858434, 0.025808911695346014, 0.02410018062205356, 0.030492670721713865, -0.044805233327648755, 0.03936569880659959, -0.03331791997219193, 0.0045566768841915255, -0.02799494086455289, 0.021855739255055517, -0.01667736667748132, -0.0022394995888726753, 0.02189594368841714, 0.03812314536455985, 0.004250635016757777, 0.0007613058437861833], [-0.2435776451281402, 0.5756542938822405, -0.08070270244830155, -0.20204104790232355, -0.06183386368993793, 0.010947880876690253, 0.025311442006446448, -0.0286622540236221, 0.024805889527515956, 0.07791936893711496, 0.05077789252242493, -0.008195925714358709, 0.05850001436480758, 0.034755392223255785, 0.05110213159203613, 0.005385907800352647, -0.005940824394033987, -0.0008620229177782326, -0.01162043663277106, -0.0163426707898527, -0.03324542398624481, -0.002964755287057078, -0.006529155829761883, -0.011695397048855397, 0.005270044969076259, -0.0031737796202183847, -0.003239054393923345, 0.005002182621625487, 0.00021235762732572973, 0.0008202397406866565, -0.032064470894969735, -0.030272677901507925, -0.019159925545769826, 0.0586719666508429, -0.03978540753177476, -0.00504775984116133, -0.00933384263191481, 0.05119890311059467, -0.002881749562189639, 0.0029370255062503453, -0.03461685671097745, 0.01536897070693448, 0.02739399466499364, -0.0036260694356155753, -0.05153400495397389, -0.053460038846972945, 0.009461051726817497, -0.028368017794069684, 0.05975451878961066, -0.014797030985993097, 0.014782122390597686, -0.01284032039794279, 0.07905425153647977, -0.0259719380185728, 0.031430365368803094, -0.0217574497170988, 0.018696051476915602, 0.026381169317289815, -0.0009386605886842124, -0.004514105722518865, -0.03697602754776787, 0.013832334468421055, -0.010092021526586455, 0.015484334736328256, -0.038449261790219624, 0.06176648975933054, 0.012721964693493243, -0.023549036881243157, -0.015044630853347245, 0.04333228650556307, -0.01025249134552271, -0.01632130968919088, 0.018665110004364622, 0.01227836582837413, -0.007564123186023115, -0.06393955616102233, -0.020790231021782526, 0.02923262684372786, 0.030214658112028694, 0.07161756774785986, -0.022374503742285987, -0.009693912976676305, 0.015062419807012738, -0.016727747382485888, 0.002123096754290872, -0.03083533059769739, 0.016379155693646532, -0.037704916471281436, 0.05733428499254564, 0.05020413815682501, -0.05128967653560191, -0.009372377816738907, -0.0006338240192108941, -0.017040496885128743, 0.06838104711775357, 0.05199376734475926, -0.001026984773653396, 0.03615343169705479, 0.0022899909618858583, -0.08665157695935585, 0.004536110121011784, 0.013290830730517693, 0.004601348243012226, 0.009156512423108545, 0.0371254978924293, -0.039638106512880626, 0.013264933063011148, -0.0356665504899558, 0.04262615692161371, -0.05462074745256618, 0.04578195034071379, -0.03454087982573263, 0.0687004085669463, 0.02236571268645224, 0.02448792463312838, 0.01133878545620059, 0.009017257775849209, 0.015988007770314585, -0.006889667124937016, -0.04026907209400869, 0.007477242303606733, 0.000912893756051475], [0.06635065952717806, -0.08070270244830155, 0.30737786133841305, -0.01958783553647046, -0.007098647274988321, -0.05236738136876618, 0.03834239181564495, -0.020402903278872685, -0.019428585101663298, -0.07488520833943539, -0.007459222757654879, -0.040877282232711774, -0.072362978121239, 0.0236322033491932, 0.028484906372577005, 0.0033396818911565086, -0.004960440965820564, 0.0017986161148012434, 0.005993561093867103, 0.010278183608793562, 0.006954536352496941, 0.0013088065854501394, 0.003687762289097047, 0.002015436699841912, 0.0024639163051231143, -0.0032664589364164794, 0.009481001509898355, 0.003569506999802665, -0.0004752339809522107, -0.007385475551344523, 0.0012553173860698668, 0.027526282795411302, -0.07358097193562704, 0.009063637429864796, 0.01841046074605195, -0.007774276218214066, 0.011606113167342154, 0.02036613497254469, 0.008994744023131555, -0.04170925767945067, 0.007835749249836394, -0.003654436666752216, 0.0072753234638092594, 0.004154245306754654, 0.02994670272355136, 0.05062799851316039, -0.020270047569520503, -0.042209008742878196, 0.054383409772332504, -0.0024732909659237585, 0.008164342164842726, 0.04152039748786375, -0.013616052378574365, 0.010232387754435676, -0.03782900310630879, 0.0415923879189017, 0.0005882214638771752, -0.09381490501895084, 0.013112773079143807, 0.03197007968742173, 0.015767029498511196, 0.028966138571537275, -0.03226332475775118, 0.03396426583472626, 0.033413603226274846, -0.012129294934426356, -0.030929375488034754, -0.03423362864803982, 0.015067161937262433, -0.02799077779483745, 0.04810484441354483, -0.004329055504424007, -0.02804674536725881, 0.04221424868317783, 0.08068030533283038, 0.0006495102909256923, 0.04123816528671721, -0.0865616800773689, 0.021953129462450493, -0.02824193141927023, -0.02369880515377109, 0.056228425010094486, -0.02354303283222628, 0.03370453380321146, -0.04346489446718905, 0.021004704370923992, 0.015293376250902192, -0.0008485267822095795, -0.005391292565452057, -0.015352536315608928, 0.03961560129869138, 0.06600884850457325, -0.1025400559398704, 0.05330578881511575, -0.0327110730848199, 0.007434218633940393, 0.03619389397541635, 0.029378713773206788, 0.006753709656598245, 0.007126840262950456, 0.05115455519290604, -0.018314489753321717, -0.010722815476449437, 0.0061334638651641534, -0.0005218470676399503, 0.021823892888386487, 0.008819197759425777, -0.0678178796621308, 0.050004152582953376, 0.03508784848225059, -0.012006209280492954, 0.015413146680457769, 0.0008671533637349716, 0.008467701522736286, -0.028370527483138692, 0.031004497580731295, 0.009143153487368797, -0.021428600557697675, 0.04436197483775477, 0.04324798232016741, 0.0015723623476828605, -0.0032782104041768796], [0.21277273955834877, -0.20204104790232355, -0.01958783553647046, 0.41780444878896916, -0.0003805574820066575, 0.04229301488519103, 0.02987003398273486, -0.013631827641269885, -0.007701192319085103, -0.014059817208313853, -0.02752729209221153, 0.047643918469704546, 0.04451623331291979, -0.08352236737944507, -0.12130540267622279, 0.008481277578092151, 0.0032626604061396793, -0.009083205333661965, -0.004545858899468963, 0.006326517707221885, 0.0038060907111203968, 0.003103249069030303, 0.005437409607943292, -0.0018998112441046277, -0.003349696248556991, -0.0021218609085469145, 0.005515301257719219, -0.0025948764684226087, -0.0029486769930720494, 0.011200197066946893, 0.04317684631905931, 0.005470979093683855, 0.05718875950535316, -0.07366111882000241, -0.011326763744648142, 0.00035980170427481423, 0.03967298291624142, -0.012793871576886664, -0.005141226819864614, -0.014308091580291471, 0.011567801395567253, 0.009433753176370241, -0.015862451783224034, -0.027984550790550827, -0.002101342222903593, 0.04074079964292584, 0.06687165119812774, 0.03899262851357391, -0.07466981309307795, 0.050990602758575164, 0.04592633036664206, 0.006537262620088211, 0.021454046382342346, 0.004433801000044736, 0.01644927682571139, -0.027326622657874087, -0.014244081910555801, 0.017007656461783, 0.008908573149358865, 0.016917328982080582, 0.0220642400655794, -0.0025155324813449136, -0.021800941165850112, -0.05291248397922657, 0.0030558377149781327, 0.019090181414062313, 0.08648123830359539, 0.0018066128641142185, -0.0066414817273739895, 0.034458927288552946, -0.011585937743311295, 0.029843165622753094, 0.018861828014220136, 0.006247679715744696, -0.028509071363250073, 0.044691811627035616, 0.03292736725129796, 0.023507560412254644, -0.039043114005359016, -0.008612538870301022, 0.032022310850487776, 0.006540052201785299, -0.017376376483797088, -0.016298963077014825, 0.026066684957254806, -0.015339288119559175, 0.005088552732505931, 0.014219489074391523, 0.026766171147919866, 0.03509585858971034, 0.002021056817138615, 0.026222565131247256, 0.07239435406138083, -0.043939030498459604, -0.026983799069590156, -0.010113953420287742, -0.003194179895718996, -0.007743629444582128, -0.013297285355957637, -0.020864547310334096, -0.03594947905284404, 0.0019256695073251021, 0.057841319173498454, 0.0041322461864671855, 0.00606248767647568, 0.04393784266127656, 0.006702310904111097, 0.057560565816129686, -0.09899359942752652, 0.03197138875842178, 0.016778384660731997, 0.019791332281751426, -0.032953602849295195, -0.02240937440224448, -0.07769453365944202, -0.008140559782178477, -0.02980312365518363, 0.006822200883891051, -0.01958135069553748, 0.05599454854836239, -0.00273072654536269, 0.004902705481841093], [0.014344939938694226, -0.06183386368993793, -0.007098647274988321, -0.0003805574820066575, 1.010139568463092, -0.08483176747302651, -0.05135979409795976, 0.07091733279773006, 0.00531666854904999, -0.004446116150597548, -0.03436880231371221, 0.03168466524163803, 0.005503075893055874, -0.014489297329321974, -0.014376235903417984, 0.028478173162856522, 0.0018996706494220153, 0.013844198338379498, -0.027313711489109178, 0.0003805906246526897, -0.006778702296471999, 0.007215997683655349, 0.024926407761916996, 0.004583429445591112, 0.00015960174947792058, 0.02701137042204295, 0.0069271991920237435, 0.015809786681834928, -0.006471995296093951, -0.016747570810789272, -0.05338800295111234, -0.013903784027935715, -0.01688132269928245, -0.0027751205982077345, 0.027136545258928765, 0.05915957657597087, 0.06551285309009754, 0.027889577648576035, -0.0060472287670592095, 0.029751821359355963, 0.004017270387597602, 0.013971968825882282, -0.06355863838108357, 0.00040843245927847774, -0.04815579733096679, -0.03336154434973094, -0.05013340729983947, 0.016982734270169407, 0.028701678291639467, 0.018283177234888436, 0.003798674828612956, -0.02016691892688947, -0.06091957050155539, -0.03066990601820904, 0.057674747850381805, -0.0007095072532613042, 0.007712224388995783, 0.009666599633008277, -0.0013393793560453565, -0.04073013599519147, 0.025081674377338523, -0.04010600308716874, -0.027886397297887788, 0.04807962164120646, 0.10227540250582076, 0.048746767272413706, -0.021641514784019742, -0.018936867475894886, -0.021495096496188748, 0.02373398970707669, 0.027393224215130074, -0.003523262644311643, 0.0420615862304879, -0.010320964802007686, 0.005664535922969723, 0.028225275959821983, 0.01851876760511729, 0.0015485535648612134, 0.03609483508782723, -0.08355035414251195, 0.013700853313882223, -0.04260275496436062, 0.025590372582593175, -0.02832999746874773, 0.09436536447341543, -0.024609390903796987, -0.011165537423835963, 0.016397838793323266, -0.012739446028327706, -0.02077106997783512, -0.020817274049787893, 0.02108678624566798, -0.02461372500051405, 0.025227754934943454, 0.01635937518130728, 0.0002606395153360532, -0.04175732675687151, 0.0270200446794002, -0.029546113049732044, 0.006406124521079611, -0.04670231301413238, -0.0637685270300318, -0.02622227412758215, 0.038385309036351324, 0.0786681811831524, -0.024159610950654126, 0.025064014268451992, 0.031118376298982158, -0.015046643405150623, 0.041118098795700414, 0.02196926943803948, 0.09259264233109497, 0.014949213766931112, -0.023242864226436045, -0.013081528411133362, 0.06473598806284159, -0.020529959413289924, 0.002211756772501902, -0.001610238574549335, 0.004432855550398717, 0.001681736440647816, 0.0036116435541320886], [0.0065344748673700475, 0.010947880876690253, -0.05236738136876618, 0.04229301488519103, -0.08483176747302651, 0.4593898195116935, 0.01772074662077597, -0.02803417269735195, 0.007980569450689697, -0.14245509351226246, 0.08991966607355532, 0.0042734804206417416, -0.03914286686164316, 0.006879964476206335, 0.001256318152007598, 0.0037010359768838326, 0.007436715874725311, 0.0001762286955963412, 0.0032575687701651237, -0.002112026492622633, -0.002585877469859996, 0.009548073850688937, -0.0021129557688519653, 0.007748927204845897, 0.007026144135627237, 0.006714725167637266, 0.005668699462713343, 0.01772202368866617, 0.004951318277419574, 0.01878415352866554, -0.023975240979764435, 0.004161191140381257, 0.02817059287857626, -0.04489820420728307, -0.023885059873234044, -0.02363458574681355, -0.05907643214621383, 0.007899322868462557, -0.010354484917638568, -0.10815415331655776, 0.00713811306092192, 0.0020396295210520013, -0.0356662568071404, 0.013053201138179548, -0.01331214869254323, 0.008259263892025262, 0.012624797669083398, -0.028231328877864705, -0.013817949271780951, -0.00010853624786793793, -0.03652755003096021, 0.03328180966567427, 0.011450984717288505, -0.00728713316162497, 0.00501517812666504, -0.014407732621036418, 0.0032528924910447043, 0.05213953238236304, -0.019474800820038825, -0.07271603380586865, 0.04026321187722506, -0.012910805994770529, -0.013497470628616934, 0.009666478864510632, 0.028478457622173062, -0.021218707173435908, 6.655133650507749e-06, -0.0017795363017705657, 0.008144357406898924, -0.003799907083214566, -0.01655880638586961, 0.011936741935444924, -0.021391900433090673, -0.014406702224199439, -0.06631041402888185, 0.016059430727186057, 0.03320602627847644, 0.01047411712662967, 0.024596897248748684, 0.024687522306891314, -0.004040426537527054, -0.03863749600187178, 0.017627918516130943, -0.01770833096450962, -0.04161536315467644, 0.004876306429220676, 0.016153861449800876, 0.028213004865022116, 0.016977933577373795, 0.019065204764641276, -0.04487386456557946, 0.028567842641215115, -0.012710660456923817, -0.02595495463871598, 0.0010775061855309515, 0.02132264262308921, 0.0469960920157393, 0.027686038092671672, 0.0025491390458238206, -0.004101118827001358, -0.022510178422069576, -0.010845567485228174, 0.009705509837991734, 0.023345436603772085, 0.047245631808009204, -0.012413836654488407, 0.0017446829306887032, -0.004942061542434261, -0.011093599790082273, -0.07408961147646975, 0.03220188487386938, 0.017526788570123807, 0.05321981223545694, -0.001997291442063351, -0.012205373901696487, 0.0041878815305775915, 0.009891663943170393, 0.004118472349806222, 0.012131537150477914, -0.010814701687117309, 0.0062308456755678695, 0.0007101762134376629], [0.06805823877498941, 0.025311442006446448, 0.03834239181564495, 0.02987003398273486, -0.05135979409795976, 0.01772074662077597, 0.9119937935222487, -0.027226310334955307, -0.018022423984485378, 0.035754038794655184, -0.003798659464156965, -0.026073572987934047, -0.02458990011480421, -0.024532217327467066, -0.024523590332020166, -0.001165466332971489, -0.016149945428438683, 0.01122023326916337, -0.002768805921072349, -0.006129369403777105, -6.707698783009429e-05, 0.0027869848735936936, -0.0057502351913365606, 0.0009540364181997501, 0.007470603754807871, 0.006706208054546965, 0.007177821362009465, 0.009245242576154142, -0.0035411064212950757, 0.012899232560639611, 0.01016786050609398, -0.04489477014676304, -0.016697811582489893, 0.04638739288229562, 0.056812662992249144, 0.022079831352205773, -0.09656624592247096, 0.1266083379238422, 0.04859256510104769, -0.05202211582331596, -0.013591323934002834, 0.015454201712893401, -0.05177248008846916, 0.0747824666585697, 0.045369905332741045, -0.006698223622693053, 0.03761191821076526, -0.045016931094537964, 0.0015467990127588547, 0.018775078810162642, 0.044379015134395544, 0.03305580044997508, -0.011567095279804077, 0.039622772149166756, -0.07585075603866387, 0.01736550917652625, -0.000825808666668914, -0.020977196989552818, 0.03810130062978043, 0.05741758422462916, -0.027966409766701245, -0.022090643420477004, -0.04909103670877287, 0.08971941223047183, 0.010795650415350492, 0.020342804486494715, -0.0034897650537821087, -0.04416698976797813, 0.05445099659007637, -0.01226100494318665, -0.03518137868451019, 0.052238214449884, 0.07340413467528338, 0.012559664139804123, -0.05819038463642991, -0.0649628447594936, -0.0029611548561605215, -0.044574551455025015, -0.011220916733524726, -0.04333213307868479, -0.02502311267876945, 0.08941915159855024, -0.04482863311968663, 0.03675574204558825, -0.07431759388441722, -0.003776522930857411, 0.03088953846716017, 0.0042888552913953465, 0.07850160890457472, 0.08526207220353982, -0.027054400874676317, 0.06428419134708015, 0.03205214369298855, 0.02622401534564395, 0.045286893034795606, -0.009586400287276434, -0.02389364491027355, 0.0008064121854339978, 0.0640430834587763, -0.01616872149618749, 0.012395546142458198, 0.02139808237682874, 0.047233365375330454, 0.0550763137907802, 0.012357916251021697, 0.00653772165479654, -0.006929978716886722, 0.02234564175001626, 0.030940479752947725, -0.019204487707234305, -0.006324135889615591, 0.04138940826304174, -0.013846102124301906, 0.05099728631653965, 0.012832550415206992, 0.033560577682582735, 0.012084498652561752, 0.04903127765324607, 0.014222394531522102, 0.0008801431681902099, -0.004029960229040107, -0.006494546915100592], [-0.017880922788772347, -0.0286622540236221, -0.020402903278872685, -0.013631827641269885, 0.07091733279773006, -0.02803417269735195, -0.027226310334955307, 1.031214867106869, -0.009831517213682736, 0.03193505126217597, -0.007852632110785083, 0.01977000306902815, -0.08299248891625646, -0.006251687493111567, 0.007447310331551783, 0.0023459764397025626, 0.019974019554742456, -0.005285276977372657, -0.014824545749866648, -0.006376444484872827, -0.007711866368979655, -0.010069638839525235, 0.007227358730053193, -0.002138094966140798, 0.017761462457135446, -0.0026781413191683807, -0.003395059921738617, 0.00952602732815092, -0.006292395692349257, -0.023230536514715565, 0.06104155683672258, -0.032083614508148894, -0.01348469571255935, 0.060609345556735326, 0.07828603337734029, 0.04072386995943525, 0.07011668604956314, -0.07859857819208707, -0.006402234275616683, -0.11462236619846641, 0.012185137995072695, -0.0056327450010507105, -0.10677115654658247, -0.016013826934389425, 0.05570910120817351, -0.07277562879965217, -0.01823296695453923, 0.01869926480352184, -0.08209785278647445, -0.022901230001849748, -0.0024010037160092255, -0.0063051879201679595, -0.0850979719093083, 0.029882448110158395, -0.07248051841447416, 0.07418993985962265, 0.018888496358348723, 0.0877030491704124, -0.011296632854628704, 0.0007357181240015414, -0.026301637074520257, -0.0017325597432212628, -0.0002318676229098271, 0.019664993145400135, 0.024053472043427428, 0.0319657651192134, 0.042912795522372295, 0.10670692212962078, 0.012853559471671456, -0.01709039882050453, 0.036412439525394455, 0.006959741761264007, -0.008434184616869837, -0.019008479712170602, -0.00048809300255418233, 0.0342265242255595, -0.017787120934766067, 0.022918652411280285, -0.0028069450433863873, 0.0525119785063106, -0.050356985025485225, 0.0235322820256973, 0.009193378514532804, 0.031219573023943906, 0.031534623829339054, 0.020150058330764324, -0.020242947180751092, 0.0010543413781741724, -0.017409612484800496, 0.04380353890495556, -0.003669488038309751, -0.03875326591600904, 0.016049073369480586, -0.0035276448829185503, 0.03243055052136454, -0.023658105649354187, -0.011397541274264053, -0.015642504180869394, 0.043184278400777806, -0.0972561643414041, 0.033849154130603375, 0.02008243249100536, -0.056049190547947256, -0.008296084187930717, -0.02905536935439514, -0.03077295346075037, 0.015015167511581377, -0.023897454406369204, 0.015226467795205619, 0.04192698942467256, -0.03204606654718043, 0.12590222741355614, -0.05005058013172072, 0.04221650074766705, -0.02133837641548269, 0.026611101199548588, 0.008700056522964818, 0.034723157041426575, -0.01926554522646698, -0.020220043138737688, -0.006706130177496614, -0.004294623122025779], [-0.031120401196976077, 0.024805889527515956, -0.019428585101663298, -0.007701192319085103, 0.00531666854904999, 0.007980569450689697, -0.018022423984485378, -0.009831517213682736, 0.06226917757951851, 0.01610577788951286, 0.004982336128930225, 0.001637553152978213, 0.03554291159520344, 0.002389344883748535, 0.00787358154463401, -0.0008775806874290875, 0.00461243716790264, 0.004931243262656842, -0.001471478169807199, -0.0031625356324329044, 0.00043846463618305584, 0.005142184178695979, -0.0019072260690932018, -0.0056006585493259655, -0.003574806280187393, 0.004330397749432621, -0.00479664707599014, -0.004214589021443392, -0.0012996481814731935, 0.0013563269844057196, -0.0052856884926070396, 0.002668094732827579, -0.00039847829825668445, -0.016987760815822626, 0.016481267235725745, -0.0020386653755634014, -0.004142779411420375, -0.014251627755016889, -0.09062746519935447, -0.014007380352602477, -0.0017799926046796794, 0.0034304585627432543, -0.006446710701857832, 0.006053495098573131, -0.005326804807339271, 0.00563684281400547, 0.013047360041949025, -0.01088821438219548, -0.0060865350670489225, -0.014191647617489839, -3.446075758729611e-05, 0.005102863562197623, -0.021254760396281096, -0.09474496616356068, -0.008636418912408399, -0.009353795522236176, -0.005144584710791814, 0.02428738458031265, 0.003348157419163111, -0.006830042173985696, 0.0029518109013730548, 0.007595254502009597, -0.00817507190406982, -0.007632637244854091, 0.009285758903634325, 0.0017459525113296252, 0.007647782624604629, -0.010156634812397392, -0.10056908565015726, 0.008212050006755896, -0.0006607758467745703, 0.0016281256078184384, 0.002740405860235493, 0.0002208239733103747, -0.008276304553744387, 0.0009544787178382156, 0.010269849014537265, 0.0028244005523833126, -0.0018492406081729803, -0.008018613121573754, -0.00877487066946884, 0.019534912663879144, -0.004849397705612979, -0.09619941058253464, 0.011680718559915303, -0.005911129841436902, -0.006504429769021008, -0.008048188414979186, 0.008433738759892844, -0.004585863048664089, 0.005850218274269391, -0.01159352397174227, 0.00817804325982036, -0.006437478031796809, 0.012334733971885203, 0.0013216952388971854, 0.0020758285680179613, 0.0059962404797308366, -0.08878424588772833, -0.00029415232934950356, -0.013687702439077134, 0.006900333141778973, 0.0015557668236841243, 0.004782354684360478, 0.0021537241466995784, -0.004171574019832617, 0.0010385116156894202, 0.005520274591998083, -0.008763126048128284, 0.011182656110557342, 0.01481307286096337, -0.0046465155176873985, 0.008956818464940263, -0.08896729758945532, 0.006999596820914882, 0.010608712379438199, 0.003079556943512384, 0.008674022703833313, 0.00010433301283303157, -0.0064915442757297595, -0.0014586737291909025, 0.0015051958348238743], [-0.042318440979834906, 0.07791936893711496, -0.07488520833943539, -0.014059817208313853, -0.004446116150597548, -0.14245509351226246, 0.035754038794655184, 0.03193505126217597, 0.01610577788951286, 0.5314291197590605, -0.029096981116808123, 0.017766716178281308, -0.014615851504512178, 0.019012636984035353, -0.0013424848824616004, -0.012542390439735129, 0.0007833298472045614, 0.010306151526201113, -0.00410185019306359, -0.00117972530892324, -0.0037921840305442196, 0.008291471056029929, -0.014052464615433573, 0.0003553982663711783, 0.022009761700333252, -0.004798592946094402, -0.017492186421348466, -0.0003624092988664542, -0.004612619345427663, 0.0020986015941951287, -0.0020215852050371385, 0.009903241020531552, -0.04959619505041366, 0.03631528379638362, 0.015163172988935342, -0.07563822818722629, -0.015456783353777346, 0.05067524429426421, -0.0047760619622837465, -0.05880384972724626, 0.014680081919582711, 0.021275315845727807, 0.0059453334350399786, -0.040828785027428253, -0.006330452071132649, -0.02099559548740333, 9.928573097497908e-05, -0.0381469469676619, 0.026831078848389166, -0.02676481821231351, -0.012816357409800931, -0.06598616305464879, -0.014698279569762636, -0.007910162280337734, -0.10589801843495418, -0.01705564964510009, 0.01395470124931353, -0.0006413491351160706, 0.0058532495347647946, -0.0006930314049643643, -0.03654928571833894, 0.02873203154194784, -0.06861896856037888, 0.021806548130985134, -0.0004522383539828819, 0.008827073386750754, 0.008363620533448357, -0.06036430031436342, -0.02309720709146145, -0.08448345236731651, 0.008153696116500127, 0.0037830866100814434, 0.031677003568350987, -0.028439700225499888, -0.011020175301550753, -0.020918821552399554, 0.010646678396171137, -0.05353779862548703, 0.028800367401421185, -0.036624994535087135, -0.006070666273378932, -0.003911736871554653, 0.012889190494903101, 0.0070413322439610345, -0.016315464756591447, -0.003524212067890373, -0.008751604175639733, 0.006705511862135709, 0.03131779445839333, 0.04116994120562337, -0.02703266695376035, -0.02484035614134409, 0.02178706695320775, -0.00423818865450229, -0.033461704414937884, -0.007441994899314779, 0.004803726184540014, -0.032797354642972606, 0.00410576703397825, -0.029086512281351843, 0.02147884428766973, 0.0421465964927044, 0.0016986250565816153, -0.029421192356811506, -0.013950992401801204, -0.05280484743643578, -0.02812296109669597, 0.010652799137599577, -0.005033195021838752, 0.009478905697279983, -0.05486766836865023, -0.02940788305473273, -0.02801176102907864, 0.0062821104603506955, -0.13740724583197825, -0.023581776542546513, -0.002221700202532347, -0.03580894386169801, -0.024824379087339248, -0.011920414272984216, -0.006668030151455763, 0.010003635582871451], [-0.060476224426957194, 0.05077789252242493, -0.007459222757654879, -0.02752729209221153, -0.03436880231371221, 0.08991966607355532, -0.003798659464156965, -0.007852632110785083, 0.004982336128930225, -0.029096981116808123, 0.12064378124375423, 0.02419995726888971, -0.01025639021217995, -0.017318804992854906, -0.027680770852408727, -0.004592685156272953, 0.0017563130310444752, -0.0010618103012181204, 0.005024448067348524, -0.00914649802035296, -0.0007753472995018107, 0.0030287673194107395, -0.0031714673127917325, 0.0029345874462406744, -0.0016602322815995798, -0.012443280687243563, 0.0016115291197058297, 0.0015292836722701733, -0.0006161185477241271, 0.002838979750176139, 0.0023008495865325176, 0.004920350028086996, 0.001949767435911566, -0.011522966170158952, -0.016473277477029022, -0.015148923409711827, -0.006609015414220414, -0.007085868254564324, -0.009565268221086514, 0.0018004992720196918, -0.09954733005936217, 0.0005347248432384665, 0.004596279232474897, 0.005829081323298432, 0.01978901171171766, -0.020355028458672448, 0.0059966190337837405, -0.02545944885305839, -0.014182964211519758, 0.03490539722337421, 0.03241596893055506, -0.0032003707478857287, 0.016092263255484126, -0.006026679320196256, 0.009124443347071942, -0.09503642867995257, -0.0033891387054088844, 0.03383282872364184, 0.0047871919207464406, -0.016976072282986115, -0.02173534185110026, 0.022532425780824948, -0.030064486655997785, -0.016523444521936007, 0.0066530055652368955, 0.012416785259167415, 0.007622964419740401, 0.035737820216257286, 0.004768414631727799, 0.005546973948867915, -0.11170511137266764, 0.0007976635978795014, 0.0118058378842807, 0.01167286048713155, 0.02914633855769509, -0.008905933384125356, 0.004461809289647785, -0.007598228480993819, 0.006601257568075653, 0.024215758637360158, 0.024596905373346887, 0.00885733281878829, 0.023161537848784528, -0.004988757192879332, 0.0022338390646377587, -0.08671393347324952, 0.005247290263824371, -0.02019286290462876, 0.0060003739682529585, -0.018981183349894452, 0.0011446366679611587, -0.008771564462666945, 0.015812567292124543, -0.0002626348109080141, 0.029807359404907023, 0.02667658716506052, 0.019470125565569502, 0.010957330710028936, -0.0023156025422988637, -0.003925362953634666, -0.0800480499950139, -0.00879467480731386, 0.005185012845217352, 0.012552816560789706, 0.03193712161454995, -0.020916289747648403, 0.013191444589141484, 0.0015086184608823895, -0.014939191487183734, -0.023320424733572837, 0.02855741092497448, 0.02052134516069706, 0.023567627423073226, 0.005146213549073188, 0.007111513436536068, -0.08178368930209026, 0.0020530499672682233, 0.008188934847365461, -0.0018835769032709629, -0.0009491945084231074, -0.0003454947219625221, 0.0003274351235951589], [-0.04358964111211492, -0.008195925714358709, -0.040877282232711774, 0.047643918469704546, 0.03168466524163803, 0.0042734804206417416, -0.026073572987934047, 0.01977000306902815, 0.001637553152978213, 0.017766716178281308, 0.02419995726888971, 0.1794900924130617, -0.0014822905823071648, -0.0728961262596641, -0.11138466707999528, 0.005021975081290132, 0.0011576226043842834, 0.0035188419930808966, -0.003237704580835466, 0.003001405986533241, -0.011787756561822807, 1.1257056036421841e-06, 0.008643737118592487, 0.0055661170134588345, -0.0035861745650074745, 0.00016695797491128372, 0.014499991214149525, -0.006772587896235246, -0.009013040737157715, 0.0032270201954492247, 0.0005818268020750714, 0.014345490102419601, -0.0032858888627617794, -0.007142616720756263, 0.027299089131052782, -0.00745872188136421, 0.014025449562966032, -0.034606262444897506, 0.011681491002546774, -0.016601611852631717, -0.022895012409845764, -0.12843103244576362, 0.009071081979855304, -0.009781321718509725, 0.016752062065674575, -0.013472999600693628, 0.021538038573705315, -0.013143116067823256, -0.0166868832464762, -0.01241504399719793, 0.027418640548612847, -0.0009376950676290642, 0.012369468141451841, 0.008703633060067053, 0.028334018946470817, -0.022594416032485576, -0.12944304117002228, 0.0404573912144271, 0.004846925121531076, -0.021773430708088102, -0.011116090089691184, 0.017300478802355992, -0.051029914676211326, 0.020527645114622177, -0.0074347176659455335, 0.03076570714274305, -0.009537673658643756, 0.0729697816772592, 0.0011481152065950229, -0.02261362803776915, -0.030142214374152505, -0.10173532736680078, 0.016151840745213992, -0.004757860819588325, -0.030050808140190625, -0.02793055630474453, 0.011961263994981257, 0.0001961936815156405, -0.007179985530642642, 0.005149628890701625, -0.008265190606084315, -0.031235989907485058, 0.009095472443846729, 0.0022580276351383266, 0.03431060058542718, -0.015629085117779582, -0.10109869927333069, 0.00990966981081302, 0.035426176710076626, 0.024896317429217458, -0.02049741553475094, -0.02549123003693532, -0.0040479550380604825, 0.03217556148530633, -0.032433812364331564, 0.00570122208545624, 0.015354880876484667, 0.015283450020579698, 0.0021987835590923425, -0.004741639303390752, -0.026632065165450112, -0.12687051238332797, 0.027565373287491392, 0.012584571627125722, 0.00426836516815192, -0.016150345887791413, -0.019109042847092583, 0.02063471387030408, -0.012972477191651411, -0.02583203472609786, 0.002764189243746013, -0.006660763048602444, -0.022618657712149496, 0.0024466100846885024, 0.008086854903682588, -0.01883117059221228, -0.12043076202249804, -0.005685532395340826, -0.0025382684072005023, 0.028442879591985812, -0.008710916904715387, 0.0042742910130991974], [-0.031422015487583256, 0.05850001436480758, -0.072362978121239, 0.04451623331291979, 0.005503075893055874, -0.03914286686164316, -0.02458990011480421, -0.08299248891625646, 0.03554291159520344, -0.014615851504512178, -0.01025639021217995, -0.0014822905823071648, 0.759204461315923, -0.008050574511716138, 0.1081393440010937, 0.00238889862549475, 0.026324684816068887, -0.0044432438392315995, -0.012440858645486162, 0.007465936712626772, -0.0034298608939307977, 0.0031690487574910844, -0.01489882410003723, 0.006970967158469977, 0.015432250614428444, 0.00177962815951349, -0.00018797315670906516, -0.018453919263199465, -0.003265770297958617, 0.01299948161182628, -0.007794087327847042, 0.008660050642808344, 0.006173151559943934, 0.027931408817552794, 0.054708372539898346, 0.010287378838648076, -0.037305999150113005, 0.004007651935447193, -0.043619251559705974, 0.033962664983096635, 0.05867304046063576, 0.048872600759324515, -0.012637662219968206, 0.004177618097385983, -0.04994073231573244, 0.05784587468803901, -0.0019553892499565816, -0.03677457769113345, 0.0587704070224042, 0.06948762452536278, 0.023326112636904497, 0.001784152862186566, -0.013420725818666818, -0.05882865082923579, 0.004673839783291791, -0.025859490175594475, 0.015278424863203542, 0.03596064897342005, -0.0053840161973765285, -0.008889436657388838, 0.019450669466257984, 0.022850464184972316, 0.02679718737872818, -0.01748167631276455, -0.05314162520855165, -0.02201434957231317, -0.008498627084208307, -0.03821695437656277, -0.030398892982439373, -0.029477335861487028, -0.001282301148289217, 0.02251093987884858, 0.06143231067502067, 0.006444397669745874, -0.003245289628463493, 0.010198696435754107, 0.05515862349826659, -0.029817411988626485, 0.004631742722998186, 0.025128645900755548, -0.040640887653599335, 0.036681117108075915, 0.08131821327074402, -0.04376958272252199, 0.02450045808698306, -0.04509321279694633, 0.015251002722930613, -0.05212295668165045, 0.017468825864145467, 0.04379492916672929, -0.07368606490473376, 0.05913456611700215, -0.01444496641914816, -0.028543941200354667, -0.012042187293664835, -0.022506701440022554, -0.03945792495061999, -0.010963137861290499, -0.03757557814255531, -0.027296069705477776, 0.016578234938411023, 0.06409475193197477, 0.037999270836949525, 0.009915011855297015, 0.004903996422004534, 0.03883239056556333, 0.024026515400386885, 0.06345556246465958, 0.012086341765149715, -0.02087843027783323, 0.011779645975768025, -0.05745667657164439, -0.041663720816369106, -0.04298139041743014, -0.04765751297745303, 0.038323692372586204, 0.01205052000129798, -0.04559678221896298, 0.022356759113946408, 0.0176232699674913, -0.0036958644517464667, 0.009596513333274624], [0.007489979636409108, 0.034755392223255785, 0.0236322033491932, -0.08352236737944507, -0.014489297329321974, 0.006879964476206335, -0.024532217327467066, -0.006251687493111567, 0.002389344883748535, 0.019012636984035353, -0.017318804992854906, -0.0728961262596641, -0.008050574511716138, 0.12056904022724789, 0.16345657867591568, -0.001964322433149919, 0.0050441462626901225, -0.003395274225429197, 0.0035052280685449054, -0.0005482366549274428, -0.0031292937757803735, -0.00024379521452741235, -0.0004250166637047889, -0.0021245664802742063, -0.0009814370033947905, 0.00324275458653154, -0.0061740912317504466, 0.005071504092379805, 0.006804836949715435, -0.01444111749933711, -0.020774007251903405, 0.0029723154910492825, -0.008968852283470484, -0.006289667942395516, -0.011666230420804571, -0.014682603602077644, -0.009227650764955563, 0.03143855637719167, -0.0014266140117791559, -0.009135265517202356, 0.0113672929553823, 0.011377592792105132, 0.01655378349056176, -0.009238382247087507, -0.008445286124804063, -0.007964785129427294, -0.0036537538741680787, -0.0012304723514588133, -0.004257121009710384, -0.012374976249928421, -0.03153810068601213, 0.028564825950953165, -0.0033418264886726098, -0.006655969223074516, -0.0411113302348159, 0.02284069104612027, 0.014365640533307623, -0.02923927361569546, -0.040591641777873305, -0.0009090845292531156, 0.03005555054340873, 0.009982454233969955, 0.025288404094148606, -0.008325305119053626, 0.018906838257489636, -0.007072989698967681, -0.00966959681763891, -0.051442421188539464, -0.007209096919470404, 0.006872068639487654, 0.015411663317154779, -0.029291115532833936, -0.023490729584828642, -0.029459479076011486, 0.018412926915974778, -0.0016052262229139613, 0.0067873315329824106, -0.008199727827769482, -0.016128828349165562, 0.0007002694598411695, -0.001959021451011513, -0.015796790557770824, 0.015156182361685495, 0.006008928705693862, -0.01647798605062925, 0.018923300001557394, -0.0071757949225034435, 0.01908723797701862, -0.061940547874624316, -0.021743121192608315, 0.02714726457017394, 0.01230621143035701, 0.010789569367712233, -0.019186263932751507, 0.015772032666734954, 0.008370105430150068, -0.017599878338133305, -0.010739759251382703, -0.006585491409194361, 0.010594079404752129, 0.0071806917978533905, -0.01748002251718072, -0.043529512405254024, -0.028890673415178897, 0.003061583888322411, 0.005017647627544988, 0.008726119175742833, -0.02033729309189034, 0.008517215154420938, 0.00926583079016413, -0.017004060164618435, 0.00806984808083177, 0.0018800930576930391, -0.000625039106962709, 0.006761374421232204, 0.002281214100587261, 0.009016174993893194, 0.004445298130687723, -0.011451474315544838, -0.042323528996923605, 0.006949243082574788, -0.004258765195009988], [0.020321067878879696, 0.05110213159203613, 0.028484906372577005, -0.12130540267622279, -0.014376235903417984, 0.001256318152007598, -0.024523590332020166, 0.007447310331551783, 0.00787358154463401, -0.0013424848824616004, -0.027680770852408727, -0.11138466707999528, 0.1081393440010937, 0.16345657867591568, 0.2763621967050113, -0.0026324546235560464, 0.010674867368438912, -0.008188929169229081, 0.0026581626632270253, -0.0022112374768316558, -0.005289168386037675, 0.003934066080919795, -0.0040013695466389705, -0.004710597949199853, 0.0007585558198139399, 0.004119704155370013, -0.0054578784873510035, 0.001840718970560825, 0.00955156955810472, -0.01648509595471591, -0.028483029101325223, -0.007208362279961233, -0.009112616513621196, -0.0021166204956532754, -0.00011172729266418901, -0.018225779761015224, -0.015128264471960987, 0.04561070422348685, -0.010334222710529426, -0.0016542247630755966, 0.02290276993636681, 0.021254257073486313, 0.02548270686755719, 0.039412551331688084, -0.05916494515805144, -0.002240546813009555, -0.01269297635436707, -0.0002985741337491488, -0.006490397341261367, -0.010653984059484391, -0.05092871154126141, 0.04360709963338584, -0.0007045579793219074, -0.02402216533959356, -0.05555840795326871, 0.027407413356325957, 0.014896566997949095, -0.026752227904508458, -0.011061876291987105, -0.023413413591262932, 0.053544286153992926, 0.0053561036823657395, 0.05520744951329474, -0.011757589118054919, 0.022000858057671498, -0.01477825210871057, -0.005292966677930632, -0.06636650201670877, -0.01620895353551771, 0.014235052573727494, 0.018019418794328432, -0.04391652023299007, -0.021726448022376017, 0.00875141616182719, -0.008238697157773303, -0.0029593798877970735, 0.010357889985372336, -0.01609616813669326, -0.03126519784384017, 0.012574772438853115, -0.014494206468525459, -0.015290574909546936, 0.038585365314975195, -0.000835931350307824, -0.02123383239612099, 0.010948572806008021, -0