{"inv_metric": [[0.4635123958103356, -0.25811848772360396, 0.11421358799616063, 0.21792535848645428, -0.021898149099130987, -0.015933851019286495, -0.033977089275066694, -0.015941803107299136, -0.019343876246975998, -0.025969442430982283, -0.06844882564180019, -0.04891174329575401, -0.030568548284708126, 0.009733715904287475, 0.020065663477736032, -0.004480472578897005, -0.0077398856657123595, 0.002201649428834549, 0.004053660717237231, -0.007084178802624775, -0.004310636353613947, 0.006857960613515529, -0.00023855662968058416, 0.003598017463090553, 0.007989670842934761, 0.00760032772330768, 0.0048859610619507235, 0.003028831722943958, 0.006517862803231047, 0.0008351125386541515, -0.07274930472971626, -0.06262657107490985, 0.02621652072800227, 0.04573704278639609, -0.0031228958061695813, -0.020370625633644456, -0.014832705430846804, -0.01851237918157087, -0.00889955132899447, -0.019550678785048514, 0.002649061292367384, -0.005104784199064003, -0.014296142975264492, 0.001481678852842806, 0.006477674437001317, -0.0808740334301981, -0.04386623447200281, 0.006964162270243158, 0.03748706599142031, 0.01323544344389826, -0.0012571064878402936, -0.0075024379424096935, -0.016645215232650345, -0.002389125124433307, 0.020310591240742904, 0.008842170770744057, -0.00458946997443176, -0.0333326838172097, -0.019206979580168232, 0.0037445954594044605, -0.08082533500117867, -0.038522422781137926, -0.010807455008859022, 0.03156159821875463, 0.01839645022880398, -0.021831284924017317, -0.007935587622176162, 0.00742300349369313, -0.008370713716803608, 0.012873976687921255, -0.009894698003589277, -0.01760540819415065, -0.006774318320242633, 0.008214632279285402, 0.027837490932818298, -0.062450165835786796, -0.04633057291366321, -0.006859649254947729, 0.054550871648568935, 0.010159153007479788, 0.011467366381236977, -0.003913444930666149, 0.004824374060052107, -0.006753606629355618, 0.009745142312851195, 0.010773648601958825, -0.003255148502987539, 0.02768687993906389, -0.013643284297740308, 0.017774192523894165, -0.07348038338461015, -0.03969683534491888, 0.025353763126918966, 0.03509468430650928, 0.04719548288846511, -0.025438593186736993, -0.005179015252650695, -0.01721089190352793, -0.011027079032207853, -0.03800032987557187, -0.013353618530176359, -0.028829472079587092, -0.023059289427464734, 0.009612489886571393, -0.004012256765157663, -0.09098527983574055, -0.03569510346979904, 0.00898567569953636, 0.05198815253860866, -0.0006887404091183052, 0.007210687763385671, 0.014142283587248249, 0.03841581331175901, 0.004192831139007125, -0.008775261196864744, -0.005921790504477543, -0.0022243716124811805, -0.023861494584580617, 0.012080620887824203, -0.024285797188218664, 0.003994973422763217, 5.53067547015149e-05], [-0.25811848772360396, 0.6081375001455896, -0.09752229228646864, -0.17164680220675219, 0.008568532188024676, 0.03532377150665963, 0.024280090551038615, 0.0023353865680447376, 0.015366110003436134, 0.04004786626905072, 0.043055997080180916, 0.012306568507395498, 0.06491960015894635, 0.031351658833802344, 0.03899342998870066, -3.370511277102035e-05, 0.004077500144392588, 0.004843477233283539, 0.0014097643794916462, -0.0009375007444931367, -0.001972215219514095, 0.006867644063451923, 0.0020632244142057376, -0.004513699172447812, -0.002444474974207582, -0.0009205211305617499, -0.004573252285971818, -0.003769758797263265, -0.0038432302993353703, 4.328053847762232e-05, -0.06661142627272014, -0.010663622773710043, 0.020053962893909306, 0.012380764874317603, 0.0277792205177557, 0.02289171485947728, 0.02117451744929723, -0.03420224754479523, 0.016684957892319562, 0.005290461162394978, 0.009313175916264401, 0.0007357294213817563, 0.025249385355389075, 0.012220715813137804, 0.01029674112469905, -0.0672106128215789, 0.01130542183221469, -0.004975156597086781, 0.030146474015663192, -0.016870482909075092, 0.0009442172802907406, -0.021498132379483257, -0.0037836249599117857, 0.0016076370784902977, -0.03542145297854552, -0.021271671714750688, 0.004257300253649165, 0.040851228027641746, 0.006793614483422341, 0.012741578415153042, -0.01432491997010988, -0.03320863562562656, 0.04104026723186811, 0.03530846003305303, -0.00440494431648093, 0.02529734319769349, -0.023374063553062076, -0.003975229423857861, -0.0013180895448198613, -0.01422280138325561, -0.0017152784856635747, -0.013707639752064823, -0.009172160291985936, 0.004034180072349829, 0.018254147542939338, -0.055514758463463765, 0.008974545347013982, 0.03184360662314022, 0.01526869897702691, 0.00607216301929041, -0.0008141374018149192, 0.018265219290827927, -0.0019438280240980984, 0.004882335681132969, 0.0031389728259243826, -0.009492764174038281, -0.0141395615710402, -0.006129293806828052, -0.0036261696608213506, -0.009881833145325754, -0.047386515329372034, -0.0143965347784977, 0.026103963375715963, -0.00026190875245416087, 0.02436670388104589, 0.002206889342667649, -0.023706091576112694, 0.01351587136539764, 0.003033915274684587, -0.012324442386941092, -0.0030526528540829982, -0.0076804493550399686, -0.008297680394747015, -0.012175242080058404, 0.028005449594475172, -0.011295355767704391, -0.03044734017981758, 0.012580441231426789, 0.03158941304999001, -0.0004933792440786974, -0.016398351647230535, -0.007740860257397419, -0.03918829726480208, -0.004818501343059367, 0.002915701824242384, -0.007339097569129854, -0.007618614770164189, 0.03965362847278862, -0.01283396376472327, 0.026921846326358453, 0.0031848584790247067, -0.005602340347325489], [0.11421358799616063, -0.09752229228646864, 0.31979056868613454, 0.0004919376631960401, 0.006685376092157153, -0.029881889969856645, -0.026527188641732164, -0.021093339547625465, -0.007406154520635072, -0.09999307953692836, -0.008402960285655287, -0.029070347831094464, -0.02349004749192764, 0.026843283262240152, 0.03992159927712677, 0.0011824929009122632, -5.1009273695451474e-05, 0.00837894790813673, -0.002748756084416231, 0.0003692661176205162, 0.0029339089979786145, -0.004848081917162212, -0.005253520532984877, -3.139438595082488e-05, 0.0054377671808474096, 0.0014290818157235723, 0.0014638838648870624, 0.007149888061209868, 0.0028259814934464764, 0.0014281675490661323, 0.019321579843332385, 0.017687526571090347, -0.07107207195971844, 0.058246323881182074, 0.0011026365440422433, 0.0017170557526795772, 0.0047006866267535275, 0.0027438300423915387, -0.009522825509991676, 0.008603109842059605, -0.0002073700744364493, -0.013080335708317547, -0.016049011573355143, -0.0013161872825308745, -0.014425552381312474, 0.028298416983208327, 0.013055123731556746, -0.07765251116256632, 0.07566615502593457, 0.0067123229848207915, -0.007800424335067745, 0.0014490593175125123, -0.007164381501645743, -0.002493094393918943, -0.004502948039445954, 0.0039547426788118486, -0.01672508075235226, 0.020786035662344438, -0.01549430893076595, 0.014944261145125771, 0.015310155481788858, 0.005367799502554458, -0.053405510690540274, 0.03683589456732374, -0.020717213070455508, -0.016801386585864605, -0.011865389040935639, -0.005459469094684087, -0.006897598115843561, -0.014556647590102282, 0.021846262963761378, -0.02474220619246906, -0.02853140899293621, -0.0003377589312574409, -0.003452279831374249, 0.013873339509025319, -0.00578866952229112, -0.04387610618643931, 0.03245487636217038, 0.04814093904333313, -0.028175236594483857, 0.010256324690379383, -0.005970923682120901, -0.003150403626217491, -0.011326796247924332, 0.012543037568372117, -0.0237311912960787, -0.0027989854371881246, -0.0182668754083436, -0.0065985928104968904, 0.030613597850117937, 0.044607941613289, -0.07864574101537652, 0.05627171986552589, 0.027841720151000778, -0.02578795242360365, -0.010898881665843326, 0.00987744220332326, -0.013690209422364017, -0.025419195051587504, 0.009087975578013678, -0.024993199809319595, 0.021322541975079146, -0.009463233689102122, -0.01385001269931219, 0.015034499812121037, 0.02118288661277432, -0.11333943341285686, 0.07235740092085935, -0.002619104226351945, 0.019292265666481342, 0.01735755713400573, 0.0032055940555548476, -0.010926331849116965, -0.005920376648883841, 0.0037572114625617375, -0.006510679318745695, -0.022995324033638347, 0.02603111066974832, -0.005169356028969424, -0.00038322023340935834, 0.0009871048045416715], [0.21792535848645428, -0.17164680220675219, 0.0004919376631960401, 0.41589509961462245, -0.013722635915564536, 0.005767368782458248, -0.014717795315332953, 0.003728280674855412, -0.007742685790355516, 0.03201869350614677, -0.054799004456982776, 0.023715747326855486, 0.02577167219377245, -0.06411177226124863, -0.09620515463674612, -0.0005239874769309835, -0.004990409230195165, 0.0008711361077885704, 0.003257103578150244, 0.0018973754067719926, -0.01067229285687181, 0.002090908854447115, 0.006545356893457337, 0.0036402064701626597, 0.008975863557346576, 0.0031030801468714645, 0.002021202916503637, -0.0019516827011109685, 0.005292608919448452, 0.0008738157890913969, 0.04271463694475615, 0.020679895528464356, 0.03994386150385736, -0.07245815108946761, 0.013485898821988515, -0.021429653808434604, -0.011108779688331112, 0.003146294673434637, -0.015656593679921196, -0.018329168688889407, 0.014169282901881766, 0.006658434107566124, -0.0038099384931388133, -0.030787577578447488, -0.0022431181465381233, 0.024182658868061226, 0.010142233374922108, 0.052080604675830686, -0.09152391863964097, 0.0041297270244921355, 0.02699018966735692, -0.013647320356194844, -0.018023416050471697, -0.0045483249940184885, -0.004287876344266406, 0.02338446305985633, 0.003116319230923793, -0.00793041312503704, -0.007334935553596359, -0.013992110723557372, 0.036272115375468365, 0.03195552262738638, 0.010178040170500221, -0.06011418889876892, 0.02821642596313718, -0.008420320275998936, -0.005126496399910574, 0.019745945770276854, -0.01076107227927044, 0.03212363753797215, 0.0021227355210503658, 0.025465004527598294, 0.04146456319289632, -0.007385392372062168, -0.022066982731122252, 0.06419336950976882, 0.02420387648248379, 0.0027155879684015675, -0.03973446516476895, -0.0011123818451049055, 0.02697431884054736, 0.003108346305421778, 0.00637228950339456, -0.017433710662308748, 0.016762863434668585, 0.016752326257497462, 0.010657043250544198, 0.0222658863798663, 0.029119103273269588, 0.04316901288814313, 0.025662087285638683, 0.0005648736076774953, 0.042932788066837084, -0.07333292554200842, 0.021329031116319702, -0.003767539677836844, -0.0027789619716494457, 0.0005460236832413629, -0.001411186559723729, -0.01827678467840381, -0.004036380300524803, 0.009131336052207641, -0.018837440045801276, 0.01935008311275429, 0.005645890664842316, 0.021721125244740885, 0.039720868448305684, 0.07405338033461878, -0.09233075853860238, -0.005576135930873555, -0.019041716552928974, -0.009175705437695681, -0.021682407551130878, 0.0018598737301313152, 0.004889682976006527, 0.00030482129897170453, -0.0008305330977711496, -0.018682134296249014, -0.006490147709093972, 0.01260547527650271, -0.0013809448908429346, 0.0014337317484219329], [-0.021898149099130987, 0.008568532188024676, 0.006685376092157153, -0.013722635915564536, 1.0090239382170638, -0.008332160843004779, 0.07467673725631294, 0.0159027565681074, 0.003913358347663342, -0.009939104604916033, 0.0029492625369452155, -0.0264263359083844, -0.0375713029526308, 0.00370837520055402, 0.0004291592534178963, 0.005413093888955167, 0.00799871405565861, -0.01374908653976265, -0.007191782259002954, 0.006188445984517304, -0.0061065724971891494, -0.004797199556067628, 0.013812945483490217, -0.005703733884322198, 0.0051342981880252115, -0.009781947363803507, 0.00035615229066590957, 0.003323181918603169, 0.0028779819616911017, 0.0028466642593798688, -0.006444322061956435, 0.01362914735866486, 0.020630409671346446, -0.025349283853649134, -0.03501093120281023, -0.006445228643981277, -0.04983434736132433, -0.025628262054786743, -0.002131613899720927, -0.013199583155481504, -0.0018613478535592946, 0.019089414659380296, -0.02651494792100191, 0.03242504990218944, 0.05101948845774523, 0.05229770514452949, -0.03273617075277843, -0.002627177114744102, 0.04093839493943649, -0.032789548789973234, 0.018873059398976173, 0.00022871256344546027, -0.025062676429219114, -0.014815709500670576, -0.0027692330115376973, -0.034627608897025625, 0.028783843801229718, 0.012091227932851672, 0.006729875498784188, 0.0220610528126467, -0.0038230903923356994, 0.032927850380091196, -0.03645445896994655, 0.011079362342255919, -0.0007617165860505939, -0.01543100024450215, 0.06398834799163759, 0.04464096264272305, -0.005080961700399879, 0.040783132314135453, -0.03450778333914829, 0.041000165565642115, -0.016577805967554603, -0.0018298645597760702, -0.005091982756455134, 0.027515042135634268, -0.03546567273274788, 0.0036778469492833956, 0.04476386424300716, 0.015127751799735405, 0.02579110259949213, -0.02261548791500171, 0.017266335511507608, -0.01270503783398041, -0.0021503485125838784, -0.004342467363131378, 0.046579526711029884, -0.04203648744816605, -0.006053774899614355, -0.04207784812673825, 0.050383802432484304, -0.0008651447316834788, -0.004796964893729957, 0.03456153427554791, 0.044507416366028354, 0.02622974056131915, -0.007572288156087981, -0.033002953621283145, -0.005869648503744661, -0.010210224557584646, 0.003791764246371031, 0.029703879662462802, 0.02605981286091384, -0.023939412572560576, -0.04061797058780759, 0.02206759851932343, -0.0321988920896225, 0.027924629687509226, 0.016373856944876662, 0.022469318225461738, 0.004517080112765756, -0.0038830799903878136, 0.04859560233824138, -0.0188520116065264, -0.03942728717816866, 0.01870338381375703, 0.02643315809924345, -0.005152438137255651, -0.010713209769946705, -0.024623312155573698, 0.004217311788141589, 0.0016537473116692001], [-0.015933851019286495, 0.03532377150665963, -0.029881889969856645, 0.005767368782458248, -0.008332160843004779, 0.41776546963912403, -0.005845158417432704, 0.011250360128990881, -0.0006878569960607719, -0.17225985041483835, 0.07747150332917256, 0.006930949922769791, -0.003964318846985551, 0.010327358555327267, 0.010256369925519346, -0.0018702325425650754, 0.00013070828835703426, 0.003228661301827423, 0.000980994412721199, 0.0018438696306314216, -0.003784059846849291, -0.00036597129263757626, 0.006849445919519428, -0.003826855171456402, 0.0012827109779330605, -0.0033775149667068095, 0.004173481142307589, 0.008741870474616331, 0.005713292846763737, 0.00598967410007184, 0.0037203294888153394, 0.013295721251223672, 0.001469826094570409, 7.434552612018914e-05, -0.009446040026304102, -0.021732525164213694, -0.038652912841979956, 0.041366625272417294, 0.02082153468768141, -0.005480434617805923, 0.010874620444878705, -0.0006554969418056445, -0.00415152148104455, 0.0017180362001427663, -0.002714399645353647, 0.005543891099198557, -0.012997643102054552, -0.006617589424650357, 0.01350827924279976, 0.03029298170919072, 0.02986908510924159, 0.010602588504376089, -0.059967675484448195, 0.009535055898139112, -0.026549883357277794, 0.008685332583787224, 0.0037691676835623984, 0.026649783085815493, 0.0001338289320770808, -0.03511566813908435, 0.020001039967733752, -0.014596577833762208, -0.0048524197507837765, 0.02303314443419607, 0.012180134850516828, -0.0016927183954244473, 0.014203814248306355, -0.01613161946355013, 0.000939163579583337, 0.020239873546790434, 0.016608940879034664, 0.0024269642611669962, 0.00010606924933899048, -0.003915498472110663, 0.0009466009672469116, 0.023584705632757396, -0.020942753188019813, -0.018075953255127473, 0.01966965944655752, 0.01663336350433202, -0.0038852384334918427, 0.0025105334529950617, 0.010144429850861237, 0.00072947811241004, -0.010071543820073046, 0.010001187153027221, 0.0007757442598311214, 0.006833494540714183, 0.008441238699202868, 0.017547329631642145, -0.00439314014703076, -0.011478733129896454, 0.004848249142756332, -0.006605074255431771, 0.023239559340572185, -0.007872078018007538, -0.006309317247068159, -0.008043478276692202, 0.005594822242799657, 0.0038655048354605355, -0.003020956386474048, -0.018771871985334747, -0.014329041202093122, -0.009209930892147182, 0.016094421694926034, -0.028997842868858148, 0.012995451370206775, 0.0016131465118995362, -0.027750200954305394, -0.014380501214831361, -0.018024459299867693, -0.01699357259540526, 0.011098174413431066, 0.015922639879533393, -0.009660725035943327, 0.012720833642296342, 0.0029441517586365424, 0.01790439119030341, -0.02191817429879173, -0.018890643209920756, 0.0005405854860331462, 0.0042219206622838784], [-0.033977089275066694, 0.024280090551038615, -0.026527188641732164, -0.014717795315332953, 0.07467673725631294, -0.005845158417432704, 1.0490667536023333, 0.010433755152660354, -0.0012584936146647061, 0.015744048271216296, 0.008308309779494972, 0.007435090282678651, 0.038990468015323895, -0.008283794108562424, -0.005926603779939274, -0.0013089912601725615, 0.010588889517163058, 0.00613685402386005, -0.0061642170514936015, 0.0003624666431126961, -0.007509199818030448, -0.002229886930656452, -0.0034536430779605466, 0.0029958927391170874, 0.011321511642267785, -0.0021033664745430335, -0.0008930680449333966, 0.009653404684506288, -0.007286516111238215, -0.005218241630547831, 0.028623461556418577, -0.014880967350943965, -0.014512675297830454, 0.01306593889298821, -0.032194075137323815, -0.0018286127417077845, -0.050995296282852765, -0.03975793664247865, -0.0006762475096261237, 0.0465141952207071, -0.01820595036045926, 0.016483316131325254, -0.04906811144245673, -0.00476802739600722, -0.006838650023904147, -0.009656026757987459, 0.002521410730030171, 0.02660281104774843, -0.014849507439361666, 0.01832269994059856, 0.0032199024640641376, 0.003293584223072728, 0.032426023538270114, -0.006589441424893636, -0.08011363743551583, -0.0051352000324119355, -0.004706943323989317, 0.0022070026740753706, 0.023483679908411225, 0.06346181134753034, -0.009322857361833997, 0.02828288696503678, -0.02237019738466967, 0.02123616544833175, 0.03707264775734814, 0.0058608373256389314, -0.02892858911081399, -0.015674092000763806, 0.009051218205515287, 0.030376826979942168, -0.03160707754329689, 0.019904693602111473, 0.0009956009072282757, 0.005265031484251682, -0.0169272561242616, -0.03302675186161144, -0.008631604753769558, 0.01680718551074271, -0.011693189277659659, 0.025669414162946814, -0.0023079234617843065, 0.03525475328770357, 0.004803510918501437, 0.012266997824715303, 0.008570652644076183, 0.002541777040574017, 0.034617898844204936, 0.017095849533495758, -0.00552362584715781, -0.044482157758775814, 0.0008533843311097389, -0.00040662405257808345, -0.02983589480172031, 0.017707536440017168, 0.06293079904886033, 0.00667046349197481, 0.05368177993690373, -0.049552165155554356, 0.004238345532978955, 0.05257242221710606, -0.030358413837782337, 0.018661984926634963, -0.0176996670431115, 0.0029792493744747535, -0.044577412253520465, 0.0326008227161823, -0.026637119213891763, 0.023967706941998308, 0.014847136479388363, -0.03745867722458555, 0.028712523822735297, 0.019201318788671182, -0.006962309710929646, -0.004504544992489631, -0.019898587190675797, -0.010780891585112048, -0.00012039824733248626, 0.05839060112004012, -0.00026724345643919613, 0.024303283950686535, -0.0014162295593967051, 0.0023888530199245206], [-0.015941803107299136, 0.0023353865680447376, -0.021093339547625465, 0.003728280674855412, 0.0159027565681074, 0.011250360128990881, 0.010433755152660354, 0.9560085731340592, 0.007026696771211438, -0.01326226276692247, 0.01521906693507523, 0.0007700570046072675, -0.06130693303617898, 0.00012036368800366566, 0.023108648067473772, 0.00789886914059621, -0.01184165156698889, 0.00451212320741502, 0.00022672121455649392, -0.007850986094624141, -0.000587547455842641, 0.011568509458878112, 0.012292018745285228, 0.013061695071653404, -0.001478273613168297, 0.0048182420948418014, -0.0036948071277178238, 0.0014604694820362228, 0.001659573878397151, -0.007347415336290924, 0.008604644796280403, 0.014090270644456386, -0.008473041189173521, 0.014261197050415697, 0.006144372255271393, 0.02121417104032586, -0.011174786078173965, 0.019855650510984858, -0.008011190018162586, 0.021508762899693255, -0.0009525187433474929, 0.027610901692365256, -0.06236085866417686, 0.005000667447877, -0.053073508188500325, -0.0010092709911560813, 0.030932205813772776, -0.0013708053623867594, -0.01067038835905464, -0.004835654038143772, 0.02134195058056696, 0.005571499307895523, 0.009223651560595446, -0.011109494103780612, -0.01817941998072145, -0.0025543588432017567, -0.0009208501898299952, -0.005323565614655258, 0.005169377328324245, 0.021693432578384995, 0.0016150962699917023, -0.02648649936826763, -0.007041117159854449, 0.012202233896699272, 0.01881335307814778, -0.03884317790247428, 0.03319286761907676, -0.010555168136511979, -0.001135588783610539, 0.017918907583892158, -0.019997591826053474, 0.01883056759832998, 0.00218047488197186, -0.0031537510022728085, -0.002618122597678017, -0.03245976482271748, 0.035727253963359185, -0.0011007676440173318, -0.036713051149182545, 0.027066373197336048, 0.012418716641912592, -0.03843873409468946, 0.005256068606300582, -0.005065877941410522, 0.006798477565506424, 0.005216382016892703, 0.005795181636570959, -0.03439942374566261, 0.009522718408518928, 0.012965699754302394, -0.022068202705985716, 0.054892400396737075, -0.02989425684631957, -0.006060680606409361, -0.0011363770397381067, -0.026886747965857265, 0.04584565915329191, 0.022519969211774772, -0.020852275811447017, -0.01826492751199327, -0.020612785364514757, 0.01844422449848744, 0.0019915828566914383, -0.0013351197667813748, 0.010261859133488257, -0.01808426767270437, 0.0029790637747196145, 0.016847755444096352, -0.03538231597375891, -0.05741493579244804, 0.004346767350194346, 0.0022108797199138367, 0.002190331687488676, -0.013893437189608778, -0.030617217527222348, 0.03456102358854654, 0.014368175737121364, -0.01366460588714035, -0.0177012819860158, -0.002841621059436194, 0.0007471215150430343, 0.0029969963740351093], [-0.019343876246975998, 0.015366110003436134, -0.007406154520635072, -0.007742685790355516, 0.003913358347663342, -0.0006878569960607719, -0.0012584936146647061, 0.007026696771211438, 0.05625408464312619, 0.00852767734748167, 0.003053212587837578, 0.004155754594603226, 0.0031725466363276074, -0.0025035149013218224, -0.004396222086355316, -0.003167613661477782, 0.0008350568311796505, -0.0002770406776764704, 0.003521477320809687, -0.003073530216966694, -0.0007471162912958443, 0.0003081767380229721, 0.00047528349094197735, -0.006302741292681288, -0.0010908624253728636, -0.001109985668752035, -7.557618162848315e-05, -6.602738214328798e-05, -0.0029653250115028317, -0.001206863736268351, 0.00024072151248501666, 0.005147056080873367, -0.007666693197404089, -0.001536389788351785, -0.0008426508522344101, 0.00520886354963777, 0.0006293907314199715, 0.011278867911313278, -0.08807760620271797, -0.004730585471644961, -0.00461281839064488, 0.0033986276734568246, -0.003185846715085877, -0.0012497201821447073, -0.014403250379108905, 0.0036975300058992955, 0.00577633623252127, -0.000787653393306534, 0.004744111101672438, 0.002833590512410861, -0.002380368277233276, 0.006836011437151537, -0.002848676766625258, -0.09106709728904074, -0.00627508174339216, -0.0006339205292709175, 0.0030037334438894683, 0.0007324651278726473, 0.0012905340414032702, -0.011290658803234967, 0.0016282161705727263, -0.0021880452469034625, 0.004225584597410662, -0.0038404325612294184, -0.013040538436610523, -0.00025675114313570397, -0.0031520126135686577, -0.0009177370676022346, -0.08663605556835227, -0.004986981813244694, 0.0014412196512841118, 0.00130240060083718, 0.0043680678541215, 0.0029693204412212736, -0.0014098714636787658, -0.005490214100322503, 0.009831357323234362, -0.007629569968335801, -0.00683354230552004, 0.0056983147115268916, -0.0021318221134860936, 0.01114366316390698, 0.007377663319625531, -0.08603771348200055, 0.003878384070408934, -0.00412729463092202, 0.002699904272968798, -0.0006055539261441454, 0.004683370746972141, -0.008511991877952717, -0.0026375884907068473, 0.003746489972673732, -0.00024766884239538526, 0.003650064569632883, -0.009088863067698995, 0.004967861027072141, 0.002770974587325874, 0.002349726503713173, -0.0857097616703743, -9.375334665559404e-05, 0.0018596619084770313, 0.006875752502177716, 0.011653817870274516, 0.0004890806089374817, -0.009555724157371827, -0.0018933243199944086, 0.00625699830685496, -0.004997040480260145, -0.003612832945273926, 0.0010883590449771395, 0.0012786083526633014, -0.0005576400493014682, -0.0015827576630837617, -0.08738695157668153, -0.004159056326710902, -0.0015167856349892423, 0.0017619055646775864, 0.010612781136126228, -0.0018295275548364895, -0.0008248375747327815, -0.0003043313314384747, 0.0004865942542263943], [-0.025969442430982283, 0.04004786626905072, -0.09999307953692836, 0.03201869350614677, -0.009939104604916033, -0.17225985041483835, 0.015744048271216296, -0.01326226276692247, 0.00852767734748167, 0.5908350084952139, -0.047372810085284475, 0.024428832407345426, -0.10341491725508457, 0.020732552044468437, -0.0032324748837678444, 0.009529942682650287, 0.001429115052923697, -0.002186757589657314, 0.00010157288578382215, 0.00011946601367403502, 0.010085638802313612, 0.008831015976490882, 0.007731418824225449, 0.005577774946050794, 0.007958213363209022, 0.007739675344904734, -0.00670975569361912, -0.011414147201122134, -0.0036567933200780385, -0.006604052697388102, -9.60439689709387e-06, 0.018570056172787182, 0.0008629127069601256, -0.003048578009851906, 0.022004525468636175, -0.06018275503187541, 0.022466855090777317, -0.02067484528981229, -0.004319493355632793, -0.12097394598955152, 0.018975158593423767, 0.0064769745986387964, 0.02112379818366369, -0.009592245980719307, -0.020079799254065354, -0.013251194539439294, 0.009010794297030054, -0.027872204496348366, -0.00973954150105169, -0.02099487887471904, -0.05048516443249395, -0.005167628259803557, 0.024942395812730778, 0.001019778721583886, -0.0997691446957001, -0.007916696329024418, -0.0008856581899482601, 0.003368397205297942, 0.02381101373200265, 0.02878384505931467, 0.011659035026961683, 0.031759757915533114, -0.035553255497368264, 0.015559441452606829, 0.027899066685441683, -0.031073001190021782, -0.026200481982353658, -0.006087432523069236, -0.005796813255189379, -0.079028168883468, -0.023600558986682507, -0.00875709516405203, -0.013942017047370853, 0.009015803658743564, 0.007040773744919164, 0.0025288181860853866, 0.04541113899410643, -0.07195907879763047, 0.024925572256765564, 0.00889014862894813, -0.0073024257014581645, 0.00412969757735625, -0.014727785866572134, 0.0020942435864804393, -0.08013399582795344, -0.009500458364289721, -0.010092670022636197, -0.0160756074941384, 0.015550937572189071, -0.027865759169957233, -0.026874774080968132, -0.00791304151649053, 0.007171233057070789, -0.021414782366781748, -0.013426931985458121, 0.03214655085567069, 0.0018190818359098547, -0.0018770226079797361, 0.02863252508066509, -0.031063060357727386, 0.006814614724325036, 0.012849940734246581, -0.00543402565538024, -0.0073801481855866186, -0.04369671085947256, -0.009641985450297746, -0.002913642946368941, 0.04119081706767186, -0.03266425142857276, 0.009447264628542713, -0.04884797721853056, -0.010366575671969046, -0.03177633213504968, 0.004028889991190497, -0.09472811900424857, 0.009097229078892766, -0.00736890193052984, 0.00726426712663724, 0.008800484378078616, 0.012810106795793282, -0.0005438467489860858, 0.008109287942914364], [-0.06844882564180019, 0.043055997080180916, -0.008402960285655287, -0.054799004456982776, 0.0029492625369452155, 0.07747150332917256, 0.008308309779494972, 0.01521906693507523, 0.003053212587837578, -0.047372810085284475, 0.12398910599688763, 0.01557223881376648, 0.005883959822473302, -0.005825956184311925, -0.009667219063475683, -0.003174646692751775, 0.0032648266324139855, -0.0017647854533627309, -0.006419241045906276, 0.0033448781231459916, -0.0005179618678771668, -0.004274722984814128, -0.0032449020704593524, -0.0010266667486935595, -0.0038778600137931063, -0.011964845717556433, -0.0003441162168637179, 0.00034203396089200024, 0.0003629965290622414, 0.005861854387852282, -0.009983778062175312, 0.003694439394573191, 0.0019930274011395457, -0.006576795283880244, -0.006856265760907376, 0.027888628911979987, -0.0029639169577831046, 0.01739280893577269, 0.002541408635385965, 0.00330153767049624, -0.0921238609589138, 0.002190240883673901, -0.002742811394636942, -0.002074076649272836, -0.005099171466819786, -0.008797656279651844, 0.0027958291283499332, -0.0026804991533997975, -0.0017335401296252088, 0.018066917957816057, 0.038111339696721466, 0.005455814088863557, 0.0008644015254571057, 0.005104240531278868, -0.005520148447033052, -0.10258163373387302, 0.002978561731078745, 0.018346787406864816, 0.010223428834705317, 0.006209880598638054, -0.010035787084263443, -0.0012539632920243909, -0.0003806327203085398, -0.00027716918061635685, -0.007765363837515235, 0.03309157245269007, 0.004006160533871473, 0.0019139119989928398, 0.005841090603168917, 0.004124625726688008, -0.09895710332263859, 0.007337235866272875, 0.005724862798838236, -0.008548559236435105, -0.019401026857008497, -0.0032452472144639468, -0.002845601641773146, -0.003401119774470335, -0.001167747381735594, 0.0030949322706811597, 0.01047157752609013, -0.0007344709706475293, -0.0018228981608821413, 0.0034627636295697767, -0.0084526124478399, -0.11133976631897917, -0.002250216963142196, 0.0008894858650464088, 0.001159961733337599, -0.009814634945404006, -0.012581027768570662, 0.0010569650264643027, 0.0010571010903901701, -0.004339756305003403, -0.0047563526603575206, 0.019570504421144667, -0.017815941682865526, 0.017004680845421914, 0.0012232944083819454, 0.007025392789402986, -0.09444434362282587, 0.003463470282969802, -0.0007757628472081211, -0.00467822403439994, 0.010589938200688362, -0.010162772780475268, 0.004983137110440418, 0.0040694499607943305, -0.011144545035672516, -0.005254797142963851, 0.015244008855802542, -0.010783535544820857, -0.008437880263970575, -0.000193414706410282, -0.010448049384960436, -0.09015302230355961, 0.00032646372315860503, 0.014152911620793348, -0.014136011729420129, 0.009986544419254057, -0.0015856142664515292, 0.000253963081613189], [-0.04891174329575401, 0.012306568507395498, -0.029070347831094464, 0.023715747326855486, -0.0264263359083844, 0.006930949922769791, 0.007435090282678651, 0.0007700570046072675, 0.004155754594603226, 0.024428832407345426, 0.01557223881376648, 0.1760517104374334, 0.028197134860667036, -0.0642929044258271, -0.09782341411842965, -0.001253348099780462, -0.0013020009622072407, -0.0011444456120657403, -0.002264363490087862, 0.002393665955479889, 0.003172867384722741, -0.0022819690078827613, 0.003357068150897372, 0.0018231545248637102, -0.0032249563805677285, 0.0012666244524766324, 0.013680096026939453, 0.0008519485339475903, -0.002414670411048966, 0.0020965005281880153, -0.0025761255889807755, -0.004470887834903641, -0.01241190368662326, 0.014719845713265869, 0.017725304714488535, -0.0011130680921095587, 0.010978011683496052, -0.008832622911554155, -0.006550074589877075, 0.0026376392255265946, 0.010898024524284119, -0.11846131986867699, 0.01689687995213113, -0.01636669453991515, -0.001731938305566533, -0.00897651596318554, 0.016213777009897803, -0.021900226741783723, 0.0016352436953566759, -0.0030919695624702865, 0.006651311700143191, -0.01864143995871883, -0.017315474324178445, 0.0048052900751687925, 0.008878502959311037, 7.990225605338576e-05, -0.12006993492436609, -0.00445959150922332, 0.017996782940332624, -0.019424159049679274, -0.016616769046754364, -0.0022316007196970236, -0.023379265280429974, 0.01932591456607898, -0.01319436020911574, 0.0001399486380777597, 0.006925921277711125, 0.011076945625281893, 0.00040746386511828853, 0.00013022551873721034, 0.0032985049721522236, -0.10400501498707693, 0.020564404769329272, -0.0044037302425913045, -0.02885981643262403, 0.009795910170360415, -0.008418455146312313, -0.025016436161574455, 0.02180291717094271, 5.6597966946753556e-05, 0.014282716758135788, -0.010307231924691214, -0.0008364619191728075, -0.0009279526671056006, 0.00033084871613453683, 0.00029898344389693636, -0.11241576926966713, -0.015645718883373624, 0.03394185312212782, 0.020076310119832543, -0.03635414309676155, -0.0024701383651093635, -0.014915381918553322, 0.010756661997091169, -0.010482176985500273, -0.009508470031516897, -0.004013695455241628, 0.001622656640616097, 0.0018875425728636756, 0.01854679617989566, -0.00037199398487591876, -0.12579203562037095, 0.003682541338337982, 0.012246545219747666, 0.00771326214358673, -0.006540511298662089, 0.013239872028632945, -0.004051368309044535, 0.0016918036191746737, 0.0007895333889957721, -0.009555858154348592, -0.0085852996931758, -0.009763429019059815, -0.003955467333320305, 0.022115450060660038, 0.0028427468222404933, -0.13419048105607254, -0.005846178327863708, -0.012386758497243681, 0.032253057881120185, -0.006260478581685588, 0.0035592086371523056], [-0.030568548284708126, 0.06491960015894635, -0.02349004749192764, 0.02577167219377245, -0.0375713029526308, -0.003964318846985551, 0.038990468015323895, -0.06130693303617898, 0.0031725466363276074, -0.10341491725508457, 0.005883959822473302, 0.028197134860667036, 0.7904921616992903, 0.0013187774267007098, 0.11819721141750347, -0.0010801818574804995, 0.005939300598052345, 0.009194861577085578, 0.00145666890640926, -0.0011934221249139032, 0.007730047767546189, 0.010525487835116292, -0.0008078607517520974, -0.007540731568206008, 0.009784245236083169, -0.0030675262107047736, 0.0034056247848459316, 0.005462309214309843, -0.007987031129626695, 0.0009453672249802135, -0.01253193975952366, 0.02453862131608021, -0.007773632474357496, 0.0075544719490118675, -0.014242153967059959, -0.01480937216918184, 0.015883758437133546, -0.009255581085561434, 0.013195469856771195, 0.008919604582641964, 0.022770204946134354, -0.006686182866543562, -0.05204028652017213, 0.022119336719056342, 0.0389580860430924, 0.02401102319613429, -0.007207785223254723, -0.019148260664234255, 0.018319727507120468, -0.029033430042789604, -0.016660164069503332, -0.033173864557556575, 0.000771845988345218, 0.001690243384974559, 0.01750482213451428, -0.005799797980128983, -0.008527980049363754, -0.008222886442710506, -0.0213777724964555, 0.0012432167995497033, 0.003588411619401374, 0.011920653613571603, -0.020549682575545944, 0.010726938503746961, -0.044505181651782036, -0.030739734376711673, 0.02596201202944268, 0.04548526928051216, 0.0021285631573367534, -0.02270544152923039, -0.016227768319328074, -0.0035919106299540315, -0.021957569097977744, -0.018704689872854216, 0.011806327123727164, 0.018366778646352302, -0.0039567861988747625, -0.012781308634489163, 0.014951130503218482, -0.011569790107385241, -0.006243705455968946, 0.0006215187594335425, -0.005562048017150055, 0.007902840080316295, 0.0036395011702443016, 0.0027968036302530364, 0.005981194075817736, -0.025740532901450328, -0.015150178212358485, -0.0281230105870099, -0.02036757086695131, 0.007291965244538135, -0.03749282243168895, -0.02016301438312427, 0.006963139685130541, -0.03725053155352395, 0.03444519135379016, -0.011547220638411723, 0.016396952459519255, 0.021142256348909767, -0.022264255656237516, -0.011539217184151617, -0.032102249001266465, -0.010736830718377787, 0.006500958480131917, -0.022243853299273687, 0.016519784591807984, 0.031826302239081665, -0.014789661295858061, -0.026578765775191908, -0.03651431986202975, 0.00842796622580393, -0.044534840679293794, 0.009238350825117385, 0.03984216328963998, 0.00023003145867728708, -0.001424828990350964, -0.049202662950120254, 0.0022544186305890205, 0.012452845247922834, -0.0013593153345935207, 0.003963266796810589], [0.009733715904287475, 0.031351658833802344, 0.026843283262240152, -0.06411177226124863, 0.00370837520055402, 0.010327358555327267, -0.008283794108562424, 0.00012036368800366566, -0.0025035149013218224, 0.020732552044468437, -0.005825956184311925, -0.0642929044258271, 0.0013187774267007098, 0.11945493811915929, 0.15637289095219922, 0.0021613490316947904, 0.0022429724346070424, 0.0039812631037437944, 0.0007918903526381499, -9.577225440959974e-05, 0.0006015948677382091, -0.0002553609052484266, -0.004002990833961336, -0.0016915014528584855, 0.003014019084031951, 0.0010801668820359495, -0.003310544027663254, -0.0010257552008248465, 0.0002441026422779351, -0.003071081711300488, -0.00426101582945738, 0.007401941976188751, 0.008893465982583813, -0.013126148843616028, -0.004187996088107402, -0.008697276567782929, 0.0077759566034031734, -0.004441209235836773, 0.014155864015937361, -0.009903573439532529, -0.004168011613323454, -0.0016372498515205345, 0.01700184087587297, -0.028593676696501445, -0.007096945306848295, -0.0071520391738212116, 0.00017416743809779597, 0.0015606647510208011, 0.0012917090760496755, 0.007485693935299497, 0.0011754022094535282, 0.005565387751719363, 0.0014501139744338446, 0.003407405854919303, -0.012939493778100254, 0.0009555200677455918, 0.0027246007521876093, -0.013375308769911552, -0.03805169077286134, 0.03160860350286052, 0.023009312190635057, 0.00380184329144974, 0.022611751389135803, -0.01957146808806726, -0.004216878122801057, 0.007285045728457895, -0.020067580526943504, -0.003194208015553511, -0.0012870883481761668, -0.0032209129455158083, 0.0016719988926462838, -0.032011683100113916, -0.030177475272859827, -0.044112161628232, 0.044474961332270906, -0.003656722656673277, 0.008095808410590355, 0.004801011071729846, -0.017617056871568407, 0.01202386528346597, -0.0034903429824841583, -0.003646776811720322, -0.010352776763936627, 0.010283550781537523, 0.005855724026493477, -0.0024412684421456082, -0.011100147326791208, 0.006160170044843042, -0.07368071557269631, -0.018080129484051195, 0.021846856295005622, 0.010213671798057915, 0.009072085486912136, -0.023728779094994462, 0.004839001956698292, 0.00044602860229841856, 0.004673579099725708, 0.007728910975028977, 0.007378060378862758, 0.0062767650578705435, -0.007380906115958027, -0.027603537430129547, -0.0029472447116668334, -0.06654083467854292, -0.015292905705818328, -0.00533022317566923, 0.004129710583337665, -0.00013044879257550178, -0.011824316796617372, -0.0025560200802334197, 0.0025024860761361603, 0.010136578836402758, 0.004116793342047144, 0.010806277619840573, -0.00802385552638252, -0.002619168569888803, 0.003108020872691277, 0.01433342066024087, -0.026050986210431608, -0.029690417419411603, 0.0075109002039622655, -0.0015595156955511664], [0.020065663477736032, 0.03899342998870066, 0.03992159927712677, -0.09620515463674612, 0.0004291592534178963, 0.010256369925519346, -0.005926603779939274, 0.023108648067473772, -0.004396222086355316, -0.0032324748837678444, -0.009667219063475683, -0.09782341411842965, 0.11819721141750347, 0.15637289095219922, 0.2642239519607718, 0.0047846841396219746, 0.003690369137913637, 0.005418116079092235, 0.0009711759765235397, -0.003230751418568454, 0.0050387490544008045, 0.002319499101953205, -0.005388620750329363, -0.003370583860613921, 0.009465064450302766, 0.0009503648186430875, -0.0046782854686967384, -0.0009542843762673628, -0.0008219758395829788, -0.005154564042033564, 0.0008669021904399269, 0.0028998438693932363, 0.01364929173815582, -0.016824443643201546, -0.005454403521438254, -0.010348494760965696, 0.010255195988453938, 0.006751103611430979, 0.017324364910389304, -0.00967127620226306, -0.0017531909080284334, -0.0029699948206029624, 0.034203165203847134, 0.02693320342255712, -0.03504615429587739, 0.0010553857324105348, -0.0009674536545607507, 0.001545187515381888, 0.0032816284225464466, 0.008014781274194074, -0.010056803865611363, 0.008565450068468141, -0.004409359541593082, -0.002730432991920174, -0.017507245026264884, -0.003996573893728671, -0.0037675875735000046, -0.008420584311544282, 0.0020002256195648274, 0.018766218803923686, 0.04099207047432072, -0.002018842946749543, 0.03102227654945321, -0.02980863452618344, -0.02433110606103264, -0.0015781423636887927, -0.017005075619578074, 0.010273435005931083, -0.008520558318618943, -0.015071563112293056, 0.000724668327196