{"inv_metric": [[0.8244297431321609, -0.02617959476242618, 0.006287594489576593, 0.021744758175075294, -0.053109450479101185, 0.014979312718509816, 0.053649905914527514, -0.07490720765352492, 0.01594520399284645, 0.08966826052981988, -0.029917139480847007, 0.019275038495263953, -0.029496521437363733, -0.032338043545224106, -0.010285171735027573, -0.003308099601258436, 0.011781080627108996, -0.010816071272316175, 0.012928833146275874, -0.0002221377459292695, -0.001982553609880975, -0.027567306022253626, 0.014015093585749804, -0.004388430357611563, -0.008782309149464106, -0.003688096471070443, -0.0019432055850302319, 0.006501229138394286, -0.007206904993894301, -0.01286717764847305, -0.019235079736842672, 0.031311281594125724, -0.01387818950487457, -0.016648734376677146, 0.026210693514041452, 0.031235236634821275, -0.0008223601739478188, -0.0021129694229939312, 0.1082438093518481, 0.009170175045261726, -0.007894054055243429, -0.07818486341768867, -0.04085875047580448, 0.03434984448708147, 0.001770324354621477, -0.043643167310542665, -1.2953856625298356e-05, -0.06787954185541213, 0.09382326095695664, 0.005446072750070315, -0.028379449188474827, -0.11690569635020896, -0.014918383877483265, -0.06618796295136609, -0.09471697528681877, -0.00788959500418207, -0.005681381362091232, 0.00784757482173948, -0.0009679957150859962, 0.05423409671319768, -0.041333727297737086, -0.003437236688324668, -0.02196718306881566, 0.031599285515064884, 0.02725434068864748, -0.0034195861618231613, 0.10373081832152231, 0.02094098238991513, -0.04231290871178243, -0.02624710009275936, -0.01488721231854404, 0.029816204719984196, 0.03229888933873035, 0.03838994026199246, 0.14004000714950043, -0.13574897177090234, -0.0370184025813398, 0.014850258239614554, 0.04443994717984609, -0.05438746930487597, -0.03314509290909654, -0.12047305721469138, 0.07221033120638498, -0.033327258007984854, -0.057884127079211145, 0.07073198761027852, -0.06465225606595455, 0.14257533517662327, -0.029469833527494566, 0.04418550286459017, 0.05429721689502862, 0.024453328669892846, -0.07820025126696552, 0.02369952834591572, 0.051444998763745836, 0.032640734344493716, -0.054506507660865004, -0.04755741155928423, 0.04525199743680786, -0.009026296120947299, 0.013552148970030455, -0.11753642304965212, 0.041687870985296104, -0.01061344569672786, -0.04706605767791377, -0.016868170601232708, -0.0028257017922723453, 0.03134800290723289, -0.04602925253338389, -0.006099520085584908, -0.009351315097582007, -0.013581544810307645, 0.04572228549867383, -0.011455227569768849, -0.008381773740161929, -0.0664569540872741, 0.06001907598309578, 0.06547719685386535, -0.055471069351028086, 0.023732700120164183, -0.020852885057512257, 0.012033000124463839], [-0.02617959476242618, 0.7540295131381756, -0.22904478893191227, -0.2147339121075841, -0.02571115948387192, 0.06304050991597175, 0.01344964319859712, 0.0855821469329652, 0.06832500483357144, -0.051990572357046266, 0.07840164176232337, -0.09955348133089463, -0.030190403696243314, 0.009638413008644464, -0.03347200686738774, -0.006446559700432578, -0.009517444315024397, -0.006324562239866896, -0.006950520775146126, -0.01845502487330459, 0.005618048950879204, 0.00866340837738765, -0.0005482313700192737, 0.0014213000892585046, 0.0117653053859513, 0.004875778921469168, 0.0030850895431157673, 0.0023295120511379577, -0.005658819125245299, -0.0032853966667122938, -0.01879167928705218, -0.01448008672249545, 0.023107694719590063, -0.0634322589602187, 0.009384989283748401, -0.03349013467408497, 0.013565768115648679, 0.025362502945984283, -0.06335714684627472, -0.10030657760984932, 0.06044139732605822, -0.01723965368344489, 0.030623988034648504, -0.11156826218243796, -0.04987997443928274, -0.06680745873101707, 0.02349067381128015, 0.021200339682872132, -0.032942316010136204, 0.006343494859167485, -0.05284950256267214, 0.003542267807590998, 0.0748372463088231, 0.06067652816995629, 0.05166742343514079, -0.0789690496932253, -0.045317309342847986, 0.04027455676818016, 0.1372760422070958, 0.01822047951907585, 0.09224183031547505, 0.008897636403064872, -0.07362465751121128, 0.04347927640687926, -0.030860497402566734, 0.04678807270838842, 0.05624532787996705, -0.03735437334711515, -0.06696777223762411, 0.026208887751827583, -0.004283495818938399, -0.022975233139438254, -0.12074549462495039, -0.08020610700321505, -0.016192183058711427, -0.06250927871330371, 0.01158602700123983, -0.03583488362208734, -0.006359054827667044, -0.012129616832190838, -0.044846171002039775, -0.06552170314631396, -0.015952486417774768, 0.04796714722280258, -0.09187826343838601, 0.10147448428996424, -0.11054313464584982, -0.029408389510929715, -0.0690023757172566, 0.014883935636145313, -0.032255153028885764, -0.005116925423630277, 0.0023831126390097, -0.023175059515241674, -0.09463554967121221, -0.015994001960545876, -0.03926402499200054, -0.07605524610079328, 0.034215211640937306, -0.018079051128703, 0.023420441961622112, -0.07077567547771099, -0.07479032330773606, -0.007415608513616336, -0.06018075935587237, -0.08637026063254061, -0.07160915768020762, 0.0604023039018826, 0.04030654451812793, 0.006880941602027277, 0.0022435482474168476, 0.07820526403599076, 0.01575639598799627, 0.0296351173113879, -4.5720876103599955e-05, 0.09245646751031407, -0.018686601387511746, 0.035306414024111214, 0.07743340702648027, 0.02889451361978656, 0.03103229888769891, 0.01768705369275659], [0.006287594489576593, -0.22904478893191227, 0.7011833366467951, -0.23039309019320212, -0.017690849637298466, -0.04024401136111102, 0.04700557649557744, -0.04470100524246748, -0.027471812234664845, 0.03850604412334599, -0.01379190169075834, -0.06889341870301277, 0.02505035476215161, -0.063223722685463, 0.01910778574119756, -0.010036896566491657, 0.015076499371389452, 0.006923584544393176, -0.005100813591271316, 0.007572919019887979, 0.004262522612835023, -0.004263756597114322, -0.0049238218109189215, -0.004998077177321703, -0.003376715894545355, -0.005938479385516061, 0.004522580499180822, 0.01417199387113943, 0.0014642876312983809, -0.010156262862897563, 0.03549544837952009, 0.045441996490837945, 0.0021193565846703757, -0.0006806192521239302, -0.005552124137634457, 0.05258706944014053, 0.01369527746363151, -0.021084463328791343, 0.09633107998429945, -0.013143499917729269, 0.01794161545623479, 0.050883568107374336, 0.020354752224731567, 0.08624633093979055, 0.03438813957547542, 0.06318190096207596, -0.012175587579021091, -0.09327505353679776, 0.06751434195372351, -0.09054862932967132, 0.07324536390902067, 0.037683483757638664, -0.004187859713233891, -0.0814410423776286, 0.02646074319916305, 0.012541460631816794, 0.10153807464137118, 0.04052453692322061, -0.07395584790964385, -0.002801268798485074, -0.08600713408119855, -0.059638987914797596, 0.02888212315588494, 0.015455036110614495, 0.06713110765375033, 0.004387191925116227, -0.046082114434173364, 0.03978016026202375, 0.017976636676346653, -0.07745540178908822, -0.025598231657827063, 0.058937104870397494, 0.0519424567959267, 0.01991806829014518, 0.0751192166262114, 0.009858253136399592, -0.02421219156181473, 0.05575455570373235, -0.02755117595300333, 0.08877151228356278, -0.03331921459898382, -0.012699152543668135, -0.005889088499487263, -0.024624183686755195, 0.03675994817085318, 0.03567064547865217, 0.03310489361440007, -0.025708753524958865, 0.017593642987182703, -0.03037759911307272, -0.05856927716912251, -0.040208915797083605, 0.015573746069301163, -0.014678280226328489, 0.12494117716582846, -0.019160938834750056, 0.013433016002285756, 0.07320912191244146, 0.04437685539164564, 0.03502245067924243, -0.027495838688176927, 0.0025718058325161753, 0.07087091854855844, -0.016520869511451323, 0.11039268233895888, 0.025718380570449943, 0.07762069599055632, 0.007820726094388435, -0.06914425943864026, -0.051882218791069676, 0.0454702448304735, -0.016609514332809088, 0.023190110880658713, -0.017817323115064357, 0.08814002207846303, -0.036386517994803504, -0.007776109256083244, -0.04098119092814189, -0.11217376132093533, 0.020013408412411726, 0.02401417899244106, 0.015470934623034635], [0.021744758175075294, -0.2147339121075841, -0.23039309019320212, 0.7127357887681894, 0.0676396696882416, -0.05109699844240313, -0.003821122558411606, -0.07570958857545257, 0.002817068592691633, -0.019065395506364432, -0.09255091155481296, 0.09803518105054784, 0.013324390789639628, 0.059991109779515966, 0.033629760141578514, 0.021632564867517853, -0.004038968369790616, 0.0009989806505260818, -0.003495969737252006, 0.0020321749601509456, -0.005044768980432439, 0.0012254133718794576, -0.004892264027436488, 0.0001583402197306491, 0.001174098969654793, 0.003218998034521749, 0.002377436258451992, -0.013590226163955742, 0.0042880021950677, 0.014909634984045723, -0.015140331619396893, -0.03401297060599221, -0.008764030422885009, 0.04023069848094816, 0.01649626780566223, -0.01910806321033343, -0.02790561133842735, -0.010131796097615912, 0.0015845963337497505, 0.04331711622893727, -0.08490301111209511, 0.009601456024230418, -0.038665328234835455, 0.028525690844644527, 0.01648552849741314, -0.09558516135535315, -0.08360819968385556, 0.07850967556914223, 0.009117516488032986, 0.014424221494401937, -0.026005350294744052, -0.06664589527368847, -0.02921555412675834, -0.004059156449224792, -0.10319750993672726, 0.032955211956567504, -0.06530998414127039, -0.048783730945567844, -0.03406832959128837, -0.03876147012549916, -0.024643284627249174, 0.044177420324843585, -0.040280093800255885, -0.033342489684809705, -0.027738999205701748, -0.03133792286106458, -0.04689112356203974, -0.03259484549341622, 0.0454473365306431, 0.019704951942218607, 0.03270292206617559, -0.05112400931793666, 0.09733801934560497, 0.07749914398498657, -0.030289648763565505, 0.05742747587279933, -0.0035094684861813495, 0.008338169111370464, 0.040829632307997396, -0.05873130930137568, 0.0513742082195961, 0.02484972273707093, 0.0032134750670957564, 0.02462534239975414, 0.05062018069295696, -0.09484348555246565, 0.04439842413299493, 0.06041110750488869, 0.07926943935169779, 0.012181594642645401, 0.04644548847660549, -0.0022745741526873564, -0.00971031548520824, 0.023801693737728915, -0.036348805796904034, 0.04717199791115523, -0.020887923867254774, 0.01271312704209646, -0.037857502988930994, 0.029746603077496818, -0.013438733502151513, 0.04379034673864587, 0.01872789128332461, 7.974053357964922e-05, -0.034294020902984106, 0.06963289327678457, 0.037749763884804284, 0.0027822547320591733, 0.026172792982185278, 0.01060819621096438, 0.007545432204962216, -0.05822235777568203, -0.053600013410782354, 0.007902026437973862, -0.05775261857616856, -0.06676954035970899, -0.046183017669438935, 0.0104109666531012, 0.09498141977173954, -0.054650791281112714, 0.001167830979486033, -0.001852188453763573], [-0.053109450479101185, -0.02571115948387192, -0.017690849637298466, 0.0676396696882416, 0.9108820851900102, 0.01728185181059056, 0.01817836454565455, 0.1328511649513892, 0.004750381918911597, -0.03945277589356975, 0.14166187073574146, 0.024302393209970026, 0.04697384975009756, 0.12741144026941142, -0.021817101845507114, -0.005735906254903227, 0.002880137786215646, 0.0009792214639639276, -0.0066898474676395795, -0.006837876583818032, -0.009619137619796297, 0.004633851698807899, 0.03526513319968072, 0.004894102194850169, -0.009627273509598622, 0.010345232253780636, 0.008611172818261506, -0.024553402697443272, -0.0007325738229047575, -0.016252120056142117, -0.07394635789082031, -0.07094076016743503, 0.07706579484524026, -0.028616412663168327, -0.09424944444477824, -0.04283127297651125, -0.03222746899270846, 0.04231341263649198, -0.030839307112504315, 0.004818144053791385, -0.040123806887588064, 0.01463074819527817, 0.03376281979782015, -0.04498802051651442, -0.0378932046483048, -0.163829209656112, -0.10790147216028441, 0.05797093582182227, 0.06768153638893327, 0.0817952103199832, -0.03851759564611434, 0.09835510802638903, 0.014861694841122623, 0.013871484590341683, 0.03699267831987606, -0.012601400569872193, 0.042504062486286895, 0.03762363962348031, 0.07829837967976604, -0.03518967496839837, 0.011696961167722187, -0.04396629169535605, -0.007179979256655035, 0.06128602457111972, -0.023203412645477553, -0.0005385816232496501, -0.036842869064898844, 0.03305792112693776, 0.08061826114478145, 0.010051406578784644, -0.04906594210552448, 0.03932032561491143, 0.016552867722470117, -0.019115999196124264, -0.08809823832362362, -0.011058159014821805, -0.012632247062651996, -0.011262182861147628, 0.056199728087753524, -0.043132839127934704, 0.016623337482314517, 0.019807955526073336, 0.04609410703252403, 0.0935653255797477, 0.010532980008326951, -0.1256576158460618, -0.07129378166594913, -0.03939651147605231, 0.09798914635937118, -0.08143674682028318, 0.027027339510087487, -0.10741062653836453, 0.038402357528995526, 0.07479109712230053, 0.0052790989128528075, 0.01704231093192633, 0.03834809102870885, -0.15413427474768732, 0.01946704187022118, 0.06751319988143503, -0.09736748836694258, 0.11703371256379486, 0.013417520310619416, 0.06798208370981086, -0.009631926826750308, 0.08001333035994314, 0.037842641629315464, -0.013324067420744967, -0.02444008337772642, 0.02450326034366393, 0.00689150529917415, -0.09030802564876735, -0.022644519183019362, 0.008435348663539436, 0.040432271679623, -0.060709443745810755, -0.1122005232799399, -0.08088932701323168, 0.05162465072719994, 0.0048953808117119905, 0.03242130868961275, 0.003946551640075747], [0.014979312718509816, 0.06304050991597175, -0.04024401136111102, -0.05109699844240313, 0.01728185181059056, 0.5141581017750201, 0.023543046172944043, -0.02445164807330921, 0.014290211576738439, 0.018332243709222942, 0.07084195292436729, -0.01182807533109534, -0.0003145441868055732, -0.032466650082704725, -0.0025507650124490704, -0.002764112705201017, 0.006018648823062302, -0.0008407711904257944, -0.0013266473412480962, 0.002079164881029749, -0.013368717999751771, 0.0014505431371978881, -0.0013643085106044151, 0.004500774341772648, 0.0015753995967772553, 0.002216484391471097, 0.009523646655959983, -0.0027773949252865534, -0.000752581415283929, -0.009657706127899722, 0.014957366452950822, -0.06421727993114151, 0.04184559775620713, -0.04354085934166421, -0.0287169485640714, 0.01737788708223046, 0.016242976872464624, -0.07541146105621707, 0.008491507834461193, -0.0046068625779364224, -0.0049037241162592045, 0.07538978845293041, 0.03513305456889022, 0.0525604479617426, -0.06144423097850459, 0.03122940139168305, 0.11016593138161082, -0.027498505056532504, -0.025551956663263844, 0.03597998659776002, -0.021703986562736005, 0.0007096589493042678, -0.012162977217573668, 0.023845883061660467, 0.02239355560798677, -0.0023565604510917266, 0.024073449353444493, -0.012535987164834665, 0.026229536732785524, 0.061582345140059086, 0.050836464848140826, 0.031319316709376474, -0.020324814792373146, -0.047282280332730686, -0.043345825905891734, 0.017565286007666957, 0.015331981488794217, -0.04732148425944845, 0.03024239847291665, 0.03525445116317363, 0.020639428734030855, 0.07740426790337418, -0.01638622909736897, -0.008673456903740185, -0.01740794375363568, -0.005170470540475811, -0.036263343569034046, 0.0565677347838557, -0.0416243899508326, -0.008439067042388119, 0.033385142636006206, -0.035445729213143665, 0.04907036037422468, 0.054550135842015096, -0.0031947280413426654, 0.05568067945818116, -0.06623761834065064, 0.02390703184553304, -0.013437890584152732, -0.010458950975861794, 0.06023546260216571, -0.027970356482844586, -0.017019107715109876, 0.03188239471243729, 0.009886051927034555, -0.08992130161488002, 0.03705023836321909, -0.07534548311128837, -0.037562604591153875, -0.006205799850136381, -0.022461969800334165, -0.02533407007995522, 0.023372779278245267, 0.012744248843231113, 0.009021298920300274, -0.02708739206363792, 0.004709110153708476, -0.025886086992677467, 0.023514196855064808, -0.08392435714306504, -0.023403134619582645, -0.031289549345546355, 0.013926972043319798, 0.02030951668356568, -0.04217949601867957, 0.10296079307129165, -8.217580617377692e-05, 0.03931223502142112, 0.007814945740943336, 0.03602696319955328, 0.011785472258887496, -0.007397970260518084], [0.053649905914527514, 0.01344964319859712, 0.04700557649557744, -0.003821122558411606, 0.01817836454565455, 0.023543046172944043, 0.9393603933771184, 0.10244675948562228, 0.04699365920300791, -0.016097638569130365, 0.046582540143881544, 0.03846989805333543, -0.0023116839896261043, -0.019046938737451967, 0.021578646590445345, -0.012093394946376762, 0.011589087166168008, -0.0020091776046513277, -0.012691245347684036, -0.01213730229697733, -0.0013332202678996896, -0.008035926104727972, 0.00699387495758965, 0.003524528668089614, -0.00681697706075726, 0.004434491906200865, -0.01459457979053107, -0.0031912755500384644, -0.0038588069636814326, -0.012787835789161749, -0.056674851343019673, 0.0944912539205304, -0.008317822308804896, -0.035456701057272916, -0.0881122560770883, -0.04378712624291384, 0.04022534317917465, -0.007527287308738755, 0.023716453591672584, 0.03727123448989862, -0.004862215974198761, 0.06692811180717526, -0.05977292609338357, 0.06972055990898574, -0.08885252932517804, -0.007886321202162927, -0.05781792877819421, -0.034199689696259014, 0.0795763225574274, -0.041775528404924434, -0.053859184146069765, -0.06368359393633391, -0.013471821388986676, 0.042151594130553256, -0.06781764383499403, 0.05423499970151897, 0.053287093797962336, 0.10599615193132568, 0.025017041057546527, 0.013861765034895494, -0.053861554396038666, 0.0024067286992602937, -0.021320041316681658, -0.03666260536364064, 0.03047997244283593, 0.013226506472939029, 0.027662543581936164, 0.0017358814884864693, -0.0017179091558963248, -0.14486323636221085, -0.14001927452329763, -0.027629745700254386, 0.007931728685889651, -0.11046820157717484, 0.10475258151470344, 0.05461051788008513, -0.04566055233792382, 0.061582803372215715, -0.061076783251997106, 0.023739006445439855, 0.024392474531262313, 0.004853877928503135, 0.027149933471701023, 0.07402622761677272, 0.028568926596735506, 0.07314546972510513, -0.03632396596331793, 0.008923578941577833, 0.107775646771944, -0.08087104794812826, -0.06108272266146293, -0.05138835098946373, 0.054900135766065276, 0.030414428405330728, 0.0401550553946465, -0.04124952651603776, 0.08158480413372621, -0.06272339968726184, -0.06973748499185814, 0.04057337511395414, -0.05004791389566596, -0.0022427901828442533, 0.060268107213999854, 0.038853583779754036, -0.03134884890887072, -0.009102789377577624, 0.0033859290804970433, 0.028063086784073325, -0.03472611582750974, -0.001478489850968823, 0.026539379959881534, 0.07724341812273608, -0.0004111941424347543, -0.06427798848581502, 0.04189692503503407, 0.07303422302245113, -0.021310763701440086, 0.08727223529001668, 0.09445881972293939, 0.007320902168792456, 0.016962613016052713, 0.0019267912157100548], [-0.07490720765352492, 0.0855821469329652, -0.04470100524246748, -0.07570958857545257, 0.1328511649513892, -0.02445164807330921, 0.10244675948562228, 1.1471919732210996, -0.04078526302805403, -0.09167771010135241, 0.013253099341833, -0.004228397937893596, 0.14876554479979226, 0.02059225229535915, 0.008492027520837511, -0.013207896428614967, -0.010669572659346474, 1.2800239795490618e-05, -0.009948109263380482, 0.0033269031000526823, 0.0170355515682363, 0.0021171689104991223, 0.017694277380716758, 0.016349142441780158, 0.023595415361254323, -0.007584537169657928, -0.013331528983688187, 0.0067311338799022225, -0.0035574468887549816, 0.013096135801394466, 0.03701326851861342, -0.009130426545871958, -0.004265070027357706, 0.035351745078108905, -0.06821062814342094, -0.08441944484709278, 0.07371378153124203, -0.08928173577959304, -0.017111196350443905, 0.03963902798270945, 0.04904247976596023, -0.0007552378476961654, -0.06491316075104397, -0.06117026048299505, -0.005306611077844648, 0.04889786747722746, -0.036617235332673435, -0.04261532749838176, 0.08028724399868649, -0.032252717257022896, -0.011566058870798392, 0.022962653662619924, -0.002097152100332349, 0.02181104441214775, -0.02272882867592986, 0.007524052388708412, 0.0719403671306991, -0.000648048295200229, 0.10313525942709942, -0.055411017134750565, 0.05164294994166551, -0.09961834392027948, 0.12723907812737675, 0.006806500633240636, -0.017556827608608064, 0.06512780406335908, -0.03729450608582882, -0.04225861981501288, -0.023850108294912215, -0.023280310526189636, -0.04469602308545757, 0.02088394295704238, 0.058082928823163515, -0.003876028466385249, -0.029009973127406777, -0.010769861220967894, 0.13568026738162936, -0.05898376267534627, -0.06926216487882854, -0.10345146524526175, 0.0069324667986852785, -0.0211040067307188, -0.05278612575907277, -0.011870904197272145, -0.13167671991537558, -0.08757355674395469, 0.032358581385590265, 0.021360207649922355, -0.06415137572652901, 0.0007537886774157483, -0.11666837950324373, -0.02583892490154927, 0.07382400255069181, -0.02835722164878194, -0.05433574038801833, -0.017708768439985294, -0.0009533650492634404, -0.08014766381290228, -0.02296370683270467, -0.06490462484222752, -0.04047368026192988, 0.10920460664342356, -0.06129755299824444, 0.047371335749834285, -0.041445593855484186, 0.05690282812249999, -0.029239195733378576, -0.004342798510513238, 0.006436249329064258, 0.06586323142029829, -0.01658622745311202, 0.05648574282718686, -0.050804234300609166, -0.045582432984892764, 0.01902014774613138, 0.1076109691302997, -0.08975059435653472, -0.03476514449382328, -0.02619290939591604, 0.1737045516495799, -0.033443408793131284, 0.023530918611144376], [0.01594520399284645, 0.06832500483357144, -0.027471812234664845, 0.002817068592691633, 0.004750381918911597, 0.014290211576738439, 0.04699365920300791, -0.04078526302805403, 1.0040333049182386, 0.05502180621488493, -0.04269369006983375, 0.024197797600416522, 0.0007926130727754182, -0.020155128047438294, -0.06042704134234663, -0.0019010025205304145, 0.015993139377669965, -0.0007962298926391969, 0.006362601978886892, 0.005021255745435061, -0.008082532495342564, -0.007032110738708926, 0.0015231486773921378, -0.0050857976019258065, -0.0177508634921158, 0.007813219310017574, -0.0031600094024875655, -0.0022883495675819717, -0.0022872387692554176, 0.004095311413160391, -0.09843811677507247, -0.020048521956535423, 0.01590741777574337, 0.027912042041757918, -0.036179708193365516, -0.052163881786768444, -0.014675381095571509, 0.09431556831966395, -0.03194277626677256, 0.06282109542107539, 0.08340311483588056, -0.013264848047708337, -0.044978094591957556, 0.02485833277702703, 0.08971612637927634, -0.030587354033425072, 0.007119067601324475, 0.03218556010702962, 0.008062289384439661, -0.0335203670273984, -0.05280490089918546, 0.1003025039406785, 0.01589291287393942, -0.04202850602001259, -0.01432003718972825, -0.05301856500364113, -0.14055569739734505, -0.0147024473741568, -0.13034690412632718, -0.028732545193827105, 0.01628274112409571, 0.03024460998415482, -0.07434420067976961, -0.000921700789897686, -0.07928736773147065, 0.03284205653062187, 0.018834063170646186, -0.05451646806663933, 0.039419558938451726, 0.014436558267973965, -0.09870902606595706, -0.002693734460839764, -0.11216780574353542, -0.04405754204458597, -0.04073276905811254, 0.028734806535901748, -0.0567842946635289, 0.030368259357863144, -0.031291379433634275, 0.17148707768762614, -0.04028549619409149, 0.0044063719328884645, 0.01014586393744099, -0.05611149812247887, 0.008251932918571396, 0.014746492982929257, -0.062220545262660375, 0.024731134912373602, 0.0230090610062767, -0.004245536925207205, -0.007749994136350491, 0.07581067982830496, -0.0909441348463982, 0.02437650918949993, -0.02426537305179872, -0.019703671886797412, 0.04648919216653403, -0.05270542405532191, 0.030669071717844085, -0.12786166626551052, 0.06591151502525514, -0.05761404873131686, -0.08127762475223194, -0.007307849747525006, -0.02454818902018179, 0.023089715902868253, 0.04130347363349915, 0.0317863600340478, -0.0319616332614703, 0.05922267054459016, 0.011221882086300263, 0.06045394757429392, 0.017306692044165402, 0.07266316796509253, -0.031079812041589137, 0.016478168054431988, 0.11806949954978462, 0.06325801695960358, 0.008185076849579472, -0.09178161678120407, 0.013762151129111335, -0.011410661930965477], [0.08966826052981988, -0.051990572357046266, 0.03850604412334599, -0.019065395506364432, -0.03945277589356975, 0.018332243709222942, -0.016097638569130365, -0.09167771010135241, 0.05502180621488493, 0.9622599664648227, -0.0033908009225352906, -0.05322468467190469, -0.047015996244577786, -0.025395590525970842, -0.06824048862254378, 0.011047810127883969, 0.0003155276994787984, 0.00700022054468716, -0.0008649364021151029, -0.019470760985327355, -0.018276838375938766, -0.012123648460487278, 0.0005707474064960744, -0.003624397226068992, 0.001285903790500143, -0.012836919802786126, -0.0013608427239071746, 0.009234928916804714, -0.007919861227839746, 0.0123186901929745, -0.08352052906631183, 0.05339513689166068, 0.02511553498137847, -0.07837222740494452, -0.08090446862648203, -0.05766633015662645, 0.05346839988921407, 0.05901068935159121, 0.06157191673508109, -0.017216518652533496, -0.14201334893357212, -0.06868915295215605, -0.03834072922316111, 0.014769003771223877, 0.01523880968073907, 0.0582386152664274, -0.049678419021944926, 0.02814094072990702, 0.05967474765496465, -0.0925844261567499, 0.06208031933956456, -0.15568444881668464, 0.03191996502201821, 0.027955169179891475, 0.059938782153288295, -0.19933196346275786, -0.03276206005912189, -0.03377125153516274, 0.06606591420991423, -0.0013141012079038324, 0.12915610403949015, 0.028805358350490983, -0.03855241625786063, 0.03860469246555605, 0.011608892198960427, 0.013798483727713546, -0.02260710219200322, -0.07494938694516456, 0.017622225075444795, 0.07361902564439943, -0.029356742956959822, 0.055182635773686255, 0.01803252975242391, 0.13288247442947937, -0.007347425636437721, -0.06171937187567599, -0.05754663218904234, 0.03278469279054327, 0.042098989445999956, 0.04919232810308286, -0.1386418414632651, 0.03860719499169189, -0.043293835643426405, -0.02876454589180899, 0.02646409850537978, 0.052393289867868856, -0.08856305945106395, 0.05143949960345863, -0.07943409105585696, -0.05550278262255718, 0.12367767818626071, -0.036910478939632, -0.015302999690677919, 0.019138376380443897, 0.013988797378217191, -0.05052784827076545, -0.028298895775791002, -0.1287813806489606, -0.09774081050103756, 0.07164231740766251, -0.09828607113957485, -0.007777104266026902, 0.022820246302239836, -0.008323871842374556, -0.134441470220281, 0.025226974133029417, 0.049944172558164635, -0.008020994847400528, -0.07409748110007017, 0.08031418565684799, 0.019111161957663002, 0.014328187846817959, 0.04425402005975679, -0.02051479021138482, -0.00449068191028622, -0.035402077138036545, -0.014069968848350795, 0.10576423487684326, -0.010216262955320866, -0.11478767056685739, 0.01963969002916167, -0.03259150230260564], [-0.029917139480847007, 0.07840164176232337, -0.01379190169075834, -0.09255091155481296, 0.14166187073574146, 0.07084195292436729, 0.046582540143881544, 0.013253099341833, -0.04269369006983375, -0.0033908009225352906, 1.0275808745294375, 0.16767347099637284, 0.018105645112246438, 0.11386211914437999, -0.03809350236214194, -0.01668913145625528, 0.007729142187882369, 0.013807189697592462, -0.016525802529522828, 0.0047223800797442355, -0.006830621293484801, 0.008579245419894466, -0.004603890389577438, 0.022217049636870295, 0.0011126664553599292, 0.0026951074772448773, -0.006460973622661965, -0.007952427625928746, -0.011237827559208649, -0.0006085709413560012, 0.05867381057914766, 0.0953602047826934, -0.010232528772153552, -0.11166197735253791, -0.012685200919682402, 0.05564399715583595, 0.007393053252686579, 0.03600941483337551, -0.07531570919171607, -0.063484079583118, -0.04474326933884566, 0.011961485447309156, -0.06654595021234276, 0.034066291741270904, 0.012196895094049236, 0.07199445602022231, 0.05432858086470347, -0.07859000360583127, 0.036946057585852905, 0.0016797513245880183, -0.08746395846190454, 0.041053901743532475, -0.07396475656508232, 0.01433904242874866, 0.09638461715372053, -0.0703418800085339, -0.023408706169051014, -0.04538149620947676, 0.08068363447580242, 0.06473239298845428, 0.04330122549197453, -0.12029451916471746, 0.11688461881455646, -0.024022749218606268, 0.011109595387373047, -0.016656945838742818, 0.06745156355107373, 0.07769667606009416, -0.20906180441352012, 0.05157408753393483, 0.07082226379516385, 0.0589416017030603, 0.06733447677500069, 0.06847400857427166, 0.058436999692951984, -0.0037173414528671755, -0.060294635671679586, 0.04312028456584658, 0.007714537512838609, 0.07190901073466012, 0.06463291896916148, 0.011868238355484366, -0.06769070804658023, -0.024544508424869712, -0.020838099349260442, -0.14192389036528516, -0.07398634663536038, -0.08074598479558269, 0.09914165216067634, -0.13077318225599613, 0.06707019538243872, -0.12043982386977127, 0.07772296431760878, 0.011452277410793068, 0.08603937329070308, -0.060241036048914294, 0.02709504746657328, -0.06431393629167646, 0.003245094635375373, -0.04555114764533949, -0.12227386676515252, -0.053033303058997734, 0.04911620428168819, 0.06398987859223056, 0.013452549968283233, 0.018677285318708634, -0.028358829384073424, 0.02037069568720752, -0.003723825577763973, 0.05770720954114058, 0.006803140893746613, 0.038999325421994475, -0.05942453117809621, 0.09390512502660558, -0.018563923936656963, -0.007186005221774101, -0.07502386156923728, 0.06555953788407946, -0.10759683741896257, 0.04965965204429668, -0.01705137276581163, -0.0045920445876696065], [0.019275038495263953, -0.09955348133089463, -0.06889341870301277, 0.09803518105054784, 0.024302393209970026, -0.01182807533109534, 0.03846989805333543, -0.004228397937893596, 0.024197797600416522, -0.05322468467190469, 0.16767347099637284, 1.020073697902235, 0.09868600142550517, 0.013718785496781679, -0.0023230551414111554, -0.009826355306280586, -0.005599235408888547, 0.01423399746286417, -0.008079693047963821, 0.0025045885512850912, -0.008924322688180263, -0.021864277465708733, 0.01868990697089233, -0.002031712592288477, -0.0024668989058376266, 0.005049290599145704, 0.009822605113478032, -0.011484711209448432, -0.020689167291360566, 0.009456888506101418, -0.09574702361500587, 0.07280706615152457, -0.02399013915976137, -0.08187866529855864, 0.012946515459484999, 0.034367578300294195, -0.004063684704209653, 0.06639856801771034, -0.07806216520996978, 0.04081981165269142, 0.06621284086470766, -0.12221660211810735, -0.043550814859946996, -0.03142881390195739, -0.11694878608270314, 0.0021334565384506115, 0.018642012385299892, -0.029750224385663805, -0.0014330886151316146, 0.009890503548235438, -0.009097676254959615, 0.05124732585843809, 0.011788937322848386, -0.024404462663559542, 0.02355206700961697, -0.00992780488151572, 0.02569556249711411, -0.05448749094138712, -0.10896257323478169, -0.033194938521778114, 0.04175256139315006, -0.16028965006300783, 0.06032826689305317, 0.0058217424908450655, 0.046046640842669316, 0.010569820311031385, 0.022814766497612396, 0.004829748849438953, -0.08117788540763467, 0.0014083789133154587, -0.026778821945852904, -0.014579220745467433, 0.08877043851659322, 0.09020413760907034, 0.04947019388393686, 0.0645789101963324, -0.03848689028501547, 0.016145913643073953, 0.004870332555670202, -0.04090074573887841, 0.06388360549580792, -0.015873592320806543, 0.1006089688294628, 0.001424295088895057, -0.046641156100527444, -0.07032503892592418, -0.07449821213047877, 0.04399541021730414, 0.09506119659610972, -0.060110811052232475, 0.07630036652323205, -0.06663504980444468, 0.05303801699726616, -0.005086936480138261, 0.07110634497859485, -0.021560329290037, 0.10043572370139844, 0.008437177608945192, 0.11667034613175284, -0.008175362745980462, -0.01307528301680263, 0.053031378878246146, -0.01088204830293623, 0.10465612414880389, 0.007107842023687627, 0.09236261665403774, 0.05321859169009753, -0.07391254093982416, 0.03230615802929593, 0.10220818734636264, 0.010785708830453397, 0.0643475957644806, -0.0981895816495504, 0.028791878883490617, -0.05945529338515677, -0.0937258316391439, 0.03605635283297198, -0.05838432002437639, 0.05758079177540604, -0.004146716037901598, 0.01427352262622844, -0.02125664754189774], [-0.029496521437363733, -0.030190403696243314, 0.02505035476215161, 0.013324390789639628, 0.04697384975009756, -0.0003145441868055732, -0.0023116839896261043, 0.14876554479979226, 0.0007926130727754182, -0.047015996244577786, 0.018105645112246438, 0.09868600142550517, 0.9488829517420647, -0.04578053032424847, -0.06457501336524733, -0.00802294988227849, 0.011398615146505298, -0.021333941334010807, -0.0034190388852287875, 0.0020563300434493933, 0.016062633021915892, -0.012082507259638647, -0.0058244120654041935, 0.00017547388824718375, 0.02118142225034106, -0.016927755162853907, -0.009180688592622981, -0.004498949667011296, 0.0025468223229835507, 0.0031122991228520486, 0.10628742965428895, 0.037457894422838915, -0.05208525402498587, -0.021133655314125963, 0.03416787545355005, 0.030693472118176496, -0.011518516139175311, 0.0226765904526684, 0.055789448557067016, 0.026539083336408156, -0.007118342689726011, -0.003101680676225072, 0.06680341636626094, -0.04609051697902904, -0.050932451968167994, 0.012902001368765098, -0.05149024289670415, -0.07391165933751163, 0.10497172567575137, 0.07999948814012418, -0.029475251050878525, -0.034197181114010586, -0.013412847865566749, 0.020175566765306605, -0.007610442605472522, 0.03303276252576552, -0.015093904304143865, -0.02667770602759889, 0.09998992062371051, -0.018295050326310177, 0.04969985111777153, -0.02673698463683158, 0.008872322722429342, -0.012597227263069048, -0.12786159766963742, -0.017042539424087327, 0.018485935234658225, -0.02712418227558524, -0.014143209460015101, 0.015791762307234957, -0.05625921425386102, 0.03835414853520701, 0.10863761109581828, 0.11026459804171743, -0.009711887058009948, 0.06203013352484036, -0.01497506095042796, -0.04470244294497117, -0.0037718885721780403, 0.0819088971476597, 0.05984874002389952, -0.08337799206633915, -0.021706380374907106, -0.062231089094251416, -0.07703322364970576, -0.020707963675269447, -0.06834111793329575, 0.02658386103205854, 0.019211202931547263, -0.05158989472141471, -0.06361272719371089, 0.011633733480931835, 0.05848807973966564, -0.08449044720236097, 0.04085282449937212, 0.07040333716053312, 0.03541610270230075, -0.08730659728684924, 0.0026295304954978825, -0.055275797059728925, 0.036820591338491124, -0.05905202152493583, 0.01656621526414294, -0.03261582342391118, 0.024708387717114987, 0.08533001365786942, -0.03142429812734571, 0.03207420452943279, 0.010785857209786805, 0.09331913579953506, 0.09538379662689404, 0.06283247833678825, -0.03390454240669475, -0.00874613330376402, 0.026082537019545455, -0.07929531696884341, -0.1085439604913578, -0.03132324499781599, -0.0013880276311153603, 0.1002426563034121, -0.007821255484729766, 0.0022912762812663384], [-0.032338043545224106, 0.009638413008644464, -0.063223722685463, 0.059991109779515966, 0.12741144026941142, -0.032466650082704725, -0.019046938737451967, 0.02059225229535915, -0.020155128047438294, -0.025395590525970842, 0.11386211914437999, 0.013718785496781679, -0.04578053032424847, 0.9196431514516434, 0.03588800351309135, -0.01411820906962597, -0.0004860314007702188, 0.012712454833346935, -0.006661903933197216, 0.0026721699869747292, -0.00739071413737207, -0.009452460880368614, 0.013106734088999265, -0.013415945168093536, -0.012311592411202, 0.002649130236412118, 0.003336407452756401, -0.026541115912452996, 0.01932454673869077, 0.004587984265128685, -0.03857349641661787, -0.03009302213226869, 0.07296861883933882, -0.018093243934974666, 0.030917531677176594, 0.002336674520220828, 0.013520092703468857, 0.01750056110013298, -0.00864696484628535, -0.01260199708680166, 0.0043093955193559495, 0.09453359536193139, -0.11090236950853499, -0.009628480570094824, 0.007013988482217879, -0.06222532103731759, -0.043144505445848635, 0.04129160443457206, 0.00959193439384359, -0.061685960423220415, -0.07093776920144304, -0.0065102484547093905, -0.040731914964340574, -0.0662437509500384, 0.049752203201506355, -0.03774859880532532, -0.04106616470746176, -0.015854286073195438, 0.06591068168034635, 0.06910722421291365, -0.022861572906967362, 0.06107132566084803, -0.04434993484767135, 0.022902031432013633, 0.06242038032147869, 0.01300452003396914, 0.048066804765901396, 0.05009491957444459, -0.024689852142184037, 0.07150510583850028, -0.008901201637153324, -0.0710213707390143, 0.07135813548317486, 0.02592544226204296, -0.07600526850282496, 0.03322014452237786, -0.05538659319000888, 0.07101452133717222, -0.008020797807555173, -0.11459518130295855, 0.052321957996480574, 0.05326345665617111, -0.021389580750426674, 0.018488636803415778, 0.004959990562272227, -0.0511602443723087, 0.00784019239800808, -0.046451403803694766, 0.030052113730502705, 0.03317241640550649, -0.02601113915732397, -0.047234343609198856, 0.034686816577495824, -0.034480696973394794, -0.0622475114871387, 0.02221527501353649, -0.0269938202724058, 0.012696799763960405, -0.00022193459644604695, -0.0041013511490334675, 0.00844718810022332, -0.009269986469304138, -0.12663023351776517, -0.06645544013642252, -0.029650379973445655, -0.021823062064527388, -0.09852707671840573, 0.014401421511366837, 0.07185198650804282, 0.05220148076486775, -0.06123300928237097, -0.1546003284643053, -0.06467172443068743, 0.014876901525008408, -0.003610577624590172, -0.06071539642465826, -0.04833683498260445, -0.05956763787963812, 0.04327206236634218, -0.0031935020624128474, -0.0027595432331353827, 0.037789519291631775], [-0.010285171735027573, -0.03347200686738774, 0.01910778574119756, 0.033629760141578514, -0.021817101845507114, -0.0025507650124490704, 0.021578646590445345, 0.008492027520837511, -0.06042704134234663, -0.06824048862254378, -0.03809350236214194, -0.0023230551414111554, -0.06457501336524733, 0.03588800351309135, 0.7775772193391249, 4.263794982391631e-06, 0.00458722022542578, -0.0059002210907752, 0.01620786262266658, -0.028794469536372568, 0.016565479131261152, -0.013615333566137752, 0.0034708567658439404, -0.012374667192024786, -0.013612758994931607, 0.011228691247199198, 0.01970259610936786, 0.003742443892100366, -7.811659221927185e-05, 0.002780953127631251, 0.008867636809355262, -0.0039143772712584984, -0.0001889962757832671, 0.028439081648423757, 0.05805541250325694, 0.016907411745993188, 0.017182648132223123, -0.10624813107202459, -0.03381130006591255, 0.06123869350473143, 0.060355674760574615, 0.06717117901205069, 0.03227418485870488, -0.06691750483735875, 0.04264652329313686, 0.011682851479729481, 0.004677424994238428, 0.016446207520504474, -0.012740297867450944, -0.017313270203137915, -0.018879178179322283, -0.08249325921856218, -0.09013753695590943, 0.026150390910521598, -0.06353692884746275, -0.0162687094447831, -0.0027221113250203285, -0.05395920569400934, 0.022957378194623786, 0.06423156446874141, -0.010813513461485446, -0.03700340584017166, 0.05777456710215942, -0.03028225220868416, 0.033275249553452776, -0.04026978443274172, 0.01784369782291836, -0.050314454374775136, 0.06503937374942217, 0.08685624056232383, -0.019498445717800184, -0.06201112787116152, 0.05565199705509393, 0.015703800489965895, 0.009631225351772615, 0.06574523179234291, 0.01879058071608277, 0.011491531249921307, -0.08043970770843983, -0.023097304566648783, 0.024394035241472396, -0.072954795406532, 0.02043446707529281, 0.05194919258483686, 0.08060937038822637, 0.014645175163334126, 0.02203856223916617, -0.15520270698630606, 0.09063105102912336, 0.055728788146431445, 0.020924266297351602, -0.014635679496987422, 0.07940705822362752, -0.0801150397264516, -0.01045011542003979, 0.07748056429877342, -0.1381714194086548, 0.050773928852698234, -0.008057077814219353, -0.022315428916720403, -0.09726320593446151, 0.09406231088248157, -0.03388411438970863, -0.021831434490432372, 0.06115671251198896, -0.031390309409868755, 0.010522134068204639, 0.013299917318192297, -0.07577994969870537,