{"inv_metric": [[0.7791599735293406, -0.058161689838451644, 0.00597567196751908, 0.19888180562280794, 0.02611794461152699, -0.030512660487665866, -0.011119818998475268, -0.024046117434210586, -0.03878128077731926, 0.005308216168841222, 0.17999503994078522, 0.08794742743534155, 0.0404727800812433, 0.006847736533888507, 0.0020292567372292595, -0.03538117160025002, -5.102467573741006e-05, -0.005465996693944856, -0.006124322314189294, -0.015896534364905048, 0.001528799179433527, 0.009588341426155403, -0.007518652465236027, -0.008699176492601522, 0.003322702337941527, 0.0027869859218206824, 0.009618514685407382, -0.0017256528089183913, 0.012070243475007193, -0.002689641594156381, -0.03721426088224034, -0.07856207649873932, 0.1180195278744261, -0.011489586479523948, -0.05308110135124878, -0.008671441937890562, 0.029437416859254637, 0.046235848033039685, 0.028864320582289372, 0.05028740054273824, 0.08153015007712158, 0.05830622745417236, 0.07019742190343232, -0.01593587469774286, -0.09705988488595953, 0.04175282810115799, -0.0011875942547254121, 0.003616787578607164, 0.054040061143498117, 0.037985736606099045, 0.05069117384370703, 0.032521784207712214, 0.026088422276082605, -0.01769075265921643, -0.08613763804663559, 0.10412359792549462, 0.04901129852446043, -0.007393587318326595, -0.07564674259864854, -0.06747583114281702, 0.04735156769010023, -0.04440223960034869, 0.06775883771598216, 0.057133270457536064, -0.08127518660280372, -0.011888370088810139, 0.03480072943094936, 0.10703485055554873, 0.015399881999336378, 0.02532079932697292, 0.1023090231144042, 0.010303363829112079, -0.004887488660325023, -0.0034702195797065654, 0.0827323182744779, 0.03304129468941528, -0.0030166800612439794, -0.01935278015604415, 0.07964229382896454, 0.024101165610183398, -0.034421169792913445, -0.04450522756001098, -0.022845660768929858, 0.055852443493603444, 0.007936903562712152, 0.047773800537545166, -0.0031890616240595874, -0.0566209919492024, -0.028564016804381025, -0.021909978770001354, -0.03348297441595086, -0.061767405860182006, 0.019124988016971895, 0.0719620508973795, 0.043519244631995864, 0.025794451434261376, -0.0039624525179198355, -0.023289726745714643, -0.07381606359675096, -0.034006153633345276, 0.0031696848023109953, 0.01517602650515198, 0.013074830780839977, -0.05404652846764794, 0.045868562721649166, -0.1372194280840114, -0.09341073650284801, -0.024630512468279776, 0.024137171708727066, -0.08077808406345444, 0.0006750954443833217, -0.022452112626027206, 0.05073512492271247, -0.028395115603405418, 0.050206033916809834, -0.005488019041140576, 0.08969895305710239, 0.08167740622300634, -0.013766121908017, -0.0435424446995485, -0.012055851567505018, 0.013099606914658031], [-0.058161689838451644, 0.6574251813524806, -0.1883892200804801, -0.1740630870556186, -0.014001816120246646, -0.01306773080994481, -0.008280882691298815, 0.06069654844858054, -0.004472610501814123, -0.04841842868917935, 0.11126377726021623, -0.0003509074484222211, 0.018564032688922115, 0.029458060886173948, 0.002392792709745738, 0.013107812061846132, 0.004197493677049809, -0.006684984018674975, 0.0012456222477712263, -0.023135594951536765, 0.01581169276627188, 0.008323657691039786, -0.015221982051896777, 0.0013920452354266154, -0.003659767204303989, -0.022787013780543836, 0.011486078685949624, -0.0074357984293692255, -0.016015241134098326, 0.007731731206719857, -0.040056860533765976, 0.0074236992995809015, -0.042657929593588, 0.05602096446187726, 0.0361580013920909, 0.005299447734576348, -0.002570461941908663, 0.03408407201489888, 0.006889690726613822, 0.03944172548392461, 0.04906978207384358, -0.05217086271559353, -0.05094162511246128, 0.0011840313016021628, -0.015919695631286, -0.020246792184647186, 0.0011634222778647786, -0.03346420472793685, 0.03608597962835031, 0.004196503692098693, 0.011533300952206215, -0.0031634589889342314, -0.011048496756035945, 0.01171705275039145, 0.019038620414247653, -0.016152059786060106, -0.013051083978399491, -0.04096476499363778, 0.015553365524833947, -0.07362346052591992, 0.0008614611082047816, 0.002156138178247357, -0.03823500576698527, -0.0016255854841617423, 0.037597898695620115, 0.007259554849266978, 0.06042659427555784, 0.037405818881483505, -0.0677121125722357, 0.010346568110127545, 0.05273002662522152, 0.033800981557283, -0.05406615272676226, -0.08784681086638715, -0.046205846153566765, -0.025059530447314862, -0.08048458012688219, 0.0058646639821929285, 0.05206124181789706, -0.05381738819966746, -0.026807078923351737, 0.024907010121403773, 0.009564311352261868, 0.02431783642832143, 0.09055241657305987, 0.04479743196780494, -0.0011091799564305702, 0.0008416211902936013, -0.021439560227470053, 0.006206866675233869, -0.0018786438269635735, 0.04935168688241913, 0.016980706136487615, -0.08005777764055554, 0.009620263225809268, 0.01726419772209273, 0.04186083688740176, 0.015816070192624154, -0.00012859105627969377, 0.0020419810003461545, 0.08653510694971651, -0.052732270924967656, -0.08371531291221385, -0.012478549337877645, 0.059852809934116215, 0.021295144196762043, -0.08032508822246166, 0.011531668199175433, 0.06169173920172618, -0.009129698641377186, 0.03388382417928764, -0.00037422892087511574, -0.048262822277223165, -0.034467910519729444, -0.0684164045675181, 0.08521292551043994, -0.018719105781651747, 0.06029397544479551, 0.07631186237973842, 0.013884850525622822, -0.008397475837562833, -0.0012624052567285422], [0.00597567196751908, -0.1883892200804801, 0.7663327657352773, -0.30427481298874576, 0.008016123446045789, -0.016071788994339753, 0.1176580118677123, -0.020254608736542293, 0.012491358554746198, 0.02165625280344647, -0.007216886236401734, 0.047537932273871875, -0.06771383812946333, -0.0018931531680135272, -0.0627663949752711, -0.007199364073506525, 0.010545410906961865, 0.010365759048220319, -9.993957989476077e-05, 0.022377706029765874, 0.005171834099606297, -0.004572944063305833, 0.014451232945424554, 0.01510192199458396, 0.01186174619561327, 0.008136205579152659, -0.0018021550917137479, 0.02664620663326214, -0.01175772801764408, 0.027075236721672818, -0.04183464992547209, 0.011504230133312397, -0.038339395659566, 0.0010933663449935996, 0.005539098800844336, -0.0316358648748885, 0.023380306870567132, 0.024752730051638354, 0.015201742287257593, -0.01123653446087647, 0.04001681524145158, 0.120915481130987, -0.02834516528442467, -0.09998715339452775, -0.04172515880018421, -0.0513474154543261, -0.03363285949063204, 0.015005257027539848, 0.06009094825746041, -0.084429370159582, 0.018643143225869803, 0.04349435623887389, 0.02511750914280577, -0.02323749930946547, -0.0013733490297168722, 0.04682890515100802, 0.04467252272175518, -0.07600114640510168, -0.057463538546390726, -0.02156393987194067, 0.03764049741853462, -0.00013087680898069587, 0.0006634142605498774, 0.00408731472192575, 0.04052747971240201, 0.005608021654221029, -0.010595593899908412, 0.0084467830249588, -0.023719553169995935, -0.028817736797622378, -0.004708816170782222, -0.07054969451430677, -0.05240387970849312, 0.04417813863260701, -0.032941609981449446, 0.03993600701622691, -0.044005876903642764, 0.08256847898387595, -0.043805220540480846, 0.030844029333232995, -0.01073229551241357, -0.08086429098906808, -0.06580644287077284, -0.036068350148211636, -0.06294699927371787, -0.033227047121463515, 0.0011856167355719868, 0.039450619884901755, 0.003059882171729662, -0.03732388523559858, 0.03197738857057083, -0.06439995423757053, -0.0316304112514631, 0.0850725960304547, -0.008503717047282946, -0.013979967269797701, 0.05234489844818173, -0.013080615024437097, 0.09973606745415725, 0.03617552465292282, -0.004634728896814978, 0.026787079633265605, -0.0012660036407450125, -0.059094457539613975, -0.10492504439807603, -0.038759449221138866, 0.033931164970285824, -0.04926743871238085, 0.02193075630178194, -0.03337711178533354, -0.033994672438373785, 1.775187255754143e-05, 0.03829847588398276, 0.042433750551210674, -0.06808281707327966, -0.02394795171781191, 0.05945277194195458, -0.03552966721509754, -0.08702859252792032, 0.01941857158485717, 0.016385063882457977, -0.006857901979442611], [0.19888180562280794, -0.1740630870556186, -0.30427481298874576, 0.7257739259458089, 0.02171733072304959, -0.0038780401871325596, 0.01135783471125333, 0.0351986156359668, 0.037989266810754194, -0.0019386269302527296, -0.16613235572780943, -0.04485266495650685, -0.0014676719407964237, -0.11118777631712094, 0.03528271075614565, -0.0076566005586352045, -0.004923430479344892, 0.0009917496855746985, -0.01731403077851802, 0.004211423201443884, 0.000345708787068514, 0.0002912873202149205, 0.004043162731091927, -0.004367301064999206, -0.0022094935801618004, 0.0053093629580764695, 0.012892953706759388, -0.007107760182486424, -0.012679128063210192, -0.005701241076108843, 0.07774148035368449, 0.004471780136983356, 0.07164179822729409, -0.04358506228478676, -0.07576772370041293, 0.026711135815137264, -0.016552555372505537, -0.03973297961055469, -0.028676149680326304, -0.010467374418294862, -0.11779806076607596, -0.07376069233293732, 0.026309762867700787, 0.04466937948993471, -0.019440640462210064, 0.05797876840374341, 0.019729480930352115, 0.08983722205679755, -0.06615883420864571, 0.05345306858481923, 0.006536176497591182, -0.011770834045044195, 0.060788993892869576, -0.06265867964910073, 0.027120732168109823, -0.10890383258070839, 0.0027149257480624054, 0.08305086190419854, -0.01727534866015856, 0.05597211616611528, 0.01180147492370803, -0.039607745381684434, 0.052775861430294245, -0.03082637565394196, 0.01062820233714212, 0.007997546274546845, -0.0036581282277399784, 0.013746317085851303, -0.04547648330449089, 0.05347250486643454, -0.07561424216364535, 0.014778015782912983, 0.0587971146318985, 0.02419167194869848, 0.013478479324834052, 0.04835328874207442, 0.06649884466782915, -0.1377725180093305, 0.03344461083002755, -0.023455672675010638, 0.05998695080179792, 0.0373922689648578, 0.00784260175118516, -0.009642686953030248, -0.006447022427272436, 0.01713356966398399, 0.011227371395710726, 0.007150817900616559, 0.011803211162006774, 0.025803018630324318, -0.009934705965233737, -0.01098720790845639, 0.04459719619897905, -0.022138893211071344, 0.057449656016996066, 0.01840454973132524, -0.02331895817646484, -0.0013195490633351546, -0.06423908218275319, 0.012694743312685093, -0.07377715102841241, 0.07690221283394433, -0.032013667548424475, 0.08930634456215596, 0.09605930632993746, 0.010134761837392264, 0.023834735107993024, 0.037512231574194504, -0.062714902045639, 0.04605411830510387, 0.019425544811580257, 0.01880926933490211, 0.06640196980996714, -0.05369780735483511, 0.014791262947603087, -0.08268087391492528, -0.01974319217235443, 0.004065847631249978, -0.07485710087215171, -0.03904145172847668, -0.00039625413159014993, 0.002258297598577957], [0.02611794461152699, -0.014001816120246646, 0.008016123446045789, 0.02171733072304959, 1.0782145277598494, -0.07331903580081241, -0.04135550787538387, 0.07621619632117689, -0.030240669900073864, 0.11285762059626389, -0.05574268518451238, 0.043035577498356736, -0.03419729131682966, 0.07959442394209426, -0.025082048681394704, 0.0017642079180577302, 0.006819898077068795, 0.008490998164427782, -0.0005516299138033417, -0.004647363123209754, -0.005254372734202569, 0.009313458595044856, 0.0024418235207092427, -0.006512573980510149, 0.015411637859935575, -0.013556853523390665, -0.0028976178842279416, 0.011680190479275978, -0.020236587046638638, -0.01790868636842843, 0.025282761012815076, 0.010433857210243964, 0.031829705414390015, -0.08617195735347741, -0.007440781737670167, 0.005749701850997456, 0.019003120870574985, 0.0618941927145425, 0.07325361977318617, -0.036806636611637356, 0.15936681049856874, 0.013543289623574704, -0.06289931261077457, 0.07374558645427541, 0.05563370776887638, 0.003247838343084266, -0.07317871937506296, -0.008861970804771153, 0.03776030185458371, 0.007774139803479616, 0.08351979933954629, -0.08101138385085946, -0.10534965676771091, 0.023577976132474768, -0.015944581324656586, -0.027042043858492595, -0.02194625943311218, 0.08577237143343493, -0.044309449888368276, -0.018342183982907618, 0.015600018909212615, -0.04308047566206554, 0.11828383758337023, -0.06967974898218889, 0.05848394037262685, 0.0009635775035030269, -0.03285971717539456, 0.14056614201325363, -0.0160104049427447, -0.05931814727324795, 0.020666521309358393, -0.012025628288678569, -0.021788259715617354, -0.08387509307629737, -0.0019065672578361446, -0.036412603436299644, 0.10513178198626144, -0.06945390627370723, 0.013894201488018629, -0.029227002700320474, -0.00899336599133153, 0.031115256475910045, 0.05313903876777853, 0.11121282804025776, 0.058048385218197274, -0.1038890671608125, 0.09009657370567066, -0.03691166736429151, 0.08487712199684898, 0.044563882349453125, -0.011436933104108772, 0.075333933433111, -0.04418930003871893, 0.00867585138593951, 0.11334587564921605, 0.029660585504161143, 0.011535074356915012, 0.07374553016904342, -0.004834265128786069, -0.0019339080005532478, -0.11930778553351093, 0.04557997494546563, -0.04720760409471816, -0.020447277284314558, 0.034580196744008786, -0.002711562166092565, -0.10986127019197621, 0.041529421680087594, 0.10625411931685655, 0.05044973461799279, -0.04192540649386319, 0.005063891880077335, 0.06547471497924601, -0.03224431342322508, 0.043932060330796184, -0.04262918025235828, 0.0029017065457999816, 0.06428107403471052, -0.01584912088986705, 0.0026327381510002205, 0.0022187705805841395, 0.006595417206214294], [-0.030512660487665866, -0.01306773080994481, -0.016071788994339753, -0.0038780401871325596, -0.07331903580081241, 0.48569543641358986, -0.018791722391523692, -0.008772294648619816, 0.024501320753101068, 0.07414134666566884, 0.008646521791231987, -0.04919132541058424, 0.017542773336923008, -0.012621185085721316, 0.015836684790675, 0.011469421946026877, 0.01704417525259363, -0.001096991832290651, 0.006981169200008304, -0.003507402511914172, -0.004191656537379436, -0.0013959739983870987, -0.008202458953018963, 0.022029890980056595, -0.016193065112509265, -0.003957898962901509, -0.0021507405870476613, 0.004839892656611218, -0.004735240177757476, 0.010888028089380655, 0.013523003239789588, 0.014573177023488358, -0.004234830505307792, -0.028301977074095087, 0.035589060627428684, -0.012802331121289251, 0.014182042519032545, -0.05792588183572872, 0.010971725275988206, 0.02587129704399692, 0.03411064809840332, 0.0706510684513271, 0.0744807347285715, -0.0776871556852408, -0.03715552352803227, 0.0037350564879074, -0.019445859632698667, 0.03711415277715015, -0.0187069399720574, -0.013061332524884183, -0.023971689251528126, 0.02934139894857621, -0.026243020797419702, -0.016262371095003034, -0.007189542395556968, 0.02626551676897909, -0.030567319913748756, -0.00041077493303805516, 0.02187052755694732, -0.07521909057553405, -0.006743340059880114, 0.009173009459345969, 0.05650789394621244, -0.03997045879180206, -0.04428854774373434, 0.025121324477467642, 0.010229474919770559, -0.02805041051958114, -0.002654226259839793, -0.015679170230503112, 0.007037422956800607, -0.06503254851915935, 0.0722873103419861, 0.01908071676747535, -0.0037487455111230627, 0.011350435418923138, -0.03128698428628909, 0.016125223345158615, 0.006168392786394688, 0.015757548402043648, -0.07041949432377782, -0.04293112666127391, 0.02045716793633133, -0.0464456716820149, -0.09477649569778918, 0.04777276426673831, -0.06099251357188465, 0.034084230730150926, -0.07152103908983723, 0.023441742315236533, -0.05663249458266038, -0.024674272221939138, 0.01113424370348637, 0.011164721586424068, -0.019651605731632122, 0.03974246195367521, 0.030630428365536436, -0.060051367844046445, 0.017383729664329772, 0.011273482771152336, -0.004915103670488986, 0.039504685793180755, 0.014210978507746249, 0.04397060937798266, 0.031393169690260306, 0.005758549006500857, 0.03134203138408871, 0.030184206666412604, 0.015122554552298282, -0.00934119506653105, -0.008229832258491138, -0.0019396703631054907, 0.03837382498859189, 0.05773456392909266, 0.07107374308192835, -0.04038736069766691, 0.03482843694824173, -0.031700338283254186, 0.0447441605447217, 0.03161942580203703, 0.00038549972275089063, -0.007920256880192147], [-0.011119818998475268, -0.008280882691298815, 0.1176580118677123, 0.01135783471125333, -0.04135550787538387, -0.018791722391523692, 0.9650261179344675, 0.05472530288013033, -0.018936854179215316, -0.006513657153477336, 0.026218495378963768, 0.0040370117831284285, 0.015133903445015043, -0.049031851295241735, -0.012779857664009108, -0.016075727764754834, 0.003756182538515925, -0.0010998011799793824, 0.008779758228338307, 0.02720982168772919, -0.00294996908886357, -0.012946291564393812, 0.019454678308585733, 0.020862948959821093, 0.032670474371772396, 0.004226441479862174, 0.01260699687434752, 0.022745337248075752, 0.002410447682392464, -0.003108885343952165, 6.55837627870401e-05, -0.009135583634354107, 0.008543319808070833, -0.004074405780912116, -0.029836782197260357, -0.06162581575183935, 0.04438955314530285, 0.06649994829368458, -0.01799368335297511, -0.005841810523617187, -0.04849015593626036, 0.025418132977398627, 0.06076876875122702, 0.09310298637523497, -0.1356375910395588, 0.09456625375929634, 0.03438588278361882, 0.05640962525185113, -0.006685844619934407, -0.0121832915842663, 0.029024520471806294, 0.013560885403780122, -0.05577577051997702, 0.02484944166597758, 0.0018536558300737398, 0.039253818706557794, -0.07068318800136242, -0.12348577046030379, -0.11801385473577658, -0.022015205244639943, 0.00891226944684308, -0.009321564979499906, 0.05166006067243439, -0.017344589771140954, 0.010134132479728376, 0.024268114766723824, 0.04162051228580147, -0.08737413780642447, 0.005560379228420128, -0.03684176552755904, -0.06876715356288869, -0.15849612474687672, 0.006026896239857286, 0.0251707851179142, 0.05782781037604318, 0.0518277875795467, 0.01701532489981582, 0.007114931470215435, -0.04101812082669819, -0.08206077882499509, 0.04123136465789434, -0.04302975780686124, -0.03071872480025557, -0.061629667497973876, -0.00851369171480702, 0.005287202544063722, -0.05629458422913055, 0.09127566362400033, -0.10014594149662824, -0.07276336025247247, 0.05854272749098505, -0.11751133108909913, -0.025104736032164086, 0.0732545475313179, 0.050559102447423766, 0.0029117886647844664, 0.037122782662216164, 0.01667655002565829, 0.0846963075482744, 0.10830423084576767, -0.05516941716751242, -0.03504439458495396, 0.07923078934554587, 0.02201442005784028, 0.007254983874464335, 0.05019327681750939, 0.02997909917765499, 0.02191424670248411, -0.03571458122278345, -0.02736221778912254, -0.040991381269361464, -0.059967688498389106, 0.009004081215031448, -0.0029081824551822942, -0.018468478456154905, -0.004295544746202834, -0.10262596404167836, -0.03830479266005142, -0.007640167945697252, 0.04134262723857273, -0.00366213870175661, -0.009772773448976074], [-0.024046117434210586, 0.06069654844858054, -0.020254608736542293, 0.0351986156359668, 0.07621619632117689, -0.008772294648619816, 0.05472530288013033, 1.0424844772858677, -0.03951748388557674, -0.015300608890642959, 0.02617347803620268, -0.09746651122562215, 0.008866346074413516, -0.062476726615428135, 0.037743632974728485, -0.0062253819888986525, 0.03040200007836963, -0.013011189908277127, -0.004464442878937603, -0.0017095811736577314, 0.01355214173979651, -0.009484263319869398, -0.017708957932995293, 0.0067828463537940205, 0.0005449676220004141, -0.0004501092415979864, 0.013326528662308936, -0.005226075193068387, -0.008075416914304686, -0.002783525573428446, -0.042666670225969296, -0.01383813646700971, -0.05455939709296377, 0.019719602874840064, 0.01836382890695841, -0.08751872608788534, -0.031636251469468774, -0.06275310264057138, 0.06568598029813146, -0.047856931996459594, 0.01847580469812655, -0.06261904445672122, -0.07618428472436169, 0.03329229546217396, -0.08126610866412491, -0.058128432488830026, 0.01120230775132086, 0.05729144197397702, 0.048268696658729335, -0.018022443032768676, 0.024201745478419502, -0.017566349153423793, -0.09898292942302817, -0.008244966562371963, 0.0022592575529489134, 0.026750942473194178, 0.015467792985918582, 0.00532475141483372, -0.08097315523611176, 0.007898218995650352, -0.04270572848846022, -0.04243817224037339, 0.04026198171363689, -0.07150971913968572, 0.02409984131343718, 0.056497427650451404, 0.010919372208125165, -0.02435793319623238, 0.023728671712258887, -0.09783748351947681, 0.06041305801134014, 0.008678831347177327, 0.015132882681385499, 0.0016647127478543304, -0.05683400642838098, 0.030984711329215934, -0.0603279144091735, -0.0478700795851907, 0.007814485099839827, 0.02789222881892142, 0.030510096622048802, 0.042718451734239965, -0.004544450429741147, 0.06616080385780404, 0.10062952480224785, -0.10656760434390801, 0.017357075696765416, -0.05850788267567422, 0.09962360263501673, -0.00879644444009664, 0.041451458661635264, -0.03159554473999842, 0.06537177594475653, -0.05593365766942626, 0.014742481056729541, -0.010595376746901843, 0.037115338292776995, 0.013915908708080347, 0.06855913048757306, -0.009796324655152788, -0.027517211463699176, -0.03994949928380643, 0.03061390205900455, 0.0721777127806231, 0.12269325586337, 0.0012929328775658526, 0.005446535096452773, -0.004997796610675735, -0.048312161515246595, 0.06999563769561643, 0.03964231850414532, -0.0012364661221886638, 0.017270478289400495, -0.06627528164613149, 0.04748078311097282, 0.0018867565387890681, -0.04821531345401795, -0.0603833358684796, -0.060542719423451456, -0.104674661105183, 0.003486333124079669, 0.0069953004469054435], [-0.03878128077731926, -0.004472610501814123, 0.012491358554746198, 0.037989266810754194, -0.030240669900073864, 0.024501320753101068, -0.018936854179215316, -0.03951748388557674, 0.41262401171047924, 0.017631907614786578, 0.03033997682506607, -0.001655034293807852, -0.03103453343199415, -0.001121601092788415, -0.0390592296023103, 0.004140034884340799, -0.016901840964959076, 0.0025039478589881864, 0.018307272771264194, 0.002473907897889907, 0.01202048526758128, 0.010838488254840545, -0.004963044490313852, -0.009561724060456593, 0.003048773459160833, -0.002652682367924552, 0.001988392650852864, -0.0030652869124021343, 0.0005253333648887991, 0.0035598663192274145, 0.022828675736454522, 0.01667701501074183, -0.026961477405158845, 0.012111185272652423, -0.0227414298544469, 0.002681062025631201, 0.036915209366822556, -0.03388420300405371, -0.11302377373603893, 0.028181568675019465, 0.02457558020078899, -0.08130724474391911, 0.014035263109030664, 0.008229195192823481, 0.019136458708509038, -0.013073270615835715, 0.007169790677116291, -0.01038250184752054, -0.009940777739759358, -0.007245573344644028, -0.005478194166515556, -0.016801113430320324, 0.058101091007514254, -0.10213380419949648, 0.06208276564431891, -0.008811789859606152, 0.004570936063422708, 0.05268895420552444, -0.02031957922216414, 0.03032240433912494, 0.043159160358786725, 0.005693262465893091, 0.001321496472003256, 0.006900689656013244, -0.002740090253076656, -0.007847903677983405, -0.008469863527354652, 0.012618462632488645, -0.1157803721643289, 0.07294784062409819, -0.024257110972782294, -0.08224276637409735, 0.0011457774973394359, 0.03234643097422585, 0.031935010894506774, -0.03636385963756306, -0.018384127521243656, 0.02279911875901391, 0.011036818735279468, -0.025547498840082186, 0.04200122572189863, -0.03415823912147178, -0.0067581308402799075, -0.06656203922960745, -0.016276998539403068, -0.029779950820933, 0.08451412680699577, 0.03512975237028087, 0.004258129705038065, -0.024362695122879346, -0.02903015635290729, -0.020555368800897793, 0.007891885764446133, -0.00991571224130484, -0.008907941238683726, -0.021206562975014876, -0.018315844480346153, -0.029647180941143745, -0.06719141348403013, -0.019851040520115597, 0.0033274334830569988, 0.0025827986893681835, 0.029839966125485222, -0.003535732636707057, -0.03889074531966727, 0.043450136501899564, -0.0011076348988973512, 0.03505807658054234, 0.0006808330796002283, 0.038515977735335216, 0.011693211991281325, -0.03917045505882249, 0.0032529696739218464, -0.06388439482697887, -0.06159349425173388, -0.004271064214434401, 0.0008922062454933386, 0.04741279388488881, -0.004281161934623783, 0.03566224886814902, 0.0028144564397520238, -0.00799340580932599], [0.005308216168841222, -0.04841842868917935, 0.02165625280344647, -0.0019386269302527296, 0.11285762059626389, 0.07414134666566884, -0.006513657153477336, -0.015300608890642959, 0.017631907614786578, 0.8712902747284816, -0.10824634484815736, -0.03618600601608226, -0.04309350041038743, 0.03382571593764268, -0.0173235917258407, -0.02273191495602841, -0.00043566988331676155, -0.0063214292208706915, -0.003404725940630846, -0.016817575548107398, 0.00036437420941876807, 0.02308558156866222, -0.007655635417883958, 0.012830394275680758, 0.005499868514070844, 0.01061860485369481, -0.014370785724030112, 0.012309290075679062, 0.015747602320695664, -0.010164312037829578, -0.0013053159423643383, -0.042092950201414535, 0.010382471817360673, 0.021740409203155932, -0.005047151189324917, 0.030667327761101777, -0.056534314835275996, 0.07982495969341022, 0.09869579603408225, -0.014774633504808312, 0.03925039547669742, 0.04856812755696808, 0.08990785127552259, 0.0032177572797585804, 0.004279094202131491, -0.005397017169960485, 0.0797285049379865, -0.06383487269154878, -0.008837344403963917, -0.10446705760665244, -0.0034673709316900957, -0.05943860454777426, -0.09900890859330452, 0.003267148408660792, -0.05557750065900923, 0.005596802099479814, -0.05407956637371521, -0.03808319780134667, -0.02292883081698041, -0.04389439124958009, 0.07721324266971047, -0.012612886833262438, -0.02309521431742753, 0.01726561721478546, -0.11670130004928744, 0.017799920026693002, 0.010226291817415705, -0.06203106041989043, 0.040932769840321966, -0.056865516882805126, 0.04490781511361268, -0.08221516927331006, 0.05073295378588876, 0.006223736783640747, 0.02150310247511716, -0.09808880548198448, 0.02234400480555387, -0.0019395499814569917, 0.026133508987660533, -0.00801324479352366, 0.0010703819751031714, -0.009418749133277837, -0.02893028695244285, 0.04834182286021819, -0.027340232034185362, -0.07662348488997708, 0.06821636600686451, -0.0009138484326178523, 0.08942232201221878, 0.03235696443673019, 0.0567825678690882, -0.010121476279607832, -0.04953692153150262, 0.003914096888288846, -0.012864778861206017, -0.007575592579570904, -0.0597135249556695, 0.01094453236342417, 0.024541001794697325, 0.10712446056138844, 0.04610553206847849, 0.038388588603063545, 0.038798995018022996, 0.055984548755961004, -0.04686829866821425, 0.02336065331410974, 0.01376436479865665, -0.015405750221856477, 0.005267824103979739, -0.06989538688951014, -0.013629265330907244, 0.055061300367645435, 0.011644566180324042, -0.008646278955056378, 0.0555888048250928, 0.03113962267027698, -0.019123226196863366, -0.025385689284560375, -0.0026743443935499434, -0.009800077260396084, 0.006535660208604414, 0.006530719063072749], [0.17999503994078522, 0.11126377726021623, -0.007216886236401734, -0.16613235572780943, -0.05574268518451238, 0.008646521791231987, 0.026218495378963768, 0.02617347803620268, 0.03033997682506607, -0.10824634484815736, 0.7603680548932203, -0.0685910635765395, 0.008826577884026701, 0.04767124128210615, 0.0044132384267836725, 0.0018949270527210767, 0.004175960042703393, 0.003385679720217111, -0.013524874693008424, -0.01576407540792407, -0.002214044764721421, 0.020653051238526537, -0.016736444771964155, -0.0033246009212962967, -0.006054704892284082, -0.005396668125552223, -0.0018726723526873643, -0.021537320261125703, 0.008696591694863249, 0.004532555820816738, 0.027760194468472783, 0.02536325292132328, 0.00852492644449365, -0.08701431047009543, -0.017751961180629675, -0.0652321055499177, -0.01846922713887907, 0.013762478259029652, 0.018545916458108064, 0.01844155607707313, 0.03577954680144721, -0.09907429942144734, 0.05528991450563621, -0.00841277809813215, -0.059748408885769023, 0.06054445732158845, 0.028612824894651587, -0.08288587424328037, 0.015171019204733365, 0.028604759914459488, 0.06319916175018854, 0.03451645557885358, 0.029518756189336186, 0.024544767733856537, -0.12741937413912421, 0.032274242444177294, 0.059978879616605876, -0.06903658881985374, -0.028325929525373647, -0.03874709252618686, 0.08336551094126902, 0.02411909864986361, 0.04196871371291304, -0.019123054024065795, -0.07139346944031984, -0.009654323632934248, 0.04832431048149135, 0.0695108089292861, -0.021375467569036476, 0.04186790906160056, -0.03946126636956683, -0.05714748547668496, -0.01024411662193402, 0.05076433146089111, -0.054936884488973534, 0.016163750804836216, -0.016404968225599257, 0.032729793740937665, 0.029742323588759573, -0.044973580077906986, 0.02709736791586706, -0.05564215185177037, -0.04957469903220819, 0.01195081270992777, 0.0012328990733427674, -0.09333829674978233, -0.03432351910731277, -0.012489689815622845, -0.02707579441391643, -0.04027202299601087, 0.08795145602319307, -0.013196593667965417, 0.06292379779694156, -0.09054438921320271, 0.004517083244827283, 0.023408999384667027, -0.0011643841944256308, 0.023259943875042346, 0.03246064362465705, -0.03454151230363674, -0.012525287565249654, -0.09581249533624336, 0.07494607906524738, 0.02679276318555349, 0.03719341417243011, -0.06068362602149728, -0.005100511201131358, -0.03842180196377798, -0.057222544655035124, -0.07084453745139824, 0.021734953595605594, 0.01528897220843939, -0.031922138235419895, 0.011078219548675387, 0.03904838792505734, -0.09280986424230699, 0.04733553301243598, 0.0526354854609724, 0.056713264347038585, 0.01506160881387754, 0.0006307511352312567, -0.004498186737377387], [0.08794742743534155, -0.0003509074484222211, 0.047537932273871875, -0.04485266495650685, 0.043035577498356736, -0.04919132541058424, 0.0040370117831284285, -0.09746651122562215, -0.001655034293807852, -0.03618600601608226, -0.0685910635765395, 1.0992142917960832, 0.10474441617169129, -0.013339226527954625, -0.007577956755301105, -0.032014007378945, 0.003014845677766392, -0.0060949905960452685, 0.006455661971000376, 0.005908705513535296, -0.02698198566187494, -0.01115131886301912, 0.01385990535625549, -0.012411081949085419, -0.011889910585499834, -0.002555304982324836, 0.0027283834124907794, 0.03724468964810121, 0.0002855059474796567, -0.009448215316743221, 0.03347592923333637, -0.03618824033950542, 0.06859656622552665, 0.016863565565086662, 0.014621552259539292, 0.021869847689421094, 0.11294765826215394, 0.023848399405611925, -0.047103767282124696, -0.026790565774364426, 0.0250936174681511, 0.05521326493830743, -0.136782874645379, 0.02727990546118802, 0.02839232593912753, 0.030097085581101173, 0.04934773874677256, -0.11919130548499694, -0.020161391161117894, -0.01184108739105357, -0.031176805721286793, 0.05272418454533927, 0.01938889024317875, 0.06564957291808031, 0.036416615497573857, 0.06471562779592387, 0.06811003239789176, 0.01568705571264121, 0.0767618947568714, -0.012721081428762764, 0.1051380251757008, -0.02197239730130441, 0.028222813820935198, 0.04270975449832885, 0.015220539029041767, -0.015735732515408524, 0.0021287028490522527, -0.024014153671531677, -0.0320453970077353, -0.07323128057739237, -0.0676251396321143, 0.05311353166759988, 0.005093214178414492, -0.04947511143991703, 0.03058060594131421, 0.00793653255793921, 0.014210639992133884, 0.08898831686379012, -0.10643237245814031, 0.0246086673076098, -0.010332315925594556, 0.04716845426846514, 0.07766315523897, 0.007063650294668194, 0.008961162272445535, 0.003528512923064561, 0.017978097177132068, 0.0034369246388744152, 0.03841769188669708, -0.08356252026098722, -0.027496597659559818, 0.03228482028485142, -0.06147242844117755, 0.09721767306752672, -0.040945745253993644, 0.054305326782387434, 0.01264728092431496, -0.05478497939065774, -0.0434578860092026, -0.072542490098406, -0.18496608824545072, -0.06212374494861935, 0.02330598700009032, -0.059755417145499916, 0.06062957717002203, 0.052371764167665376, -0.02922728032079675, 0.027441062703088534, 0.039734107073395246, -0.0668139970946326, 0.07331728005794676, -0.09272140203439756, 0.0652254259428695, 0.013726514228183646, 0.03654790149135383, 0.01753120058786973, 0.04315215434307036, -0.00011564631146098364, -0.03800057405525854, 0.00701413633568744, 0.0015146338985159607, 0.007701649024361939], [0.0404727800812433, 0.018564032688922115, -0.06771383812946333, -0.0014676719407964237, -0.03419729131682966, 0.017542773336923008, 0.015133903445015043, 0.008866346074413516, -0.03103453343199415, -0.04309350041038743, 0.008826577884026701, 0.10474441617169129, 0.9621370424706648, -0.012626229423516766, -0.03339373684409921, -0.014466407217051936, 0.006751586311723156, -0.018443068822476958, 0.012084569980407784, 0.013412414355973613, -0.003126179762322509, -0.004153590553155977, 0.012405422270771902, -0.003125086580669006, -0.015612940445969392, 0.023354906936352914, 0.005765112591285083, 0.015006001156091449, -0.003507532317307974, -0.002494794681645572, -0.046106339470398515, -0.05191210238874033, -0.00730831697211945, -0.045307210488283775, 0.05076939261033713, 0.018487671106193836, 0.06889149427062685, -0.005608893121726511, 0.029608245521832825, -0.06421913795464909, 0.04028312944671031, -0.037347170324382215, 0.014808017950561837, -0.03263639781032446, -0.03378002338818203, 0.07133897335253976, -0.023863592743841543, -0.009779140463158066, 0.0028291216466840743, -0.028935658709054426, 0.008252245455291763, -5.8738372091140525e-05, 0.10023643573502622, 0.04394716438618044, -0.05531517689747215, -0.03751297215540133, 0.023076767634121465, -0.00821381768257105, 0.004097065695708423, 0.04214624856347567, 1.2483851683271089e-05, -0.00885968296451467, -0.04249752249600672, 0.01986111571413937, 0.009074098917676536, -0.043807347474591515, 0.0018758571391397027, -0.04915915886364902, -0.005110110258217614, -0.12640312483337482, 0.048619556593343896, 0.07127947989052837, -0.013452120096840946, -0.006884144435179662, -0.02044720439328503, 0.049333136371562177, -0.00069422757167186, -0.040878012878179895, 0.05815615019508066, -0.022879349416521033, -0.04900426592194267, 0.05767437650245903, 0.010917715808633236, 0.004181916257373932, 0.05399328657698756, -0.05211754775822867, -0.015477720387469205, -0.05396325091459406, 0.009821656857318863, -0.04435247584456993, 0.08129609805366526, 0.07947675569019409, -0.057443612524218056, -0.05392689772803941, -0.03180800226421998, -0.05455559707383912, 0.1285138657930828, 0.04442719618467292, -0.03741807859537943, -0.04601758663513534, 0.05714689498051096, -0.0024906383065205935, -0.024768975484719607, 0.04164431732658222, 0.049248280192914, 0.05608472156591242, -0.013302484242222678, -0.0018121571039315292, 0.04924581367078236, -0.06186021246858667, 0.02038306592855502, 0.03974599633324387, 0.10014912951975614, -0.026747889095318923, 0.06465458023296057, 0.03713006746806607, -0.019781619314501543, -0.013040160428694863, -0.032440418785909496, 0.01033702778358919, -0.02306186914336564, 0.004869918114442973], [0.006847736533888507, 0.029458060886173948, -0.0018931531680135272, -0.11118777631712094, 0.07959442394209426, -0.012621185085721316, -0.049031851295241735, -0.062476726615428135, -0.001121601092788415, 0.03382571593764268, 0.04767124128210615, -0.013339226527954625, -0.012626229423516766, 0.9695017765629045, 0.03543312605023273, 0.004904133348935821, -0.01904811220713211, 0.0030277085039907684, -0.00959880078485423, 0.0040912250431447755, -0.011875359126240697, -0.020369344496652706, 0.020285662254060716, -0.0027763400335552323, -0.007305511512993328, 0.004978282214972815, -0.003972582740511111, 0.0024890911113689715, 0.011494836084052747, 0.002965914526963212, -0.044439532622873465, 0.03908701901492045, -0.010470158891183629, -0.022809379919077437, -0.045241979713851445, 0.00021618021796605133, -0.014317241882450487, 0.039106107337655585, -0.054271386926041915, 0.07310364092974525, 0.013529852234486111, -0.1037531160056231, -0.02664593853299327, -0.049028321684769734, -0.0030453759473598758, -0.04006672312159047, 0.052311579996430775, -0.010059639781632934, 0.026730871668818112, -0.06781328133960345, -0.012268150651020156, 0.03245256998177069, -0.0755038103153547, 0.04796838972712886, -0.057797797633305475, 0.08653871293229409, -0.046345644079401255, -0.004879541453976252, -0.0014909268134958849, -0.07881789294381741, -0.007549421636172573, 0.012792695786245749, -0.030712499491542106, 0.033374611584470644, -0.06350056644340991, 0.004516027757856421, -0.04873112699950428, 0.10131286650989861, 0.0073534482136067385, 0.04086584407579805, 0.04219746555589482, -0.05483681176099138, -0.031162894016683446, 0.0013658167467483296, -0.01647400405021531, -0.02366667212685401, 0.021569049703159544, -0.07867689541425667, -0.018767420718307226, -0.05882776596117096, -0.05516518228987694, -0.02253301454725142, 0.026560246778561676, 0.08820755499058378, -0.02142633216453905, -0.0011363946940706447, 0.18179917834723708, 0.07706854555522005, 0.011055350389381605, 0.05883170888098712, -0.0034821704170763684, 0.07889308285271002, -0.01725779591078651, -0.06564875911243988, 0.08717291145242932, -0.040419145245780976, 0.02783206488390083, 0.025261457930378803, 0.014007654102071757, -0.017929582672892106, 0.009756314377418413, -0.06648296852470222, 0.12493507457176371, -0.09707367713578108, -0.02250491120471685, 0.02758599870752103, 0.03595211552614796, -0.06331766506148223, 0.0251339830803492, 0.013133104492313821, -0.00294881779048282, 0.015504917570492384, -0.04744846476771429, -0.06596901278614949, 0.033488442992268906, -0.035939302087595146, -0.0074421695401876735, -0.0030121692650174063, -0.006586725603080028, 0.0651568320447498, 0.005501678322639013, 0.012059200613652055], [0.0020292567372292595, 0.002392792709745738, -0.0627663949752711, 0.03528271075614565, -0.025082048681394704, 0.015836684790675, -0.012779857664009108, 0.037743632974728485, -0.0390592296023103, -0.0173235917258407, 0.0044132384267836725, -0.007577956755301105, -0.03339373684409921, 0.03543312605023273, 1.025349142270202, 0.006673964140974319, -0.009237426751180468, 0.01840421180850545, -0.02753581987796356, 0.014463408741893257, -0.006752901024197987, -0.0037933352941458207, -0.00788939911524983, -0.014874647406059269, -0.02523507600295099, 0.0015036502415475485, 0.007677352138376554, -0.01755052932912635, 0.00783283750057282, 0.016514790012086628, 0.03395381763818899, -0.038561379622692, 0.015799812945455727, 0.013263436095205847, 0.00660659810271617, 0.028998642465572228, 0.03434891264554624, -0.03564048678845694, -0.030219078006459732, 0.05494149995296306, -0.008412870196807302, -0.051101872537164326, -0.08602286044976787, -0.05304607577300547, -0.04142100628159356, -0.02010722666887267, -0.004643386693837653, -0.05381080541691425, 0.004483135865487544, 0.08986630644652396, 0.04891789161052911, 0.08466729553885982, 0.017504817066019453, -0.0812458419442398, -0.014644120212447011, -0.013152803427374562, 0.08743378694807977, -0.03933952151857773, -0.032078723983879336, -0.002573635121183872, -0.055828408511924756, 0.013374595370676728, 0.045441224766359735, -0.030882247753202915, 0.08798469108640364, -0.03508761888793608, 0.04944756247062019, 0.028020464818314345, -0.02988714238867331, -0.014028479946993725, 0.004476946961498939, -0.04189530669753105, 0.051235261679554035, 0.038863390289596754, -0.04534069310261672, -0.0863385140579038, 0.09162057262436575, 0.031308965661263774, -0.01665186980408525, 0.09365529397163212, 0.03628555298601935, -0.06023951280391977, 0.0029665262368380367, 0.0296346434417955, 0.029809481272957444, 0.0027063922327474157, 0.0007286087872087096, 0.04220930594133369, 0.03294591340590102, -0.022720483051742065, -0.014789291113755636, 0.0002983810940604763, -0.019162831046054606, -0.025050174508157736, -0.07966337890133311, -0.005754224143408965, 0.06703464361159905, 0.05878672134308379, -0.04253096638260842, -0.004588957238953315, -0.06511162113435487, -0.005059208841574827, 0.04108496830316827, 0.04787945494497733, -0.0055127427088987055, -0.008219985717603831, -0.00