{"inv_metric": [[0.730788401170019, -0.2670951411706862, 0.20281660030946322, 0.13277328966579047, 0.01856438089688752, -0.05210330116588859, 0.05990624750544918, 0.027673685424174595, 0.0027083226868350346, 0.03193359595356258, 0.033396641802193906, -0.027727243417707638, 0.032618085050929314, -0.0013246577548441125, -0.06958186904192845, 0.011018237771774995, 0.014874826236651881, -0.0001818648876807039, -0.00025672213226826673, 0.007058599786488782, 0.012380282157132298, -0.016850917718751753, -0.0011946562023721792, 0.006564109336741965, 0.00765101593679954, 0.007370429903850271, 0.008851981224844502, 0.020480050210326218, -0.005220053579460796, 0.006987396542263231, -0.1512218275376559, 0.022666128249690814, 0.013473759113085902, -0.006604477053873283, -0.02904121955980743, 0.015366178902516337, 0.020297658777632815, -0.027137895628448767, 0.0018870406235069093, 0.06253217573867953, 0.08701453801861526, -0.08143651175517846, -0.0668825584362534, 0.010524992117669201, 0.02825373807902813, -0.0655703829436896, -0.054662437921181375, -0.004902871289678389, 0.060004776676132354, -0.003560840346698768, 0.0615046734768507, 0.014940925445154546, 0.05259991906636284, 0.011046797875329731, -0.023513792990524692, 0.045114141599900646, 0.03136629641961217, 0.005070829012454021, -0.008267275869250357, 0.012419862019682145, -0.07487995218723312, -0.076939769459487, 0.04835780404379252, 0.08312975404988526, 0.038455044865617016, 0.03394618936423188, -0.0177232196342072, 0.062416601900478916, 0.006752592060428345, -0.011928760521493909, 0.047709921657058105, 0.013534940797858606, -0.017720739460053245, 0.023333050191365386, 0.04567328465136388, -0.03446861021953501, -0.04506559426150047, 0.019287511138805512, 0.05424997863595293, -0.0385432910221093, -0.022607628401464755, 0.018730044420310628, 0.05110804309442595, -0.05768106006704479, 0.07775285974725654, 0.042255946029098226, -0.030668948628850116, -0.054553026474947676, 0.0846692546530708, 0.07173455388727278, -0.011767702842532089, -0.03536046354962977, 0.059394180085086165, -0.022060620393035853, 0.040737325836378936, -0.009499130368485107, -0.12373606117403549, 0.07934674295246907, -0.04156787489378039, -0.03011442414232449, 0.09232177504561921, -0.030600493014147752, -0.06600904807664025, -0.06663389686272403, 0.017742016572412745, -0.09129449779568082, 0.019919463452862173, 0.02424986508740986, -0.012672711785536412, 0.012087809065103058, 0.021140186218570133, -0.01237453418335662, -0.0065832236764649865, -0.014415311058044408, -0.0037908938190384703, 0.12657719896368075, -0.03916790528892246, 0.03466553558189202, -0.04279617788080319, -0.05019627322459719, 0.004377867633163148, -0.0027994116906187453], [-0.2670951411706862, 0.6390476536332024, -0.1767011093183869, -0.1850347330474331, 0.016324792467754493, 0.03829507464181161, 0.0037068593590064702, -0.06151922519889079, -0.006587387194653632, 0.020833654781012987, 0.0715218091638014, 0.0011243825886501119, -0.005582663403760252, 0.021864099815435478, -0.06413476081040735, 0.0042879897416198, -0.0007887972485670395, 0.005408229042053729, 0.017695058643399562, -0.01063962727498505, 0.016577035559891148, -0.01242272006212854, 0.012501562711163254, -0.007531365564752322, -0.015630656413994037, -0.005570166045760083, -0.01036693352918841, 0.012176247626025033, 0.010903083847376998, 0.013238314478313546, 0.010413048966557854, -0.07272502018690188, 0.07855486396636649, 0.017301374851821313, -0.06071960713903311, -0.010927963162103834, 0.007135034724408536, 0.022471296915125095, 0.0196130062709959, 0.021843143119387905, -0.060227818358894514, 0.07695364671534496, 0.007410648737864025, 0.04579771070405951, -0.02248389611439502, -0.055115770506945376, -0.020300023559181146, 0.05228520758273577, -0.02492498492633127, -0.010987813735616189, -0.051769331267925926, -0.02473284662124575, -0.007772299215415543, 0.02433724027316263, 0.03934715981849539, -0.004797368973417509, -0.020163899621386247, -0.004226711797862669, 0.03445833859021482, 0.059155609838218944, 0.01405959860314671, -0.025959622709581152, 0.02911426908682593, 0.016367302502676588, -0.08514969801252084, 0.008901585655328373, -0.021678231627860457, -0.05654235960921452, -0.023503349892150405, 0.0001527774534593741, -0.05815394215379262, 0.003174341677058907, 0.012667550433487712, 0.008362888914299179, -0.026884158505818306, -0.08543833950451624, 0.03132060464747929, 0.020549292477285645, -0.049926299351618214, 0.04046391065030864, -0.005401408806118688, -0.04618563104258943, -0.03824387113783383, -0.007963632987642641, -0.0037712288428537605, 0.018563256908504692, -0.0027189459818122014, 0.0891959919871944, -0.017793034177741824, 0.045267401693639714, -0.001257142219763389, -0.047703735482876666, 0.03656611436594189, 0.025563057383772497, -0.010352532935839145, -0.02706014153139039, 0.0038077621502631857, -0.05373873959274785, 0.09590564371897445, 0.05393703712648464, 0.00389413719203737, 0.03870525229860028, 0.03959539213330016, -0.04484098343404698, -0.08686046852866795, -0.016951455655090288, -0.006152582965799366, 0.03471412147532262, 0.04775319022573721, -0.004559959864499321, 0.021212669769291554, -0.007886692797616527, -0.006889558337856583, 0.024497845094198466, 0.01608418536382422, -0.06011977666213146, -0.044708579597688466, -0.028458261828207373, 0.007119980285790632, 0.0027160629916111734, -0.0008348274376761255, -0.0066608922416991736], [0.20281660030946322, -0.1767011093183869, 0.47999003746360225, -0.10749860415036606, -0.02389008517079465, -0.04592676745162991, 0.07907541096658373, 0.04997267813179265, -0.03832074554195603, -0.05438881312680664, 0.189497965946895, 0.0742792710368536, -0.00024198398725164668, 0.04640102333765428, -0.03407301676061539, -0.009492737301475278, 0.004645058581098821, -0.0032275047533705786, -0.00566596695010467, 0.011279636578531095, -0.01127159181240912, 0.0028987538567791325, -0.010332434102200352, -0.010274561461551738, 0.016063031361129566, -0.00607675073130196, 0.015607883700585906, 0.022105271040765595, -0.010029047406286452, -0.008989383672169496, -0.0012440487070640614, 0.06518359376461903, -0.09583339212430275, 0.02572318376585905, 0.026691014160617844, -0.008279505917467497, 0.010170894812645504, -0.027734712607141852, -0.01539219076241682, -0.0028146071471945627, 0.012585589865778126, 0.010705749255501149, -0.09518265397168894, -0.011180202723055484, -0.031675058470897716, 0.05257892607120259, 0.008088320351969245, -0.05683644420465038, 0.02056764243812751, -0.017371468399308587, 0.01701684573765666, -0.010218447924080217, -0.057683256804510114, -0.017596491042010234, -0.019042218996991107, -0.025140076982291936, 0.04620380419492656, 0.0029866250219400966, 0.04092418050119008, -0.011154363826108465, 0.005200533067050023, 0.05357546820905444, -0.06350369976994798, 0.019371554557232305, -0.006495584682919911, 0.02401023988202552, -0.04735826984642446, 0.018043125339127074, 0.03800155825744845, -0.043661076390346755, 0.08575087197024643, 0.011633498508744, 0.0334402805931977, 0.025507851060021076, 0.07122931602425063, 0.08156519482286448, -0.007655830813773057, -0.05617482426976749, 0.05222943912619515, -0.0007286386208495598, 0.003022070170569041, 0.04732149510801551, 0.015261451730913998, 0.031554312527601144, 0.04283953673011094, 0.026593942755534575, 0.0021006602831878172, -0.06365660406262774, 0.042194897554273136, 0.05349859610143389, 0.038688598968533876, -0.0327982275658929, -0.011776469871294142, 0.019015281082691775, 0.020378011913565214, 0.00013283413907320951, -0.07498075548753665, -0.05359134352645659, -0.07362975828689158, -0.013179356165538154, 0.019799783277865485, -0.05070675252764112, -0.0743863966143117, -0.056041732467066015, 0.11088329391153144, 0.01925454070445129, 0.0661833250194935, -0.04897073672448213, -0.03197132641408956, -0.01769285593334241, 0.01963398507796708, -0.040566752772402, 0.0032563181535660074, -0.029093330440835848, -0.0319571140790359, 0.11805908557422201, -0.021909140525861535, -0.009549142932570153, 0.015783407059127067, 0.020377999039802766, -0.015555271153565538, 0.008582236569552669], [0.13277328966579047, -0.1850347330474331, -0.10749860415036606, 0.5086147113991958, 0.008623927183495623, -0.011006238560236185, -0.025582299859150916, -0.04508220658192884, 0.019929025551584482, 0.008184761813195296, -0.2856996023748272, 0.02060752584567709, 0.0017767602385807268, -0.07223770825436825, 0.025658055895678992, 0.02440143053499702, 0.002569036987933461, 0.01784921476789293, -0.008989530635316862, -0.010098195102810117, 0.004464435474872094, -0.011842698882797417, -0.004024216989702502, 0.021773500179400423, 0.0023680037656012057, -0.030255191028013734, -0.013412621923321728, -0.009634929542313733, -0.008840117894381919, 0.009281419274036454, -0.003556882078640558, 0.031504513790128016, -0.02318704771899758, 0.0036249731317402056, 0.013444557929523848, -0.03288030270070507, 0.02694656391415539, 0.01767708243802067, -0.002599676865249572, 0.03415125769851558, -0.0494305959258059, -0.0753062771969096, 0.010714485056414952, -0.03603233060105946, 0.0859269520386528, 0.03944884712836842, -0.014553519713498199, 0.059784945373371, -0.053501150487106186, 0.04376664447412439, 0.045711671890035846, 0.04149134901523514, 0.05431807718447278, -0.02660411970160905, 0.04604009020818766, 0.028882382355109756, -0.04033065762728034, -0.024934128246462992, -0.05785594171268505, 0.008509726104425049, 0.021228436596135124, -0.009354548823286962, 0.05022107370033365, -0.059929757416120055, 0.08247708885405702, -0.03891408498640281, -0.004168375846625939, 0.010413984771456027, -0.005577124458568777, -0.006497637286537202, -0.020525738663619585, -0.02174087587595387, 0.008674297080724667, -0.014698845099065381, 0.006007014711334041, 0.024539851811892156, 0.031428033528916155, 0.02179700240612771, -0.03621237257653983, -0.12282927005432855, 0.008503611189337668, -0.06068507931900967, 0.0337302334460814, -0.013101316286816812, 0.001941980096498579, -0.029335293629698105, -0.006431051361782017, -0.06560732828527532, -0.004893332583078882, -0.013840287696548803, -0.025410508102831086, 0.029583548254074114, 0.00820909506965184, -0.011248146633999093, 0.006755777586037951, -0.011105380839685779, -0.028015431334554083, 0.021430533893377512, 0.029428508080685156, 0.027007505379010213, -0.04403609691360255, 0.03971431446832708, -0.0615437222849121, 0.000490563831608092, 0.014777551160333885, 0.017095735056828838, 0.005140624412144679, -0.0425592106810432, -0.035753148772576036, 0.001762597997418886, -0.04059995379926049, 0.035700516269427274, 0.036383964190183304, -0.010502142629013294, -0.005215546796867439, -0.07271694672888118, -0.06533191241694346, -0.013291187161414789, -0.032091617896018124, 0.07102322575461019, 0.0007668007567599019, -0.00375923466330065], [0.01856438089688752, 0.016324792467754493, -0.02389008517079465, 0.008623927183495623, 1.0776722709132622, 0.01949082299669703, -0.012175930932240165, 0.018547878629523982, 0.0713565495779282, 0.09311100720217963, -0.04589851039618206, -0.03760451828247408, 0.001881681264601919, 0.13328409011568157, -0.035623095820559045, -0.008095797289414031, -0.010965878812689536, 0.005997529377157282, -0.021735494498164816, 0.00335574050878048, 0.04370835355069674, -0.009610053764432825, -0.0020714731039002663, -0.003011196061302891, 0.00330577315960704, -0.011152742780272323, 0.013358412357434976, 0.014936405676376366, 0.00369724117020178, 0.004534623696008706, -0.09452952200798878, -0.04264367970301249, -0.04015923647246662, 0.03849164734236092, 0.012598517332925274, -0.04003951170057207, 0.017272501792692754, -0.07429867650751833, -0.055119200709636613, -0.14495611444529446, -0.018388562571670555, -0.018803347058510275, 0.11561471548151694, -0.015149021312032707, 0.034993768260145074, 0.027209846570390002, -0.03367906493850358, 0.06097699442060562, 0.006612467941112918, -0.1918193754206238, -0.029539215979693407, -0.038542745434042645, 0.05418617200968153, 0.059207966003054315, -0.042139264730935835, 0.11990026841721928, -0.006788965360869569, -0.00940800164260198, 0.024750272125639978, -0.0196553837644609, 0.0036160999687892977, 0.02934326473971446, 0.014686769624797917, 0.0009495649797771224, -0.04518583478528479, 0.006577698512475259, -0.05819036994717441, -0.03135200634657308, -0.009432821374552527, 0.034367101718430305, 0.07516099935385276, -0.00754073841779171, 0.0852920132265678, -0.032169147495353746, -0.037198040777085294, -0.10112974361575161, -0.05952949649896452, 0.018136391001891277, -0.015557011153308403, 0.03374611294122139, 0.04409506974296963, -0.10254478195281572, -0.06072921111336958, -0.030846880894237625, 0.13253839486037067, 0.03377936357536968, 0.053447771920421806, 0.12798224533795047, 0.0005443652744814248, 0.003998356971396437, 0.032617777243657525, 0.019293071668597082, 0.026676880210129005, -0.06893197389586947, -0.06845763546315299, -0.06917079041949785, 0.02754721463481212, 0.016619395526871486, -0.06423050345102777, -0.07132446301824519, 0.0456918069240435, 0.06875950202038612, -0.1270458934912176, -0.020249838556832683, 0.009744205508471833, -0.04929002755897675, 0.0337767750200551, -0.027693967384600664, 0.0003719049512186888, -0.01541308872387882, -0.03421016948564554, 0.05873248049421145, -0.06315623523049864, 0.024787060143928345, 0.10322093867210351, 0.039672499771652235, 0.062445368666170946, 0.016113642234137245, -0.008838728199448987, 0.02545393501850562, -0.014311599308516202, -0.0020749304856985764], [-0.05210330116588859, 0.03829507464181161, -0.04592676745162991, -0.011006238560236185, 0.01949082299669703, 0.47928549302548656, 0.030056427305522774, -0.028043568468698373, 0.02490590803814644, -0.0711876615323596, 0.06122536087882955, 0.03720279968512436, 0.044487149346604186, -0.013566549980713535, -0.018017171948584418, 0.011982573495880581, -0.0065576485993221086, 0.007757116642352645, 0.011474086298580547, -0.0020666199651515776, 0.010391094477516736, -0.004173498316639919, 0.004420646522391452, 0.009789637294029464, -0.0032234283168554203, -0.018862655546763897, -0.008209780490374595, 0.0033081823603410133, 0.008701340761950997, 0.009575270924724138, 0.05374295738927048, -0.027249703196744704, -0.013147615471471284, 0.008998309016002308, 0.056902870225848536, 0.0020668751922916662, 0.02488648188584145, -0.028259234147106387, -0.031192723493099945, 0.000448703775566114, 0.045079476532358435, 0.04112314651026764, -0.02722413709653329, -0.04682558655221551, -0.036281584206204746, 0.04270844366789592, -0.0073134732386717005, -0.02249981009250667, -0.007405197191989721, 0.008458561695637726, 0.023033871520223247, 0.0074505889162202205, -0.011288226223610765, -0.026915796903484758, -0.033562704984591754, 0.01771861934689664, 0.003399453899492638, -0.0635865230539331, 0.013764746459533695, 0.017503370079717955, 0.0409868666062328, 0.026193813994837886, -0.03491097156400206, 0.026761814448199656, -0.00011754857695751049, -0.0019460557002563196, -0.030918189236051007, 0.024793588510678526, 0.02034489047763588, 0.017354360714178417, -0.010886993769138658, -0.026355218958477856, -0.04766248931064134, 0.026160236460465627, 0.016952967701274257, 0.028232727842879016, 0.006492820667077543, 0.01558739618374382, -0.0012454143177199196, 0.04860280486234285, -0.005528489911168838, 0.014414662195853016, -0.004831917959508518, -0.015226929320129362, -0.08470909423168438, 0.056418203161742876, -0.008991318637657461, 0.04997284415022603, -0.01890125603190515, -0.030280477397488757, 0.00876838920805891, 0.027660138256920885, -0.03432097621274313, 0.035550942780003945, -0.0016877351955236859, -0.02262148595503042, -0.02536335589805778, -0.04693015592145766, 0.010549769156269782, 0.033408625574292965, -0.05792737566736422, -0.01727618807744548, 0.030517436242320655, 0.015664461303188056, 0.03270110995831959, 0.02821687406524812, 0.05619903455069214, 0.016210328194691873, -0.03201247156576027, 0.0071342404051735865, -0.009472401176925186, -0.05073593248641516, 0.06386749766730851, 0.00704681855314114, -0.025392349864087074, 0.034237549788509666, -0.012632752618866079, -0.032603986095451384, -0.026245468847160794, 0.022514349478590556, 0.014738317052881025, 5.937432506857158e-05], [0.05990624750544918, 0.0037068593590064702, 0.07907541096658373, -0.025582299859150916, -0.012175930932240165, 0.030056427305522774, 0.8083723016980571, 0.025096670543034817, -0.05033460171382161, 0.007846403014290931, 0.024193323860508827, 0.0024435354864391495, -0.01618368404399839, 0.047525283136003384, 0.0412126017344735, 0.005700321273567944, -0.0033145247041456117, 0.0061666562515457985, -0.019410432302045335, -0.006227837296623313, -0.007155647758865282, -0.007289932358064135, 0.013796026165548909, 0.017417593030250686, 0.0045226619241305445, 0.006186868220568605, 0.015028371424158074, -0.0008823182527257534, -0.005987773754271936, -0.008062132147591109, 0.04897091000129326, -0.057417718733105146, -0.014387556149363722, 0.025901885008385223, -0.014774782049199126, -0.043137339930518236, -0.02439974480755545, 0.010274685026099026, 0.004936783787401345, -0.07219282514610878, -0.025917002044300204, 0.06416506057036117, -0.10984497990287789, 0.018753838976027202, -0.03413374744458501, 9.169367753939234e-05, -0.015268880732481612, 0.012597760571137808, -0.0043521646629971645, 0.0037573404660858184, 0.015572130126387553, 0.040566087781897284, 0.0042132464560640645, -0.011070651245215538, 0.03683278299326975, 0.04703642085218753, -0.05976243834043284, 0.02402064010681292, -0.03113313424374481, -0.024510890019362866, -0.05513481156227138, 0.012247460846303893, -0.04182109330164204, 0.07016553017033743, 0.023101431616961297, -0.007353109495882788, -0.037586988823623296, 0.07373721292631533, 0.028023766348862337, -0.017074124182777813, -0.08012847373889091, 0.07181474467339172, -2.0185954283740286e-05, -0.0416053388554569, 0.08720026517969645, -0.02570892944959145, 0.04600087916844973, -0.052665366102190976, -0.003927757814928578, 0.017296049386765988, 0.020742367954042724, -0.0013618738909631594, 0.06850925360449012, 0.019735215230565935, 0.11604350030049829, 0.024544948876191543, -0.020687057541537122, -0.0505479452257524, 0.03738776899902677, -0.017843470718800547, -0.04231143205084474, 0.03107967834614841, 0.004325753123858929, 0.021175043973821875, 0.048333190174420594, -0.018203858339245906, -0.05604324883727684, 0.03187417524428387, 0.01224112655950017, -0.009266154852031932, -0.00903594409483029, 0.030978192093604102, -0.013252503454319078, -0.009646233894048816, 0.010272763529596269, -0.009339267059211316, 0.017322066366636177, -0.0043213183992144725, -0.0625045306020843, -0.010707853072279776, -0.02376956154487111, 0.011456785167294026, 0.09055683370259723, 0.060413807475349246, 0.012219774121898046, 0.09689360392397033, -0.08875605616153402, -0.050724032811776745, 0.019996329758549394, 0.06286994774547229, -0.009258271263636425, -0.001674364508976408], [0.027673685424174595, -0.06151922519889079, 0.04997267813179265, -0.04508220658192884, 0.018547878629523982, -0.028043568468698373, 0.025096670543034817, 0.9652144921849255, 0.0019153588291469096, 0.02335477888465583, 0.06152980679937581, -0.07141200136091382, -0.004552592143710328, -0.017030236104289602, 0.04710140377997284, 0.006338881523392131, -0.012675867410305068, 0.010225393587579564, -0.01576974230619322, -0.008136673161603028, -0.003597588180519779, -0.012316131560661973, -0.017463296164036583, -0.013550846703876289, -0.008418507523119132, 0.005925614251390468, -0.003630070761088971, 0.008006660410063964, -0.0031840834628108455, 0.009882849193088631, 0.03891490746326348, -0.0005321545280603735, -0.10225219637222638, 0.03641284209668161, 0.030928135856634245, 0.017571927851921063, -0.09745510764257531, -0.08992483596107458, 0.030390305947294943, -0.009283387569968184, -0.051215863353174844, -0.01883387303475455, -0.11517363973049993, -0.0012475670503775938, -0.030797303184653173, -0.029670133424530506, 0.025242788677947194, -0.06800879203410502, -0.0020203593359311087, 0.023365211328013055, -0.008131732556054245, 0.06681006699726134, -0.0010571362688087489, 0.06345994661918172, -0.040031977836576305, -0.023744627863781644, 0.07320331754158974, -0.0950756167460065, 0.05359025282007072, -0.07842074457712671, 0.040534910857154736, -0.014231026052310001, 0.05116029005073313, 0.029018372868182898, -0.03106782545933315, -0.002623235423127941, -0.0024798205152159448, 0.04169283675736719, 0.02385557729178818, -0.023438248930913317, 0.03444619673320187, 0.014047823402780069, -0.023564293769571178, 0.056498217721804286, 0.006621363845684623, 0.08897506620386304, -0.018033989478940783, -0.0019166407505985057, 0.03565167556357024, 0.004300626072574276, -0.03494879222678639, 0.0221220087328324, 0.06123337618732434, 0.048157380686783616, 0.09173377695356148, -0.013535767410482702, 0.01989152201655337, -0.044380744168929454, 0.01414690304552543, -0.08244257716982044, -0.011099949740998557, -0.03360241306231791, -0.01916348413659911, 0.06985472160551676, 0.073579521192138, -0.055624152036733154, 0.09314018398613266, 0.009955043736325752, -0.06792954842175153, -0.10302499529787096, -0.0848010832626085, -0.003414115171814496, -0.05550235793997526, 0.019565394039400268, -0.04507973387825219, -0.08865459403194748, 0.028014839875250316, 0.0036995426947987065, -0.0314804332355958, -0.017710609398517613, -0.004917431942847406, 0.0005251847531112106, -0.12030558945803092, -0.03572827600949559, 0.038244932861963885, 0.006897636021620639, -0.09455061599200988, -0.025551462055271413, 0.03230000729260127, -0.07509383426816321, -0.01772741249461407, 5.0120838980184995e-05], [0.0027083226868350346, -0.006587387194653632, -0.03832074554195603, 0.019929025551584482, 0.0713565495779282, 0.02490590803814644, -0.05033460171382161, 0.0019153588291469096, 0.2657766431781282, 0.03868210588211677, 0.023858754911601148, -0.04926618756521775, 0.04436653108418648, 0.012247528604288547, -0.03085475412520311, -0.004438255529406991, -0.004213306207066451, 0.0004641212136559292, -0.020977826484189947, 0.003221096833486274, 0.005987864682371628, -0.0075052976187437725, -0.00016183720621941529, -0.031156079543242354, -0.003355804172695959, -0.00949940073738269, 0.007175581091116519, 0.007784130318772496, 0.00411767245916281, 0.0014436686490936466, -0.02863965454429952, 0.011750221650598809, 0.0007609774164845158, -0.0006626950938523404, -0.028121954681037137, 0.024916483571998185, -0.011483295376708084, -0.06523898838920289, -0.13246103952560687, -0.010554334810846786, 0.003086335282278956, -0.02120358152716698, 0.06797546005558448, 0.022112046020880516, -0.026355297234059362, 0.03519985004755169, 0.012411646027827787, -0.0026009533218452185, -0.023840323789848916, -0.037941903029909047, 0.014671419418962866, -0.03686474939513566, 0.04143386425788794, -0.10282299476014276, 0.016415017297862572, 0.0012174932237468167, 0.012422923937125982, 0.008330476028885576, -0.03089604253380831, -0.01388868937358435, -0.021765701229737457, 0.035416983033445155, -0.037691670633074666, 0.002621699683790836, -0.011063100921930203, -0.020643012918978156, -0.017357397041125128, -0.002547953084824335, -0.11268742824274677, 0.06288788672853952, -0.01733796081106837, -0.030031626509680023, -0.0319937011278243, -0.010040835465890371, -0.034709136128027215, 0.028787254840422074, 0.01776339524398962, -0.0003941182312537388, 0.021012314260550842, -0.008450187519754621, 0.007697224312889173, -0.02822616040679251, 0.002246678426370741, -0.11380301426978742, -0.014307113312467156, -0.014246412541241505, -0.02088931610410147, 0.05199897390359062, 0.020993718308411475, 0.004888163356485573, -0.002384281262970295, 0.026204867682870198, -0.03340225700363972, -0.015467825269860647, -0.033795966523676925, 0.011515490642162575, 0.002336819760639105, -0.0378189571605751, -0.09031575257582669, 0.02094507880917227, 0.03710764500662117, 0.02420396468257103, -0.01752037232350441, 0.03246228684910724, -0.02370257954493114, -0.049359495138585514, 0.018523042951179413, -0.03418084675308496, 0.013360431787917302, 0.018832924337612113, 0.039754680300273466, -0.05358846133685772, 0.013392531885560322, -0.11851615303053864, -0.007534194606949736, 0.024721547973318773, -0.0015084313535324166, 0.060928901143441655, -0.020389742339839385, -0.015906803578094052, -0.006244650770643717, -0.0047068765564374565], [0.03193359595356258, 0.020833654781012987, -0.05438881312680664, 0.008184761813195296, 0.09311100720217963, -0.0711876615323596, 0.007846403014290931, 0.02335477888465583, 0.03868210588211677, 0.9964138503459314, 0.08749271676658468, -0.049953216334370776, -0.026531812166639284, 0.03597793403954276, 0.05368612199031168, 0.030548640661647596, -0.009480082974916345, 0.007463916371244312, -0.02392839199208719, -0.01196699373185989, 0.016090075292482957, 0.004105530722208855, 0.010730028201330474, -0.005187029207894127, 0.01128361735411051, 0.03147069461873836, -0.024772978318255534, -0.009195086923974593, -0.005125675381467502, 0.012886306643812651, -0.06477855840303441, 0.0005802718111295078, -0.06434725830272146, 0.027413258601639897, -0.057981821641973234, -0.029353928827790653, 0.03435483788686611, -0.12325002689350867, 0.06473588379536202, -0.08290488927136509, -0.04804153283918, -0.06475719224109928, 0.044437114884465084, -0.012483197997737295, -0.03883519923536111, 0.04172784119937324, 0.01222646981769815, -0.07050655076144514, -0.03143795401932525, 0.04005849061770223, 0.013471297538604002, -0.07726680189801283, 0.03948021621845976, 0.016412601947841433, -0.02474882201482365, 0.038784829420212746, -0.08019788877523802, 0.01565059538070843, -0.014470051012170514, 0.04401704689446005, -0.004825336403787713, 0.0579727413942301, -0.04579120403305576, -0.01156880360866196, -0.0010046869596777922, -0.03327408564976854, -0.03225366155404778, 0.07290194231222473, 0.0695243355298779, -0.039026699790047796, -0.03627615096712189, 0.07017426248465831, 0.03953558749447119, 0.021000184349014458, -0.09563339994151358, 0.0017133543605697898, 0.0311666665478705, -0.05656113168615151, 0.049704562000959365, -0.13904900794316405, 0.045356002360755536, -0.07127555678853305, -0.07092411516054553, 0.025879191974834882, 0.04066715091129081, -0.021364623135469343, 0.012827117734053178, -0.06765265656516045, -0.07558748053478234, 0.019870628620604597, -0.04425709658735116, 0.041231681980363484, 0.001555926392369246, -0.09460643339357958, -0.034711663731357964, -0.03238087560509435, 0.029479544377985615, 0.1059616230631759, 0.029249608685834788, -0.03737903718388615, 0.05370018615679172, -0.03846835198534684, 0.012343933090791116, 0.01673794903782715, 0.07015284032864323, -0.0036160472054634343, -0.04099688478214802, 0.02491683317717353, -0.01240164692307896, -0.05781396019162188, 0.008475324603773465, -0.05760409840728414, -0.04193629862215109, 0.07057171949338684, 0.04770728254241719, -0.04692664137624465, 0.03466972871015489, -0.0037020076534580045, 0.03685466002869048, 0.003950655597394626, -0.01823977363252386, 0.013207006877068092], [0.033396641802193906, 0.0715218091638014, 0.189497965946895, -0.2856996023748272, -0.04589851039618206, 0.06122536087882955, 0.024193323860508827, 0.06152980679937581, 0.023858754911601148, 0.08749271676658468, 0.6171066084627715, -0.03345359993726533, 0.03652772657736997, -0.08000328615179352, 0.0014216295440338154, -0.014028783818571915, -0.0033738455363665214, 0.0009903900211713633, -0.019904174677041482, 0.006838059943701276, -0.0031725168176554384, 0.013084060429348138, 6.142822156037077e-05, -0.03831825835727456, 0.00747854573167226, 0.005138530508703818, -0.0027985285792800855, 0.02944670148626299, -0.008362219237563827, -0.013836299116833367, -0.03812115706116205, 0.0278871056355399, 0.007362783468464065, -0.03795940197800439, -0.007646675549508401, 0.03433810652037287, -0.009214670114862248, -0.09181611492942753, -0.024604000203320552, -0.03668084854715188, -0.13600969625107454, 0.013011611891323252, -0.02693819092291496, -0.058759822022900775, -0.05870412391811204, 0.05171292323371982, -0.018621853607589604, -0.021937266375664725, -0.08101242175771699, 0.026822443702805447, 0.03427933999414968, -0.04225502869675374, -0.08981299386454727, -0.019877234521930392, -0.019642380576219632, -0.11011088018972146, 0.017406515318643533, 0.053455766257811003, 0.062298618681871205, -0.03877743448415487, -0.01342609215903889, 0.058616199492385605, -0.030174656753702105, -0.04953555581387342, -0.08116581665880741, 0.0017266473619816395, -0.012785731510594648, 0.03881142713530829, 0.013700231981606178, -0.0009955707772464973, -0.06895226046187679, -0.07244487560797847, 0.04574500433651662, -0.007484655707803787, 0.0023684431083208475, 0.09045709533097288, -0.016579889883239315, 0.022912352831138776, -0.03622462677255532, 0.015403299745688017, -0.010331874193901405, 0.020528042896104784, -0.04514243687412741, 0.017863089945129567, -0.01071821911125019, -0.08198014068618385, 0.00820093053719623, -0.05809332192718438, 0.03260697305263657, 0.08692823048165607, 0.027680750228840756, 0.03471710739035894, -0.005355371000703127, -0.09653790348488338, -0.056340178359945474, 0.012076376283177674, -0.010444140688205058, -0.0522121973150321, -0.07039704142936758, -0.014122156566367188, -0.008787441367390878, -0.10028228054805494, -0.007831998845924455, -0.04415113143456705, -0.006082476406444721, 0.007536548247731716, 0.0030631338889377403, 0.1298711582048056, -0.1038756551372554, -0.025202699791251008, 0.054616416689706015, -0.1007829775589225, -0.04561064585048145, -0.03592545683102718, 0.005310678681634629, 0.03862616832049124, 0.04502169927003134, -0.023006438819493782, -0.05867598746921643, -0.0817504276506948, -0.003405605173941965, 0.006772230027083183], [-0.027727243417707638, 0.0011243825886501119, 0.0742792710368536, 0.02060752584567709, -0.03760451828247408, 0.03720279968512436, 0.0024435354864391495, -0.07141200136091382, -0.04926618756521775, -0.049953216334370776, -0.03345359993726533, 0.8155155327181217, 0.031632956607322654, -0.058171729612194974, -0.03588932599620753, -0.015393833365069788, 0.017420769979903498, 0.025256183532459422, 0.0011271705983500744, 0.009846269136683024, -0.0246427624724519, 0.011046106987622801, 0.007636765687159528, 0.0077978791311794715, -0.003890166862736218, -0.04183460645230022, -0.011588723104008726, -0.0031192575654530683, -0.011525998100668084, -0.019502065940950015, -0.00021053402481746095, -0.03613506624436767, 0.014600178727795952, -0.041348475024628774, 0.04036537820386075, -0.036604967999543984, -0.022845660824223225, 0.05603063049209202, 0.027710735158115677, 0.05414107456710883, -0.027258251166936382, 0.013208959179803297, -0.02613320183726044, -0.012588290784490483, 0.030240323463228906, 0.0736653704142614, -0.03909619107786185, 0.027667147582345102, -0.046311794593010075, -0.015480595623486883, 0.01888755610211748, -0.03647631970495096, -0.020186567741341418, 0.02795091594952537, -0.010177949317995481, 0.02316312454856062, 0.10730874075247891, 0.019515973621484915, -0.011629741994981527, 0.0077952361003229215, 0.036835345038865576, 0.04975337987677075, 0.010717571122650534, -0.024576111821302014, 0.008154578839457617, -0.02244093338399355, -0.0420143599810179, -0.027233648512192135, -0.02591798888231396, -0.007956733862972635, -0.008814492945064265, -0.03670264404901239, 0.03818022634583633, -0.06531433316869495, -0.0248117604691157, 0.08588005235434158, -0.026864889382913124, 0.04551919893579187, -0.05249830903285604, -0.10036265910468006, -0.04537284854390465, -0.04021918131309696, 0.09922801105548544, 0.004482923600416929, -0.05649307136061632, 0.01357160186512844, -0.026265283765759245, -0.10646845093779948, -0.05175097890529434, 0.0034039862902440743, -0.0210244522683424, -0.01712524993344911, -0.01321740258770972, 0.029101798400600468, 0.10825777477768958, -0.01122117642473845, 0.004993988193299111, -0.05254371182319587, 0.05192616773037588, 0.12153101018746357, -0.1457630602591383, -0.09963600735935665, 0.010740418692060048, -0.10209736935707199, -0.009561139121254397, 0.04705140422671038, 0.0554236660734439, -0.03870064781315364, -0.03544798902768873, 0.049555249756479666, 0.004101925244319119, -0.005071639316442708, -0.017899750662656085, 0.040161805894822565, 0.007629986363049666, 0.03791518240659547, -0.010482585346911755, 0.06625438907481736, 0.029615155728149416, 0.04620456325434695, 0.007344270454060218, -0.010396084166616982], [0.032618085050929314, -0.005582663403760252, -0.00024198398725164668, 0.0017767602385807268, 0.001881681264601919, 0.044487149346604186, -0.01618368404399839, -0.004552592143710328, 0.04436653108418648, -0.026531812166639284, 0.03652772657736997, 0.031632956607322654, 0.8580257872002632, -0.01849657203960595, -0.0091469471557446, -0.022489530126469592, -0.006971139229798342, 0.020510788419455972, 0.01478724327568706, -0.007695207879770666, -0.0005767932838494491, -0.011642660752191515, 0.0113686965414031, -0.025733759472751982, -0.019920788056753545, -0.001699814982844783, 0.0133603205038578, -0.009037264877106373, 0.01143081462241161, -0.006301349936239592, 0.0429345109437417, -0.013806628107609242, 0.06410154485186305, -0.05355435907866132, 0.01422192752636002, -0.025650260661676413, 0.010443588912447104, -0.06655742928332696, -0.06175051295974749, 0.007907406761546826, 0.015673675493817117, 0.05804662454930917, 0.05787941320315408, 0.020654027134915653, -0.07526104826508852, 0.011226739275122247, -0.04920849144693326, 0.002211663154377515, -0.017218352648802254, -0.01423041462853272, 0.060776357073510305, 0.012633545253212072, -0.012758603816984567, -0.03767949198447255, 0.04059002971118542, -0.0033219504785299385, 0.016850362526133377, -0.020825595107330085, 0.006577711306259285, -0.00816624775094664, -0.10757781668520612, -0.006353955315285929, -0.037276596568188276, 0.08573688423558429, -0.0456085112811373, -0.03017926948319157, -0.06294372516870081, -0.013500219803642579, -0.010762482774331283, 0.019221357886228096, -0.044889604459353416, -0.08308380625832033, -0.07903575376453585, 0.04395898353141751, 0.07368484586476781, -0.01800489628625469, 0.030071710624606007, -0.017623502039768837, -0.021104023365891195, 0.04895000266231952, -0.022546541123874067, -0.07610056246811076, 0.022789182990093748, -0.010047323291056374, 0.03283674018221668, 0.04701536503090871, -0.04497581416098724, -0.03897032436035493, 0.14521475362434866, 0.04872219165124198, 0.030263628864110464, -0.0991285824464912, 0.0025032035310090517, 0.01189138305722041, 0.030302464117487653, 0.014035056920147004, 0.04468995118306368, 0.008473035548499581, 0.011713757973770987, -0.09950245797285759, -0.016003437143167765, -0.01479336806861366, 0.03571606223473837, 0.037500313640768376, -0.0021429258426137144, -0.05440366290475026, 0.03937331978726283, 0.002910700607923481, -0.0006395017420116368, 0.03556859584276106, 0.04866688748346149, -0.05649884650238809, 0.047801015251346404, 0.012515377794803696, -0.0015614953248454673, -0.016404289381774004, 0.01590697843883708, 0.04671372866630278, -0.027401322693057676, -0.01147256000992899, 0.0017704625455870302, -0.0030032513414489565], [-0.0013246577548441125, 0.021864099815435478, 0.04640102333765428, -0.07223770825436825, 0.13328409011568157, -0.013566549980713535, 0.047525283136003384, -0.017030236104289602, 0.012247528604288547, 0.03597793403954276, -0.08000328615179352, -0.058171729612194974, -0.01849657203960595, 0.9867724601868939, -0.0466787025962975, -0.0013497589351676462, -0.0036018153717649612, -0.022901238375655705, -0.00032441822731183264, 0.021420958931909897, 0.010933582280281495, -0.014425512833843482, 0.01894684249540489, -0.0008429904684151017, -0.012493135180673081, 0.0036496002647786055, 0.009993985721052027, -0.0040650558617346295, 0.004267160755961905, 0.026458820775417956, 0.017192570940058955, -0.05133634814882137, 0.02427415308639323, -0.03821157560428038, 0.13860838530919978, -0.06171969285471635, -0.011958777765558285, 0.07249750989761153, -0.04683611546297575, 0.043017607281342025, 0.0489182388721672, 0.0257284921457103, -0.009456955119961715, -0.05611897291951836, -0.07271471565490599, 0.003761462676707991, 0.008255944041268825, 0.05088121951309774, 0.03595203880677221, -0.028721273824547686, -0.019462809894162755, 0.05537634182378809, 0.005867163015630903, 0.048558909759894436, 0.016105348545794197, 0.03186518470210257, -0.028042670657570764, -0.0001655786375527346, 0.08491554349235637, 0.0712187929907984, -0.007730376672724082, 0.028203999024231638, -0.03437121209585552, 0.0908152732284025, -0.07771937509006382, 0.03630232622020932, -0.026489049514510317, 0.08900136866312822, 0.07145444660093096, -0.033214303181590424, 0.009237431829087124, -0.03688549882754658, 0.025215776020041943, -0.10875116461651219, 0.05848247955271638, -0.033594774826150475, -0.030928067933621368, -0.005713256167162046, 0.009450545147388759, -0.0014733811660476756, 0.011768801574684233, -0.13463853386153382, -0.02411036502506857, -0.007588187960707459, -0.013717488310423099, -0.00011280270118313183, 0.019452570731874973, 0.1205516200278226, -0.07596647601373624, -0.10559654510829387, 0.052794425992485496, -0.05440246259923835, 0.07191918815636858, 0.019643191843888134, 0.0826952156808515, -0.01717959766482509, 0.0024034284104906666, 0.03843454742794086, 0.04535071023649304, 0.0021163726085346992, 0.02042522086093222, -0.052168078077363865, -0.05414896509715561, 0.12448745837369027, 0.02036458823806713, 0.01033864141502367, 0.016985076529133097, 0.05710155618498464, -0.05655015205499984, 0.056545950736299005, -0.05122255060223151, -0.015435515826052813, -0.10067092190074062, 0.055306201053714164, 0.030260468796693203, 0.07482410675490399, 0.013036318007714117, -0.04148943089794414, 0.031144884320462588, 0.030157323619333914, -0.009229748602723813, 0.0026891637926221056], [-0.06958186904192845, -0.06413476081040735, -0.03407301676061539, 0.025658055895678992, -0.035623095820559045, -0.018017171948584418, 0.0412126017344735, 0.04710140377997284, -0.03085475412520311, 0.05368612199031168, 0.0014216295440338154, -0.03588932599620753, -0.0091469471557446, -0.0466787025962975, 1.0386700286194586, 0.011010046669448192, 0.010429513753952938, -0.0014883401074954803, -0.0344414058238436, 0.01272148658498845, -0.0008860262147955262, -0.0058683148823570385, 0.009580909832466011, -0.0007608343031082907, 0.003428356592058619, 0.01523180121722466, 0.005228805643739563, -0.003074078070872357, -0.011712461455790985, -0.021116092634924533, 0.09365612165849199, -0.01116885557245121, -0.03449169505723353, 0.022331053975763803, 0.036182007609693465, 0.03652110325986853, -0.030738425028993457, 0.030450700615127342, 0.009578602793593505, -0.10880969904404429, -0.046952990152166606, -0.026001967307192474, 0.014646851809641937, -0.027011269836440574, -0.048954877284143127, -0.015888602716959688, 0.0327892002703459, -0.0211605469825963, 0.001996679910235411, 0.026920607256981192, 0.006752221364691215, -0.07172535337539407, 0.06662029060509209, 0.008085275751094695, 0.0283098467286551, 0.0351728812342436, 0.013203938517010535, 0.03498887523489931, -0.12724914386889435, -0.02127466545676607, -0.01528352699270128, 0.029419220798444588, -0.02912706890963472, 0.029327421374543354, -0.021168350706630014, -0.007681768842365223, 0.045830323645711185, 0.08964038664639701, 0.0439934902823845, -0.10084841124795389, -0.05425666203962163, -0.010184041747902321, 0.014012415396545378, -0.00479371679352844, 0.025045167324911518, -0.020112056766523407, 0.0012120202010797666, -0.04433477884896662, 0.015188900799285785, 0.06543125896780985, 0.05228977043125552, 0.0407549978548355, 0.1033164744189372, 0.0367364456527254, -0.05438441850003424, -0.07923958001910436, 0.0006019178132379408, 0.050020120120009295, -0.10101699708177506, 0.07073758269726778, -0.021144989549815803, 0.021509951354022012, -0.029602395781276446, -0.0034893098668938817, 0.0009224110436230798, 0.01614229065067983, 0.018507178832892306, 0.03929827789085766, 0.004773613440589496, 0.037123205252542146, 0.0666601643902209, -0.08418269401293646, -0.0557242845068059