{"inv_metric": [[0.5339325029415062, -0.18708533190351903, 0.10143806451267155, 0.16185223294839157, -0.004008311976591447, -0.05930515994512286, 0.035412724549086914, 0.03063888754777616, -0.016721212880924544, -0.01688702379074624, -0.03716557234861513, -0.03299991779754053, -0.043214688403728115, -0.00029590772812751036, 0.07292462096367461, 0.01834072432164171, 0.0039403990597667036, 0.004754339889079996, 0.020345925230843713, 0.005335458265796701, 0.02260439280611339, 0.012807946503590628, -0.016241434504095823, 0.0024823959626834205, -0.00292934337960995, 0.0016514293682762882, 0.0028242102257210067, 0.011010854225526672, 0.005204054647491716, 0.02788289250532252, -0.08257661754317869, -0.05432754755115873, 0.023057999485166306, 0.052658568739138954, -0.011133150080755445, -0.040553083056556694, -0.03985131406011899, 0.07111825523079175, -0.008779830510131354, 0.029636460085150793, -0.08478394203429362, -0.027597388890801326, -0.05815026850313572, 0.05013678033374046, 0.07621032482059727, -0.07929702932530576, -0.01140640972087028, 0.04867647033854363, 0.03937565878580886, -0.012572792124259494, 0.07564158669310911, 0.03462028103704868, -0.07527724853405869, -0.014781219326564446, 0.016035332034839297, -0.018802535868108504, -0.0370253238975997, 0.0008418498918680712, -0.016152668294862203, 0.01882875780208949, -0.12202425971044878, 0.0026226486160399803, 0.03263381042022533, 0.007559907233130775, 0.05567475183035498, 0.04331483913483096, -0.06281380552310038, -0.0023604370550593906, 0.01776754321872785, 0.016117821811302523, -0.022517279028247524, -0.026619353440489234, -0.04579214511567529, -0.004414718293048107, -0.02032575878317338, -0.1320273856547956, -0.06454494664264818, 0.07232646637638258, 0.02582591949090239, -0.035141645815677164, 0.0032159091967903456, -0.05953134883574305, 0.03488007298265571, -0.03343326913049603, -0.0014188744411156023, 0.023466759321022074, -0.019168217625847667, -0.031006378990935224, -0.05249572437090144, -0.01869217450994644, -0.034102176885442086, -0.04351851421722904, -0.01668033482713201, 0.07379856193339607, -0.10354721299209074, 0.0008639610733006839, 0.07943498029146652, -0.04265944079634623, -0.028643303615881154, 0.051788206803975924, -0.05818443512612021, -0.03400224894823885, -0.05850845285766046, -0.0018396064883183334, 0.028930059173859057, -0.09316661622301284, -0.035733048756305404, 0.07934849483900153, 0.07326985656538565, -0.03218149879515359, 0.009433847347277598, 0.030514818581688766, 0.027476757473113348, 0.013900218247181946, -0.028664496640542783, -0.10737441993661163, -0.012674523661120604, -0.05140970954487905, 0.05070610230107802, 0.012132510245349448, 0.008138727174420778, -0.011191696712954584], [-0.18708533190351903, 0.6072535081824337, -0.1344604177709787, -0.14961503107480828, 0.004258210113833775, 0.015042047499373663, -0.015175267054440661, 0.0353138042381006, 0.026262663821659656, -0.00918806670792233, 0.004753638786193199, 0.039972101947480264, 0.06088430276800626, 0.004340231038489231, -0.04638411836693971, -0.0014818180826136837, -0.0029707923624039166, 0.011038776301179595, -0.024063647255923457, 0.038101323199650414, -0.010112902359194834, -0.016439898558606243, 0.026903895203801258, 0.019916440784860222, 0.006219010016503421, 0.006584652437530288, 0.00609315851047374, -0.027448335272696498, 0.014890000449392895, -0.02741855757485024, -0.15958198490056572, 0.0037879176125272104, 0.06016603098708792, -0.004660434978669999, 0.024493464122158113, 0.03384240400898434, -0.0740073342138848, 0.005029135614887642, -0.011890097332515205, 0.01320454434648206, 0.02491412784154992, -0.003131187291351535, 0.0675470986703127, -0.02129529588380311, -0.01967894153680156, -0.05831522151656575, -0.09680641073021408, 0.004672490509786657, 0.07046982584725751, -0.07125998579373247, -0.014720765529393328, -0.04237648488947465, 0.03435894769430448, 0.007311815528666328, 0.010867297130525602, -0.0029631862861723385, -0.009019735777940963, 0.02151457993772221, 0.04188235342961239, 0.022848363013589546, -0.049972955857400476, -0.029504554223941434, -0.01393179389138666, 0.06503693332224271, 0.0036518347139912776, 0.05488001077177665, 0.006935168695450701, 0.018636773186886918, -0.027271061722077168, -0.04180380072238889, 0.0065672036255665115, -0.008926456040661333, 0.02235844367444397, -0.00599989762608299, -0.002237469501498651, -0.07944308716777873, -0.040342503057836064, 0.026010834191623568, -0.010574300111429959, 0.02774073121116666, 0.029901478286121556, -0.01474660894847251, 0.03412886876806504, 0.03891690308911457, -0.010623002141362047, -0.012534741557289968, -0.0157685886222004, 0.005735063355031282, 0.05317114993530842, 0.07205166922241127, -0.08924239821516684, -0.04276035361230887, 0.018770596248017423, 0.013459742007512045, -0.058499572864499555, -0.01805014129324254, -0.016909055362311947, 0.0545380587240922, -0.02673090916633144, 0.038438967027723106, 0.01022370492117785, -0.029272417435537282, 0.028385431806829793, -0.007463386151872545, -0.008785461447188326, -0.03014503162030372, -0.02286458767968204, -0.05241916257945061, 0.02793142049269247, 0.013734394109702158, 0.03944447501205107, 0.017206414469302794, -0.06548413281622614, -0.026931815156169943, 0.07280053042949128, 0.05590202478441296, -0.03411760331623146, 0.04458652693589668, -0.04180482812877159, -0.04368873750181129, -0.0021941118500028974, 0.004675428324266471], [0.10143806451267155, -0.1344604177709787, 0.3549450426421039, -0.030459848010276704, -0.06825910454506108, -0.050051854757072994, 0.004049230147260877, 0.03621122956843906, 0.0012941138715546973, -0.0808241025173248, 0.06844428014657002, 9.891325698426413e-05, 0.00599965006834279, -0.005736663760444225, 0.043249975073621605, 0.010206581606545235, 0.0008217566833117648, -0.006897315350978421, 0.025452219989608095, -0.008682604632855216, 0.002716068853469362, -6.23639475714262e-05, -0.005001196899306842, -0.015443929543165898, -0.004310018422258565, -0.015171883742806199, -0.011467741656528285, 0.016802864273215947, 0.01155564337111824, 0.022316369950918725, 0.028274165429142597, 0.02450457094329736, -0.08359423421596662, 0.05113584082013372, 0.029982156416230515, 0.037447093151216436, 0.004723852880622859, 0.0122860839534637, -0.016757098654081534, -0.003355605288310211, -0.0120434577830967, -0.010799076956342218, -0.017967254977118676, 0.01743111969247515, -0.023337418705562187, 0.024432340187586714, 0.04956100483018483, -0.0998359677110889, 0.06041160625471186, -0.04621268681834345, -0.023064738147113895, 0.10373963641680098, -0.04083240508037881, -0.025395135088597528, -0.02672934674324223, -0.014710527106024412, -0.015709436868099932, -0.029211430617405037, 0.019399516373958637, -0.04429431702563474, -0.02205102734791172, 0.0025842326626056293, -0.024353502100457367, 0.03158010067906048, 0.00420240241035764, 0.016404260805818194, 0.05470076259401434, -0.03906480835450247, -0.011493884781117176, -0.009828917872996753, 0.057401533318657945, -0.009352166643492416, -0.02617796658234863, 0.023406144177182214, -0.04264781194533376, 0.03311529580066737, 0.0005008045457766911, -0.05905976189863815, 0.06319702486964973, 0.003959975164785403, -0.058371441133986506, 0.007560045657823195, 0.00777046982667326, -0.018498129090987997, 0.00444350537851702, 0.016892365350595292, -0.03014155158533105, -0.05783284202001525, 0.005897246287743669, -0.06216793019597356, 0.08533169435231627, 0.011729771672329161, -0.08017875051974084, 0.08231872129833487, 0.008009839697974763, -0.006617746600496206, -0.0032422448332034425, -0.006812202152097269, 0.01075263711118935, -0.005145992744069825, -0.006747286252712302, 0.000950943176838261, -0.034024547033935995, 0.021916132141841255, -0.01414183632641585, 0.015226119923091211, 0.03675960505924675, -0.028177149088603637, 0.04650755117243646, -0.016109430682966226, -0.041811069235275146, 0.019424716235495923, -0.06925211380251858, 0.008736200665714082, -0.0357358650252883, 0.0018224057145640145, 0.0016120134121745135, -0.036922332439901506, 0.09216094082968926, 0.04079886244696354, -0.0005633878164808748, 0.0013105510203317062], [0.16185223294839157, -0.14961503107480828, -0.030459848010276704, 0.31158187471163284, -0.022155682577754097, -0.02164046209020061, -0.023498697760664544, 0.011438270712327126, -0.017176551337137646, 0.07460811810352642, -0.05336231100566002, 0.006898324583264571, 0.0427015751390413, 0.02481063094988735, 0.016709059063276785, 0.0011760459443868319, -0.012409839865901263, 0.0017525026668530352, -0.01586103210948031, 0.009167251651493185, 0.006902654729635552, 0.020165063156267128, -0.019334903355214105, 0.014938778823097522, -0.011960238624961655, -0.0014906920230827966, -0.0020154224584976368, 0.02108832680957284, -0.0031066289213193226, 0.012011942312023613, 0.04438360400433554, 0.06440364898788167, 0.03108222695827758, -0.08733849585290529, -0.017065670743216365, -0.025433550507145474, -0.007253875727682978, -0.06023421011252441, 0.006650437277712164, 0.003886510756352191, 0.014631986859034296, -0.01428369886770235, 0.00034261956791408697, 0.004642990461219397, 0.006404357653963318, 0.08782093152341158, 0.023755641634463483, 0.07620784206392077, -0.08926204103074559, 0.06273848398845046, 0.026479385427088133, -0.02850064816105928, -0.013677965303461971, -0.008389737396952075, 0.07273554194327234, -0.021610777620934402, -0.015195013721132723, -0.00941196607442075, -0.01321901419613702, 0.009449747782101796, 0.039635868213904454, 0.03699980132235615, 0.049414492137105956, -0.09311243117647934, 0.022674199637367155, -0.02487588566126515, -0.06726421665274825, -0.021777763338501323, 0.03242925572792029, 0.030366675570515884, -0.017221494780798517, -0.009663019203393578, -0.02650873196820664, 0.0016898995607022697, -0.008363843968106624, 0.08204830363918837, 0.03619753158956416, 0.08122738153952354, -0.07155798104104574, -0.04164106928339308, 0.03260093429891063, 0.012452092251767272, 0.041545957945684005, -0.0009345395032251462, 0.020409422057683597, -0.0034764372775739905, -0.01718151317525473, 0.02076177652972486, -0.023988619128440313, 0.0006936698078288082, 0.021940965806228077, -0.007070476803595647, 0.049989165217346365, -0.07208673883219957, 0.004726925749776333, -0.0013104137723898648, 0.006183751795466383, -0.021878817752005585, -0.040094702411078084, 0.007500412367837371, -0.01749234215511272, 0.0035354529845444444, 0.052919541253979574, -0.021215883162400934, -0.01623896394473012, -0.0015074279727601476, 0.07600971729874059, 0.03794622980349202, -0.09556876365048175, -0.0075815013193983715, 0.001751132877687914, 0.011582939728682283, 0.09474540972782594, 0.012516438905514854, 0.024142378288193052, -0.07717695134370454, -0.01861058737975662, -0.030936226960145575, -0.036992703919864846, -0.05691061070108102, 0.0013202752062057193, -0.0061067547870722935], [-0.004008311976591447, 0.004258210113833775, -0.06825910454506108, -0.022155682577754097, 0.9956512097008838, -0.056069338170674624, 0.06626270244878185, 0.05161051995604799, 0.027585820335694865, 0.026596205200900294, -0.0375081636145223, 0.007666116200154558, -0.02628754153596857, -0.023687388461456124, 0.011491026585405156, -0.0016043932440943935, -0.01756492238411282, 0.006325752887661603, -0.01666476006477704, 0.029744779801762097, -0.010768346950740897, 0.009657162781549999, -0.018308422755285426, 0.005247567528872654, 0.02543843325798071, -0.007505539065032277, -0.00661116367205456, -0.0016424339353479512, -0.008132179413743777, 0.018239438623805938, -0.02934566551623767, -0.04670000951735402, 0.0661771840646552, -0.07773901316120495, 0.03078691517545833, -0.06504269571790669, 0.014216752579960298, -0.057524745130536487, -0.0466593158491473, -0.054916778694358334, 0.06435753403156513, -0.007059189891742032, -0.08866897706592515, 0.01300314942878535, 0.02680382146856557, 0.056619282880700866, 0.017669717795864473, -0.04761554048974511, -0.01577249699998866, 0.08239402189166221, 0.022017934620630935, 0.018995550713649913, 0.07914782955246284, 0.007308226358885586, -0.04731014903560177, 0.05179500811251423, -0.007415992162608552, 0.038186886773255095, -0.04011089907407148, 0.006886789466481197, 0.01441948293815057, -0.035642731921534755, 0.0092516951594967, 0.0087043416551513, 0.027549409976780136, 0.08437956100161469, -0.02336691401300173, -0.08718566688512941, 0.009547351103745888, -0.01139955321321175, 0.02584623419953563, 0.0036905605650602163, -0.017114406467983824, 0.042022379106707336, -0.07549378923779819, -0.007844886625904247, -0.024771074941088274, 0.0167989222394669, 0.05958664478978532, -0.03607180570929514, 0.06667772420332937, -0.034513406549488236, 0.012133459681199676, -0.0086958338469148, -0.01771192830112506, 0.04862435061325089, 0.0020714429183590843, 0.0003635450342759462, 0.07784032638968476, 0.018912502339122537, 0.0069670018111892325, 0.013720476531150862, -0.033335193659667355, 0.034498355092478464, -0.047398631115648564, 0.04831941718825003, 0.03722116772448148, 0.04635956377468186, -0.04258610894063023, 0.026292458606485217, 0.050975172635296766, 0.00392696910639124, -0.030968490179269805, 0.019360653861595467, -0.06608692773007818, 0.07701517524628772, -0.03313025337317852, -0.02826358763778362, 0.0713788222792787, -0.011636766537469475, -0.04847361501173266, 0.029904222486770403, 0.01915167146890577, -0.01577952358700945, -0.006376825113790019, -0.009098301569156173, 0.005503116190036715, 0.015540589209286793, -0.023719672296276653, 0.016107837370074506, 0.0026797741625548474, 0.006468684352438951], [-0.05930515994512286, 0.015042047499373663, -0.050051854757072994, -0.02164046209020061, -0.056069338170674624, 0.4812261897761029, 0.0012539051663000439, -0.024652354075688106, -0.0017700989085005022, -0.1073579015244279, 0.06116954965017334, 0.028605844733818477, 0.029646035856379788, 0.0417836638293192, -0.007638005200859617, 0.004548166905441054, 0.005903522671125972, 0.0032129224303540584, -0.005930532532529588, -0.0047153023986537266, -0.0033429598816542318, 0.0022816305264644395, 0.009025682153072704, -0.005081837978609559, 0.004756726238506019, 0.007692431184534234, -0.01238225177905405, 0.003566906030767486, -0.02002971748002216, -0.011563493007744643, 0.00015037721508599184, 0.007192591033304074, -0.0021637393502030484, 0.016327659347546323, -0.051411247338365954, 0.009595162025135141, -0.0024975040758170846, 0.046131749737587255, 0.046241889500403636, -0.05300790120855557, -0.000763259186532035, 0.008010265947240289, 0.002921425633182973, -0.04347369464257409, -0.040509392290452424, -0.04438469537820829, 0.018241807728033948, -0.011738538935464372, -0.034239182614483464, -0.07528061013755215, 0.013466547388846332, -0.0026711370993672476, -0.013301077360206732, -0.0009041197252270249, 0.00884779444986568, 0.026622100351983206, 0.0029561452206879842, 0.0063807962906127485, -0.04509547129737075, 0.037955798833177214, -0.005669669279101888, 0.006307389012489691, -0.03265507918369239, 0.013625190717002215, -0.08745150348707165, -0.055196314523969524, 0.04430214654579954, 0.06117498204449222, 0.01559032655351808, -0.02170034533945327, -0.016885818625518356, -0.024020520864832223, 0.05838578647688752, -0.026233341187949594, 0.0192060356190766, 0.03394448167867503, -0.047315964448063935, 0.021276124082043036, 0.010605776709962874, 0.020652650309893373, 0.06311792647990437, -0.002894156355981878, -0.03299039548489843, 0.0228400564685314, -0.0365126449717102, -0.0017111395244033387, -0.03215001578540838, 0.04485723917839655, -0.01264157156554864, 0.042837855175854936, -0.008352559576971803, -0.00488855121230164, 0.04278965969617718, -0.0420062892719057, -0.0304309560169967, -0.02577944269176756, -0.023072876158733942, 0.04799643132451555, 0.028462972380147066, 0.000509141807501691, 0.013579655761005031, 0.02714387647524533, 0.008673595687120355, -0.05505960599064919, 0.005709296094164455, -0.0061180597371102464, 0.003231850166296251, -0.005103133783558943, -0.02818334566646295, -0.0007025444584043842, 0.009574640781057485, -0.003989578237837403, 0.04836249780724537, -0.020089864371875894, -0.08042600522195412, 0.0999793577308471, -0.008755779213865705, -0.03264568467735936, -0.047837481128653804, -0.05129359815196017, -0.0014193775519282651, 0.0067841014516897705], [0.035412724549086914, -0.015175267054440661, 0.004049230147260877, -0.023498697760664544, 0.06626270244878185, 0.0012539051663000439, 0.9122499086943672, 0.1420838642496853, 0.008875504413861614, -0.11663743175433199, -0.03423322916824206, 0.04881574633344559, -0.003976174372686909, -0.04758552413275635, -0.02574837779850011, -0.01137769504431763, -0.011016952193132302, -0.008114582292108135, 0.014415048062388377, -0.02304599525519001, -0.004185150462598285, 0.011968118214804754, -0.00955016406199528, 0.0036441184314943025, -0.007026396203477086, 0.002781797200918686, -0.001987402718789623, -0.015530888913572212, 0.00792281521568737, -0.00731921278125082, 0.010646740277240337, 0.02597266506500465, -0.012999637831324575, 0.02102195832059644, -0.048260441581735945, 0.06274230880793916, -0.05759275993023905, -0.1441530995714315, 0.0023894732177528934, 0.023572332864380888, 0.01980900416231746, -0.02654572414552677, -0.024220341854795015, 0.007761634200788162, -0.05158319025849068, -0.019867439970744534, -0.013421368324705798, -0.006064285053849586, -0.00886541507963972, -0.03708803201141744, 0.010648665647060514, 0.0866494419123686, -0.015697122439324418, 0.02843940041347442, -0.06528636114866364, 0.03918874796132355, -0.05867909237948426, -0.053243549852955395, 0.053648281848345775, 0.05638533743426355, -0.00698307577699283, 0.005865219204555994, -0.01172407771291108, 0.0003032617180451675, 0.0022606238541763913, -0.010540630177753273, 0.05545100189054171, -0.004433702530092997, 0.02976328103686567, 0.07029067217760897, 0.042485407444952134, -0.046905821071282466, -0.06380657168425741, 0.0434343602866601, -0.03521227377589603, 0.007728880131506992, -0.04012476225901151, -0.05042452969461799, 0.07864269890330876, 0.11941386329879991, -0.04110522887332576, -0.03681999138973391, 0.04418225951622431, -0.046740353531390846, 0.0685502192129966, -0.015582821846288303, -0.03412182781849095, -0.07106531023328172, 0.00026607117786517115, -0.03696261288131665, -0.012535543792175701, -0.04931058663214426, -0.08756112938229145, 0.02113791771829107, -0.0656925029471916, 0.028073181582933527, 0.04923855126399374, -0.061492644213520485, 0.06726062392394418, 0.08094114213117523, -0.031943727529617646, -0.027052535950657455, 0.005807581127953819, 0.0043103851842667545, -0.032998081187817614, 0.028880546897295082, -0.03328398686997077, 0.0744813258217439, 0.00013536755821470756, 0.021572728174286338, -0.030653648937365677, 0.03315985405278244, 0.009821628289973827, -0.0325655779146299, -0.022431784666554246, 0.12285593755822728, -0.02800267570518608, -0.0013945553640827566, -0.021587377225027717, -0.023124922149846936, 0.00034851332052803673, -0.0013121870489537564], [0.03063888754777616, 0.0353138042381006, 0.03621122956843906, 0.011438270712327126, 0.05161051995604799, -0.024652354075688106, 0.1420838642496853, 0.9106042875713468, 0.03097161079961364, 0.011661206173037229, 0.001573609168393944, 0.03540946249296364, -0.013394709532166064, -0.03948897716672061, -0.010690343781778123, 0.004069397762966522, 0.016797482200445628, 0.01592074679544721, 0.009787145401833577, -0.008599635583478779, -0.010100164336449943, 0.012074832327134693, -0.00025942515491965786, -0.00785528480421792, 0.006990377063059478, 0.0013443180443682512, 0.013703676535862394, -0.026524137468208295, 0.01690333517653414, 0.003568042810825869, 0.04863428493430579, -0.10296704533484877, -0.05328729017641662, 0.03454311031715143, -0.10933402880812114, -0.010150999499762883, -0.044224847701722456, 0.03341775960825106, -0.021110705331205366, 0.10655865034183508, 0.02016158248938086, -0.0071716262031090066, 0.04728981965851787, -0.006527590737525889, 0.048364162244544956, -0.041741955837309615, 0.013080097468614472, -0.006739878348883452, 0.03817216264520971, -0.05928427705731804, 0.005761209296385447, 0.00020112701894225158, 0.02667860157476598, 0.007009791921604395, -0.06253800595883865, -0.03179314565020731, -0.003109096440689025, 0.06142900086080905, 0.045969931347577514, 0.09678101538175769, -0.06115839768379391, 0.10011645967058704, -0.06979092062979315, 0.023766054136474774, -0.0024762246482551973, -0.024851562158408932, -0.032175617606153804, -0.013344806780642305, -0.0319929815991518, -0.0209461631708914, 0.03389835373041596, 0.017039354905299533, 0.009697476419686997, 0.024888153431922168, -0.00683981083499619, 0.02312205039997831, -0.01032820232053029, -0.07360365275983237, 0.048211988764572396, 0.06734041729748823, -0.04248910464443743, -0.01557547789270284, -0.033215333605698574, -0.006406062203600705, 0.01193452559864759, -0.011911525083907219, -0.004623654795422306, 0.03318708144025767, 0.027183768162649714, 0.09709146291398155, -0.07661087369985278, -0.035889043910272936, 0.008775019071748918, 0.050190821981530596, -0.019565112178003746, 0.047814727028845136, 0.005204563603179964, 0.06074314423188388, -0.01252925268630245, -0.013180295470303782, -0.002042443436426209, -0.0014308523603506148, 0.06521507429647282, -0.06253283186071343, -0.09824352578107451, -0.01974503449411342, -0.06498982044187733, 0.0284438538236427, 0.009389035795214773, 0.042714273625478416, 0.013657164809446187, 0.07853503372424721, -0.03198885673268489, -0.05661766261537138, 0.0035113282124803304, 0.02698755282371768, -0.0262255929597927, -0.01942092814012294, -0.003170920743990478, -0.03831812215985586, 0.0007716572124671236, 0.010520078935901702], [-0.016721212880924544, 0.026262663821659656, 0.0012941138715546973, -0.017176551337137646, 0.027585820335694865, -0.0017700989085005022, 0.008875504413861614, 0.03097161079961364, 0.1982328622227215, 0.032538097555238364, -0.00894675815729415, 0.004774192227937801, 0.029419436674433416, 0.01842472835083047, -0.035641374227116836, 0.0012742172011615967, 0.012573796354004851, -0.0026029008275276692, -0.0034460265774242755, 0.016109543285998357, 0.00863550360352947, 0.003916824564169962, -0.0064548585440541316, -0.020180222403912807, -0.008904101878918632, 0.003787709258932227, 0.0025457739636959476, -0.002378410551388505, 0.003315010937513114, 0.004805493872666282, -0.015343314571160718, 0.001363614313896163, -0.00808227597229375, -0.002256446812442769, -0.005851813111613044, -0.02307660852397111, -0.024714224480978274, 0.034840595601221616, -0.12768221608674507, -0.01140591216369443, 0.0023341330362979178, -0.0008090313006861555, -0.02613367323989344, 0.01833709102434984, 0.03955031119822256, -0.020180054529866553, -0.0006451693860869216, 1.9998366043143218e-06, 0.005995447409100173, -0.007418483271664386, -0.016071699410015048, -0.01772522252720017, 0.02126188033496933, -0.13258797330600303, 0.004884675671476009, 0.01558667708769659, 0.018669751933024836, 0.04132854848082392, 0.01151143582939443, 0.021770707431356073, 0.011480502626755784, 0.00355507649773669, 0.0026002135591754183, 0.0014409797971601467, -0.015731819938514604, -0.006547563894417004, -0.01585198116107185, 0.04250272877824972, -0.14085242857383146, -0.01716869322238493, 0.03081395030048209, -0.0013378185187893383, 0.01527140666178143, -0.00883300537010816, -0.03237585755381289, -0.018093170041633484, 0.006101516062223412, -0.027961814862555532, -0.006979112920210964, -0.012512920013666776, 0.01582579234419477, 0.02585205699412201, 0.012209094111729355, -0.12672042913124512, 0.0024888734972719332, 0.02490224662730063, 0.009522725822592818, -0.010372879176371913, 0.03611168895868209, -0.01671530322759934, 0.01196167183808118, -0.026556075803791764, 0.018187443491844146, 0.000806914347010668, -0.009299687843796041, -0.012922986308819322, -0.01936828202208624, -0.008997624355148434, -0.1337655134209261, -0.00177042363859297, 0.013610404125281075, -0.01413759271553852, -0.055668937885107905, -0.0022282759093080395, 0.0004915387894304521, 0.0017708158771667336, -0.030328175114294535, 0.015447209591147485, 0.011713900095265546, -0.0234463475268373, 0.0011574624117429702, 0.01834719239994662, -0.044312282459290996, -0.1177564419440756, -0.004063394726841818, 0.00692986393534127, -0.0034234880305391018, -0.025366559153511305, 0.017883263282090337, 0.01054503621860438, -0.0006978033785802209, 0.00375324456638952], [-0.01688702379074624, -0.00918806670792233, -0.0808241025173248, 0.07460811810352642, 0.026596205200900294, -0.1073579015244279, -0.11663743175433199, 0.011661206173037229, 0.032538097555238364, 0.9618863644465261, -0.06648553753771257, -0.0534760737488774, -0.2022140999843752, 0.048620459715299186, -0.001125888132039021, -0.005850808049645686, -0.004017378237402352, 0.0038867246025140103, -0.019113718051827832, 0.016169653041062403, 0.04405949992683643, 0.0244144911628382, -0.010057541174241314, 0.008036313581101916, 0.015127487723991643, 0.010996417902370588, 0.002870683189703686, 0.017866041753558343, 0.01672786667594921, 0.0013742920911213711, 0.00979187483955625, 0.046637565037707364, -0.017178586896181857, -0.05032608840861295, -0.030773817326602535, -0.03319063919482411, 0.009569328466949117, 0.07749001647078464, -0.01055503712218592, 0.02769451026198188, 0.08803667400030571, 0.03704895926051897, -0.029991404261318237, 0.012646212501398912, 0.03614264277975871, 0.06705062347464226, 0.009394337485393874, 0.04358051398853934, -0.0005491233797856156, 0.12239385948342214, 0.03285436730136543, -0.024068250417749973, 0.025584014344017966, 0.02980065315295028, 0.07600668288338702, 0.08291138063835977, 0.023664561851936952, -0.009813350372471538, 0.07169868233424617, 0.021853528266232793, -0.045717459840455846, 0.11737412641434254, -0.025589944420576417, -0.05812148467246598, -0.024238102040731326, -0.06569600734455609, -0.10491798951756043, -0.08082621421078338, -0.012761420833088214, -0.06392010373298686, 0.022114949529171823, 0.04281204100004692, 0.030806018731702044, 0.003568238629994987, -0.12713616198179448, -0.017714055786619633, 0.07666810479542052, -0.05624898227750686, -0.028564911336810963, -0.048672774779784704, 0.010538767728540078, 0.06442125863190845, -0.010775251262920758, -0.014046564012257979, -0.014375159651466268, 0.03509008774827, 0.051387734283301206, 0.04713724619581247, 0.0473163496370494, 0.059476048929195356, -0.03787205785230717, -0.10308457226346925, 0.08447771603395841, 0.02162875771501157, 0.008448502570418123, 0.017757325909094776, -0.03411542095396229, 0.0041307336773859366, 0.004859628722814388, -0.08552239267372393, 0.06195483285018772, 0.045840382009581536, 0.06018701268204177, 0.051360607855500964, 0.011478491224427297, -0.05219316703130327, 0.018358552061923647, -0.08499985218395373, -0.009325639629763755, 0.050997190430459784, 0.06971571963618867, -0.03274935852171476, 0.027787836266837923, -0.0018201161889207175, 0.07254024164880653, -0.03907067738711534, 0.0577049095117308, -0.05304753128831848, -0.0057275235279436966, -0.02722468792863476, -0.0049707818805972736, 0.0035882465822004704], [-0.03716557234861513, 0.004753638786193199, 0.06844428014657002, -0.05336231100566002, -0.0375081636145223, 0.06116954965017334, -0.03423322916824206, 0.001573609168393944, -0.00894675815729415, -0.06648553753771257, 0.2898108207427618, 0.020854169827237617, 0.013056662302681711, 0.017416766892805045, 0.0284727684665341, 0.003538606759817986, 0.005443701581057858, 0.00025161880757573865, -0.00737040735422768, -0.004827848718644673, 0.0155016831031544, -0.007562108307008044, -0.011210227275911727, -0.010773842622994818, -4.254278743975111e-05, -0.014122063818918501, -0.011268123891205371, 0.010597981969008458, -0.004864730670020642, 0.006154706855493318, -0.038385341712507286, 0.025439431183444584, -0.02836963392603704, 0.0014171391875617597, 0.05347647010405721, 0.029446397319961532, 0.00845420076161086, 0.043977300280442236, 0.010948104492289222, -0.014953236324935839, -0.15104268511330124, 0.012378527594980133, 0.04287109812837734, -0.01375797580305977, -0.04987211798246166, -0.026252035736370364, -0.00385041775409994, -0.015190086496854376, 0.0027120096198085413, -0.048682356156509406, -0.0011859676828470044, -0.00105468486808786, -0.022503751034432907, -0.003956688804954853, -0.04905120851153159, -0.17630499988947979, -0.014759438497229141, 0.021745670558445077, 0.0006505553608125369, 0.044894846567484485, -0.006313953985888224, -0.05287992583443663, 0.04240611352242557, 0.010203892147977935, -0.032811380971235704, 0.011933684389592157, 0.01595188780684893, -0.03775611825608848, 0.004477232774723579, -0.04748521924288176, -0.13664101880802038, -0.006349583111413688, -0.026591942493403475, 0.009138088070920878, 0.01260621823807578, -0.028369496640353337, 3.9180460355658854e-05, 0.018403066869600106, -0.004406373319148599, 0.029185796059318165, -0.0009078152308195847, 0.019002841978454556, -0.009758991786953882, 0.027052956064631623, 0.012764784269315117, -0.11879015079191783, -0.023694268130581952, -0.020848720587164072, 0.04390065606491285, 0.01771809066819362, 0.019707767553929903, 0.02772098138171722, 0.0005499457935913573, 0.00014176779003149105, 0.04373411979205464, 0.018075693928807642, 0.05458594490206214, 0.024456159002998523, -0.00021162499583699974, 0.01829359685200013, -0.08450649326715752, 0.004399924155621988, -0.042013146220690224, 0.0029177345757928925, 0.003973684489339829, -0.019082920427203238, -0.018984728413792396, 0.01953345208221491, 0.021177560869368575, 0.0037809738086131187, -0.024030886729126726, -0.01654025948876767, -0.05785359304191214, 0.0103951009339222, -0.029969172503916123, -0.11421490851031288, 0.0016600073252550306, -0.0035077395168189407, 0.04705857019790632, 0.03155270434967398, -0.0023577850996030526, -0.0030713243339865596], [-0.03299991779754053, 0.039972101947480264, 9.891325698426413e-05, 0.006898324583264571, 0.007666116200154558, 0.028605844733818477, 0.04881574633344559, 0.03540946249296364, 0.004774192227937801, -0.0534760737488774, 0.020854169827237617, 0.23111554138496215, 0.11404434534887661, -0.032437335751039346, -0.05854823201366685, 0.007869269854183274, 0.0021256662313159282, -0.007128693718302975, -0.005141346903883731, -0.003567096173370505, -0.008799699034910331, 0.005216560707733331, 0.007583603245785697, 0.0024481627457505198, -0.009051408565538897, -0.004076866514010689, -0.0042627632166062895, -0.0019784267510022835, -0.006182550310057765, -0.0028277930068386407, -0.023597846111513568, 0.023538319996024158, -0.011207404752917757, 0.005921547312169688, 0.04158555015365141, -0.012980759934653658, 0.004079598447098038, -0.028380511383928383, 0.00510873713688675, -0.016861634802352816, 0.011772404065211881, -0.14354090428636956, 0.04028901335945999, 0.012254815858524695, 0.020939313971893487, -0.02354975773622185, 0.008127192194854586, -0.0021245763145189595, -0.001096841841581057, 0.02472233338774928, -0.021117629355308913, -0.008628273096757193, -0.003464523344356564, 0.01073326554896526, -0.06146009170196701, -0.022925935216608646, -0.14649460936372094, 0.06943883584810626, -0.008889914535439816, -0.06835980862712339, 0.0035340498680950486, 0.012599669772603331, -0.016359578089491792, -0.0017990779820652894, 0.0031974273063123965, -0.02655446133893681, 0.01813668946221248, 0.016692328194786398, 0.009238637332902788, 0.006339325230389097, 0.015208710966263009, -0.15148817378773222, -0.0032295506815125806, 0.01950513930226795, 0.0064007468790976746, 0.0339499536337765, -0.016311518510100532, 0.037020131946144876, 0.0029925337257585435, -0.020016160571245036, 0.013006596347388759, 0.04406241726579481, 0.04703364340449966, 0.007105045403516384, 0.0014357333224843886, 0.0010462748107386702, -0.16824579221292288, 0.009722971436414814, 0.008500338984888948, -0.004698054660431272, -0.04657977379445521, 0.03358404814381955, -0.03620512164229101, -0.016042848643977804, -0.03428196464525563, -0.019024160332929124, -0.0002814470343524751, 0.024548165203416225, 0.03347083080524709, -0.0030598392189953804, -0.030271192168642803, -0.13598842913521494, 0.031819265254673774, 0.020848478741800732, -0.011130842141242728, 0.02614320947588405, -0.05063335833656834, 0.025157740996602337, 0.017208522510849884, 0.02279403583472289, -0.009403242468763394, -0.04202604639923728, -0.004287901401523153, -0.032090273864737694, 0.04079791728928341, 0.023975209823055968, -0.14607272476844999, 0.0708882652389476, -0.04710590197344131, -0.032261406584507664, -0.0022221321565229703, 0.0011236215041548288], [-0.043214688403728115, 0.06088430276800626, 0.00599965006834279, 0.0427015751390413, -0.02628754153596857, 0.029646035856379788, -0.003976174372686909, -0.013394709532166064, 0.029419436674433416, -0.2022140999843752, 0.013056662302681711, 0.11404434534887661, 0.9204763759752971, -0.12274420040054605, -0.005247845025213716, 0.003290379337092406, 0.009418396377051882, 0.01063612733845241, 0.0019920606624937924, 0.006415042187488354, -0.02636177735776469, 0.010414317274096366, 0.024321795567395298, -0.010568407682298562, 0.0018301044351311955, -0.004508934706893142, 0.00046602098366338207, 0.002329662682536067, 0.006167059765588514, -0.01119408110897342, -0.00912993945640827, -0.006284943220313399, 0.01251206653755366, -0.015699384202842715, 0.04864673268757717, 0.0059250157585824, 0.07273586896329363, -0.014632906937959123, -0.08973140240006512, -0.027936834951557937, 0.02040605223395953, -0.018408043592180855, -0.08000126008098056, -0.05748868187627538, -0.043672567478268275, -0.040152062780503525, 0.09537993062696543, -0.03311715702500181, -0.011585545926517764, -0.04949931989371646, -0.05161917955045722, -0.024017736031611555, -0.06260696842275479, -0.03412514500175722, -0.08691450477246977, -0.009509113900626451, -0.0030761441721333447, 0.07877283931414175, -0.029136913586100807, -0.10687606311228032, 0.02587888507516273, -0.06875511790182876, 0.029986490376804963, 0.07039019765472586, 0.005381620837674348, 0.01565446855807614, -0.0063586927463018745, 0.02064130601922968, 0.005724560781477986, 0.06591911825039033, -0.017401760619851454, 0.0016489162103945133, -0.03157637895740324, 0.018156228663452782, 0.04079566297001663, 0.032875349843182716, 0.0027168261250086023, 0.05192990007398331, 0.03233136249498894, -0.044276145401798916, 0.04211529923099795, -0.028822999756466933, -0.049079130146111316, 0.0060805843935798284, -0.05121881628698592, -0.04271818977143755, -0.03473004360889371, -0.11857784381912859, 0.044879816335379005, -0.010032863796873322, -0.015546665341421649, -0.04858739799435337, -0.0631857880343607, 0.0103649376190302, -0.04131738032204903, 0.0018261767972054172, -0.02751601313386226, 0.04816331035980302, 0.06388295394458234, 0.016544281119425797, -0.04915561866435435, 0.007954465118473702, -0.04773063093160617, -0.054888839277058, -0.035517261361463826, 0.04488349022092364, -0.03356558476085226, 0.08610164048446851, 0.007636667611812589, -0.04070104548606249, 0.004060291511409347, 0.06701329728350446, -0.02735195048904346, 0.028557214387222456, -0.028403925370302178, -0.04048321491868004, -0.04432277706410802, -0.00806565919681028, -0.03617846424930157, 0.034036712438411644, -0.007726079866779707, 0.00470560898789544], [-0.00029590772812751036, 0.004340231038489231, -0.005736663760444225, 0.02481063094988735, -0.023687388461456124, 0.0417836638293192, -0.04758552413275635, -0.03948897716672061, 0.01842472835083047, 0.048620459715299186, 0.017416766892805045, -0.032437335751039346, -0.12274420040054605, 0.31123271258807017, 0.21068952373763308, -0.0050036909153945664, -0.010343798629948043, 0.013693537137123577, 0.00035664607372492093, 0.026024155014512114, 0.006811889495080364, 0.0059119568816658795, -0.01928736558349812, 0.010014676758708988, -0.00043874157729372084, 0.0040924612018923045, -0.00258432681891097, 0.003276545185802932, -0.038109137638745794, -0.019155260203472288, 0.004303931324301944, 0.06267710751652053, 0.00994238361347674, -0.020998520789584096, -0.021275484102850444, -0.0171935647166956, -0.03885769803781487, -0.007126901003747148, 0.05312189723278923, 0.021676698829646127, -0.01892097168595827, -0.0065641569332410546, 0.0327542023329877, -0.16989732775446179, -0.0007120803241239848, -0.0016440782726735328, -0.018466370036032465, -0.00011213129684322182, 0.003650163137797345, 0.11200317713110189, -0.019289172623040845, -0.038169113672069634, -0.03231698789678913, 0.03409442347321214, 0.027797297429550498, -0.028722708345346685, 0.018389980481661707, -0.055775336398272334, -0.12841449701684218, 0.045392229309521706, -5.636299172597951e-05, 0.0011257593828381315, 0.03133269462862649, -0.024448327721742748, -0.05475011554155739, -0.035788975836856855, 0.04969414097014904, 0.034287769712629264, 0.010806206074834183, 0.017919324923469794, 0.005875224647005544, -0.005570558668666885, 0.000823633771133946, -0.1562192980862743, -0.004739745228520166, -0.052271926635467036, -0.0009578235704929319, 0.040011241859118786, -0.045375429879782825, 0.024293986120385323, 0.006704739270973265, 0.046874651061976795, -0.002260123458773803, 0.02143611027865339, -0.0019747545363640274, 0.03437008850289322, 0.019058984271784412, 0.021636524121632805, -0.1352107837992667, 0.04525115371744789, 0.02411790134093668, 0.03613510022701987, 0.011938199591525403, -0.02343119479945958, 0.0046931340983907026, -0.010300481501624477, -0.03613033277274354, -0.03544568355996291, -0.02669351273647775, 0.040154769092517695, -0.02470201419725997, -0.012925368570988884, 0.001646554755788209, -0.09444271043784468, 0.07323427521239334, -0.0020793916031516817, 0.03356941234705191, 0.0015024926845860986, -0.010057107035445108, -0.030325521558658173, -0.01000605691546264, -0.06091779435913873, -0.01995495136152037, -0.02231521077048199, 0.0004021330618464253, -0.030364163522723447, -0.016910166846682707, -0.07733283381234579, -0.11522122615104143, 0.048203223757710675, -0.0016677190383632332, -0.003484026251586557], [0.07292462096367461, -0.04638411836693971, 0.043249975073621605, 0.016709059063276785, 0.011491026585405156, -0.007638005200859617, -0.02574837779850011, -0.010690343781778123, -0.035641374227116836, -0.001125888132039021, 0.0284727684665341, -0.05854823201366685, -0.005247845025213716, 0.21068952373763308, 0.9799550847881932, 0.006801422088377123, -0.03059026549970623, 0.03148415490974664, 0.018274454865998786, 0.02481221750521659, 0.019368312984231664, -0.003929580703944424, -0.006150504249161864, 0.010783183583006055, -0.012604237229346768, -0.01596280813591507, -0.014429931543526755, 0.01410650105355395, -0.022969008739356016, 0.001146590814469445, 0.030443615569210575, 0.02002385169152453, 0.01386490543788781, -0.01521972544533607, 0.023586805738179204, 0.051690796657985254, 0.07963071907104437, -0.004620181324972647, 0.04532195342728634, 0.00903350436987612, -0.025969530027306186, -0.028935406025433846, 0.05779179934735909, 0.0386019485141199, -0.020478941368918008, 0.021163406829813297, 0.007924841791664946, -0.09595641547058892, -0.05168725378466795, 0.10305680121045932, 0.022492668234809995, -0.035250585336820454, -0.025854939558564518, 0.01995490972297283, 0.07706436911739095, -0.054015256299002216, -0.011735248554288032, -0.042952346252418575, 0.011441500701220238, 0.10156811383714166, 0.017177333944524503, -0.01741721900792683, 0.13591386373075495, -0.039898825048264815, -0.06287902092678188, -0.06598965943627863, 0.11049803985505424, 0.10329936721098591, 0.026538432658476448, -0.03410064459591331, 0.010920954215453025, -0.020544674261000276, -0.10552580143944133, 0.005659071656995906, -0.07694193296124356, -0.04337020663649353, 0.042315671548343405, -0.012801415271616939, -0.0554859428003081, -0.02500122917739735, 0.04184268727448114, -0.03403354709609662, 0.030869849346810235, 0.08707225512592584, -0.023783843039572126, 0.03814479892340371, -0.006782949553036356, 0.026278761148143162, 0.005333695118343273, -0.013427912804873262, 0.038656927022618505, 0.1142398927690613, -0.11893096872300944, -0.0029021737275915158, 0.02697623537997271, 0.09567699421457422, 0.02559575212192268, 0.08662812639120716, 0.0212552511027