{"inv_metric": [[0.5032815891152321, -0.17361462094460095, 0.050968307844022336, 0.2009561487173286, -0.01432845805007963, 0.002490657645783754, 0.011121604423215138, -0.013337779840002756, -0.02739920706846314, -0.05369183912893098, -0.05728306500855056, -0.05478951219425802, -0.007473963192999796, -0.02698950903083701, -0.015997168362241264, 0.003844231253550107, 0.0007302345278814209, -0.00905153562854956, 0.008801234894171344, 0.0015311187838646686, -0.009798102285451159, -0.0017410933491064675, -0.01646962768665122, -0.012353556497760007, 0.0047231652117281035, 0.00516389794912211, -0.0011878356361329616, -0.0035859007069106996, 0.0008398821915388165, -0.0031132397693551537, -0.05034761514619662, -0.007963747571798291, 0.031458519799688396, 0.037967356485105415, 0.035475558389168105, -0.041054315049312604, -0.053182074859550246, 0.007227027731341501, 0.022391612950257985, 0.02230810334525032, -0.05327135689313489, -0.005339684263472558, -0.017065784985425284, 0.0309863293866632, 0.030245338637498526, -0.059323722642925444, -0.06466917278198525, 0.07554489407369398, 0.03998363639002683, 0.03193388625110371, -0.0033597347169962966, -0.029471535179160176, 0.03859742550385338, 0.017507757793449614, 0.0036821331164118088, -0.022085519180628264, 0.003948858617841203, -0.01821057044286427, -0.005919759049742951, 0.01989391507877166, -0.0941345073701521, -0.10357107551579207, 0.057842336410221094, 0.01602926215065503, 0.06418433190837412, -0.02765309506249877, 0.012452213634198355, -0.0886526816048522, 0.02416228980013752, -0.0460339563771381, -0.029563977925894963, 0.009753705876576835, 0.019812310289961752, 0.0031927580157863305, -0.051679525652544134, -0.06961399349912405, -0.05437725804202659, 0.06590213540143638, 0.04728409439408125, 0.005948006955070349, 0.03794847105261637, 0.04074631842449963, 0.02915354815212935, 0.003987678350450723, 0.005565314857797645, 0.013524266721970258, -0.010972726237927931, 0.04303576638737895, -0.004693978596314837, -0.0112328703589171, -0.08798890685407673, -0.016552508050991583, 0.01738541887539105, -0.009813795537273934, -0.041007609007830244, 0.03902674537821214, 0.027811131571671067, -0.011660097958094664, 0.009281261564759412, -0.05720294387101706, -0.011255116521671249, 0.006074761269578979, -0.028439558179748477, 0.008797804391611467, 0.048225961254501765, -0.07272147828915404, -0.05070486722070285, 0.0011847985995047995, 0.05061186266730435, -0.04239823241182818, 0.007003944225417939, -0.0023893849744171, 0.008057199180749848, 0.008154512042593808, -0.010022732383812042, -0.028028975556449, 0.010647095311115639, -0.02284321186055955, 0.01437067157386156, -0.012581952134162267, 0.00030702929171113675, -0.0030787651846397117], [-0.17361462094460095, 0.5938684233202128, -0.13855567816507922, -0.1468159342382852, -0.0883043763473373, 0.0010225802538301194, 0.03605411127266594, 0.022518596939000844, -0.013139886621057395, -0.028051617359546553, -0.011097572440232422, -0.018931642298083563, 0.020246094509860375, -0.0057903311729669334, -0.013249538265691193, 0.0013892590623059075, -0.01016516273716399, 0.00958238427185389, -0.0012406549383914603, 0.00519403756986017, 0.008171247678553324, 0.0078254028108618, 0.0015637931596855896, 0.006937399228980145, -0.00031213024713515835, -0.0018062347505189713, 0.0041770509183338585, -0.0034358646215753605, 0.0025714002519963827, 0.005172692420039193, -0.0033005143862717646, -0.029365340393976206, 0.00529551616383604, 0.01135044395913784, 0.023131278726581026, 0.04568444229587181, 0.014653450385599802, -0.011321986954224294, 0.0071102093369830085, 0.0022307480523910523, 0.014204692062759634, -0.01706596781156283, -0.010785573168272096, -0.01844820663380673, 0.006944633920022055, -0.08153631164067907, 0.026318076842185602, -0.023058511594714018, 0.029108029526045933, 0.050143966444731465, 0.039316743481385315, 0.08596079814718383, -0.01899177742805263, 0.024117430372415025, 0.06783397085964184, 0.01080527345763798, 0.018009182119318647, 0.03146437339823913, 0.009462635046456853, -0.011877565145702028, -0.06838108668980802, 0.017311425178260478, -0.03871210524490594, -0.011948885717416908, -0.011705432819811462, 0.04525111044705757, 0.01741216620198795, 0.04407266618029511, 0.00412860312500434, -0.05041892997670775, 0.0012087402943457238, 0.004798007973414588, 0.0045013058127369955, -0.041677452362989816, -0.03642215889900833, -0.04993626784941878, -0.02900833578222809, 0.02679879957543339, 0.004923337340799408, -0.050652886933443726, -0.009247017105004581, 0.0010902015006884589, 0.012194565317438568, 0.037308000950219224, -0.040363955161183226, 0.0023819486008035016, 0.013633474315624963, -0.04026870729039116, 0.04934293974176843, 0.05344229526982449, -0.05560655075918664, -0.004634898861969218, -0.02581941451263006, 0.03561274695771725, -0.02278894594536745, -0.018734083697478837, -0.05683399204906829, 0.05569240733933626, 0.0329370092526241, 0.10102019054610009, 0.028246040439919212, 0.011087268309934001, 0.03324066781859608, 0.006930624774172914, -0.04968239995320571, -0.014625481521035552, -0.07679777294610804, 0.015632888166025833, 0.06228271315164164, 0.05655505851507289, -0.00710283474492322, -0.0447173918582833, -0.05447619611632604, 0.00013417396564343695, 0.056375684175500526, 0.0032220192678505824, 0.006475568308117125, 0.04870590044605453, -0.008107278925799235, -0.058251084382494434, 0.005190780708100448, -0.004485501424907531], [0.050968307844022336, -0.13855567816507922, 0.3442791457244153, -0.006226299372917295, 0.016397572336341967, -0.012289798647052187, 0.019351088285282165, -0.04360445176310553, -0.02501924028952961, -0.059790048963705524, 0.0486601434569177, -0.0024751839857108165, -0.003269436147022977, 0.016501682519595946, 0.039996977244385105, 0.0005427775927565626, 0.007216443611471162, 0.001623572822419607, 0.003923966441250881, 0.0005123276617108692, -0.0010238013900452688, 0.00903253349685289, -0.005913860603701461, 0.00659417428730402, -0.00170056869051209, -0.006053368727412233, -0.0011411812709681932, -0.001943628537519709, 0.0020471863740492216, 0.012459861302626173, 0.03619168655212906, 0.0018896485504449458, -0.054413964611456485, 0.06131827182670597, -0.05395439662944169, -0.03379976734126544, -0.018479901669859775, -0.02127384103254887, -0.015601951276044846, 0.007547012449418756, -0.030460179116145136, 0.0008232270051204552, -0.030916470743104767, 0.0026668258271226914, 0.012599114912426084, 0.024170786083883296, -0.0015208386816232197, -0.07285054070394491, 0.05698634387464685, -0.003052997447576677, 0.023131220053201347, 0.042461687306712036, 0.016279981560445526, 0.04261177281014887, -0.020264001246668637, -0.006519640749378851, 0.009715364385250393, -9.225305905003128e-05, 0.01947048507354562, -0.03504916320228817, 0.02916404832862437, 0.004292449362521024, -0.019736794333686202, 0.05158102974685535, 0.017896198000301528, -0.0407460759761531, -0.010838491538714783, -0.055927329422488084, -0.015171154381643912, 0.03542156483421837, 0.03819775234237059, -0.0008240975200705064, -0.004738168397947042, 0.019480428957186373, -0.004048446274328561, 0.06766819715736648, 0.014323633838796502, -0.07911292709829311, 0.047444067978957005, -0.03340552695278856, 0.0035404851656326364, 0.03992247233979377, 0.004846304851085363, -0.009458281067122567, 0.011011578289633304, 0.023840844328421665, -0.022933123048275557, 0.021580252914809625, -0.01502849178079113, -0.026402992626677134, 0.05918267975748726, 0.02281608666447768, -0.05810825467166331, 0.02724225323243322, -0.03088636278603847, -0.017291492620023736, -0.01794679585665071, -0.0008940899691823358, 0.0009536472174256117, 0.022197225323197928, 0.055697873139844735, -0.007742844641056506, -0.00690681973415284, 0.005758597250358375, 0.016353065134192567, 0.042935956169275674, -0.007692868751822868, -0.049402785517904835, 0.044085003710801686, -0.03241926639762215, 0.011442038124262604, 0.028315626933434302, -0.016401636652416986, -0.0005295279288634224, 0.02170504377003416, -0.0009272759629053459, -0.0035064664342357573, -0.025319076332975955, 0.030394640541983993, 0.04328929237298601, -0.00041609023421050205, 0.0051271547062787925], [0.2009561487173286, -0.1468159342382852, -0.006226299372917295, 0.34746540635427303, 0.010710897807205876, 0.02033060545754355, 0.0205696371546099, 0.047476687991347535, 0.014654240943160405, 0.06993933551605734, -0.057800844810153997, 0.0024146025833070785, 0.07399205806280859, 0.0034864635167389736, -0.02646408976065172, 0.005817884986123448, 0.000619704847230546, -0.012502091124456676, -0.017611543528400393, -0.0012975153383267195, -0.013716768055586305, -0.006379324211945431, -0.009572688805978998, -0.0037135275441438015, 0.0027755024848223923, -0.0007825698793114115, 0.004546318169025593, -0.008916648008424814, -0.002702967702012644, 0.0004213991595049266, 0.054860805461412185, 0.053481394220225055, 0.042962587618560304, -0.06092734430842072, 0.03505434286599521, 0.0006456058848961642, 0.021036783875867684, 0.012317421985410311, -0.01216167540300434, 0.04063428255082675, -0.0016871943385740836, 0.003325432694358215, -0.012754711022334813, 0.03758483038872177, -0.024136291668643565, 0.048916309147907906, 0.02251054398076603, 0.05450420840807249, -0.0744187362546434, 0.009447890016315432, 0.005778722044234312, -0.02006531123223244, 0.0385387518412379, -0.01061799319171816, -0.022861128256875977, -0.020472340838941422, 0.010758460356228116, 0.01700683470600865, -0.013748423657607497, -0.0517580532141799, 0.060027731113089525, -0.008308693161916035, 0.03989160406878657, -0.09019039479325898, 0.010806852182209175, 0.005792461221314186, 0.014666830641905142, -0.05081287226969639, -9.600766991669175e-05, -0.016797274473281762, -0.006321903069198251, -0.002791495433734859, 0.046342333254845075, 0.0016960139491074909, -0.029460460425817323, 0.017139940593400817, 0.010537191977578705, 0.08962159260685061, -0.1016563858894297, 0.015355343673836978, 0.017797516313350154, 0.04243627393022064, 0.032923162359508824, -0.02993264196006461, 0.0130693682572762, 0.012359698886705782, 0.0003929455801540978, -0.025772612811752586, 0.002359780962349358, -0.03711460664789643, 0.09552274397039254, 0.032169819489878314, 0.04514540649953441, -0.06375195739013532, -0.0013666810565111113, 0.03882095757413383, -0.00657957435881436, 0.0032537663723258355, 0.009242941433243817, -0.041987555898300895, -0.04843388772042287, -0.024696932767507035, -0.03336334315882895, 0.03016346509206939, 0.034978626622225, 0.04800016188225224, 0.0508781611516739, 0.0693312393887669, -0.0964968654325277, -0.044952995158713316, 0.016553081514530225, 0.01123682684538933, 0.030184730038599884, 0.016137057354267348, -0.038208833583503854, -0.006502532309621213, -0.005333729680174496, -0.034599027274455935, 0.005954372736629097, 0.006151842739334522, 0.0011736541883534224, -0.0002605563890743496], [-0.01432845805007963, -0.0883043763473373, 0.016397572336341967, 0.010710897807205876, 0.9155660992822394, 0.03157462834042012, 0.035796362206246414, -0.10422616381221754, -0.011180034264062111, 0.03330979545786558, 0.04218661513173029, 0.0033939176637511745, 0.014446263885378986, 0.031018194885867045, -0.030054036125626602, 0.0021503403789910752, -0.013327608834436804, -0.008967993130327898, 0.007626712549964013, 0.0013172241613424842, -0.015422857615452291, -0.018478869413476245, 0.022261604090006867, -0.004670297657605193, 0.009687858865872699, -0.004230290266445178, 0.015375413352134576, -0.014448513700473073, 0.0006039272184522687, -0.0006040366797824094, -0.031367544158862226, 0.06833203361109962, 0.004575220076461153, -0.05931808690195969, -0.012153043413254117, 0.025338734480852946, -0.10962400395381086, -0.004941434061850311, 0.03681688717649048, 0.009047836432833335, -0.036611204078264986, 0.01346137074622475, -0.019719534091298778, -0.013569942609379593, 0.02762380064153847, 0.03095505908088196, 0.020547382087844592, 0.015237672333371045, -0.011491999535478397, -0.08519238048950496, -0.05590528432032458, -0.02522372312623386, 0.053018042219359414, -0.006681430880504137, -0.02259630669082421, -0.059062842181255994, 0.01724470177008421, -0.08409249395544192, -0.0398351517173506, 0.001618955938923307, 0.044458965013609276, -0.009584753635937034, 0.08546018440285573, -0.012881619301474209, 0.06546133515881762, 0.015846646027543248, -0.0022097906686562854, -0.07445291340776482, 0.017732633278416024, 0.10412150982952638, 0.05704349268955662, 0.01629440335704929, -0.05924382939219304, 0.012999815117489955, 0.019171628976720152, 0.02950107389237721, -0.04268162093424002, 0.029878481170631768, -0.009684292256765916, -0.004983264371449398, -0.014317161818914815, -0.06440087407406636, 0.019195805078414934, 0.03093268160265023, -0.016039448307451395, -0.051092985547919696, 0.022549551658985964, 0.034273918126168396, -0.03270383072422437, -3.219056115286756e-05, 0.013784637907658754, -0.011412562072341452, 0.02360011588487974, -0.04069480893494199, 0.019545206230305527, 0.03531378786570534, 0.007772228661113542, 0.023591997033194718, 0.01963999569256326, -0.09894510211983373, 0.022524001658936376, -0.03804766486834625, -0.08252420659960531, -0.0065340452985772415, 0.025483291869174904, 0.02180365159742908, -0.022927671425493838, -0.03990021352593162, 0.005583760959570515, 0.05734570828614589, -0.0017650896533285103, -0.02188286153380241, 0.019730928773354046, 0.035255822106102015, -0.022042234584952164, -0.045019975361587874, 0.015849990670339268, 0.05470512918008422, -0.01367023278327168, 0.04573191110289573, -0.0047303116319181585, -0.003993162991862552], [0.002490657645783754, 0.0010225802538301194, -0.012289798647052187, 0.02033060545754355, 0.03157462834042012, 0.38459466510346174, -0.052812256137148635, 0.0303349772684237, 0.012372546837103716, 0.003389690918808587, 0.03240083331177979, -0.01475475974723355, 0.017237617927309674, 0.019961515185376463, 0.01549190403185824, -0.0021240795715832973, -0.005756683586445578, -0.003305147693513642, -0.004194339264593745, -0.0004560281817951425, -0.005278950727504936, 0.002879525425721766, 0.003305279524202942, 0.003715408674110752, 0.010652814014265884, -0.00750847794273976, 0.012830939684073023, -0.004456574299079397, 0.001423184697717398, -0.006825949179021143, 0.03764590637216999, 0.007117825982119518, 0.01808668341091151, -0.008005794398750987, 0.010221802132323678, -0.0059411147203600875, 0.005613011184718392, 0.010811087396599516, 0.0015028901637729997, -0.04913668368307866, 0.04485403718342731, 0.003413609570690527, -0.018224003301163638, 0.012261097610519215, 0.08110724707493512, 0.01888708143291103, -0.019407722667795963, -0.021086352414426704, 0.00947863602338026, 0.01467006860808123, 0.013255072536506004, -0.05527152166942137, -0.044308192176433774, 0.017092269872087222, 0.011734781002141006, 0.014481248380623942, 0.029108091354248793, -0.04095019382459566, -0.00603248460293879, -0.035940904765789775, 0.0262030186653403, 0.004512212312302382, 0.0022764899693236565, -0.005059641257981442, 0.014073534151169022, 0.013583774012524847, 0.037819845023313765, -0.004068928187756175, 0.009649586986611513, -0.014307448049897694, 0.04876910040228337, 0.015609668741420116, -0.026707944210359623, 0.0036553742289014224, 0.02269420553571793, -0.010058812167586976, 0.05372513962150172, -0.046489978683480794, -0.01021733807286048, 0.028269713762576223, -0.00784982395835388, 0.025615337293850262, 0.002500185755980856, 0.004571960010052522, -0.0394096062812115, -0.0025224051124999713, 0.025194923630760733, -0.049058323438083945, -0.014460455169150274, -0.058599664120044775, 0.023070171386469468, 0.021176884072728965, -0.004837673177107168, -0.006270451475166969, -0.043306652022220324, -0.042920818790654174, -0.035465285368954984, 0.012153855489791457, -0.04529893512755293, 0.011144740307467883, 0.008630904624501657, -0.013534541402224392, 0.022894190927774827, -0.03479961123637321, 0.006238960558969162, -0.05408305427200081, 0.005920159126808009, -0.0007283692750923613, -0.011133982365746744, -0.0067728099856017255, 0.013648870957466669, -0.009715145398698194, 0.03599636659450659, -0.03025566171945801, -0.022883175598787015, 0.06800288984937114, 0.004803682296484584, -0.007830356037020226, -0.003574930975951763, 0.002728337580543128, 0.002149591408321912, 0.0025563859490718172], [0.011121604423215138, 0.03605411127266594, 0.019351088285282165, 0.0205696371546099, 0.035796362206246414, -0.052812256137148635, 0.8735718858557675, 0.003649368607262438, -0.004381935864517451, -0.02318902271481281, -0.022710093122836394, 0.01017609999084985, -0.05003824864680593, -0.01546463936115487, -0.044723534356225315, 0.010242698187432345, -0.003731313797542267, 0.0075537861537122745, -0.0006009670688919206, -0.014644958334454894, 0.0018032785730143796, -0.01771425893991068, -0.010890339410629645, -0.0008698090857064962, -0.010302144729431653, 0.003394594201312694, 0.003598919011049858, 0.02143390851922602, 0.010464428772343931, 0.010349598656376175, 0.011585572683450422, -0.030206274160897696, -0.0031776446497525607, 0.036899546347058, -0.012649655608901259, -0.0033969369927673828, 0.05085859342917828, -0.06114828586694219, -0.010454730007312561, 0.02672477559597425, 0.005032957391174905, -0.02170586693388773, -0.009648412511272787, 0.04365708856658613, -0.03637838508309542, -0.022571137540653548, -0.022697608516957023, 0.06779200052104328, -0.017674298992709527, 0.01654431620000683, 0.0154172875000268, 0.02326373746553862, 0.05156360128428685, 0.020776079751128995, 0.04011028907356129, 0.055440201083540024, 0.007610173958985488, 0.009246840080277917, 0.027440607913452788, -0.02582499950075629, -1.6739442331495013e-05, -0.019749974885036423, -0.024106704642216144, 0.006078491349452859, 0.059630502836598945, 0.020177636352583204, 0.11579963554648974, 0.018491470839807508, 0.009850207201957572, 0.029948935177531184, -0.008225756602944119, 0.0074913974609339086, -0.019946564864657464, -0.030267484215035726, -0.04305434944121074, -0.0317206055640501, -0.03161753407344599, -0.024355747376698083, 0.029022506895196285, -0.055474889525135206, -0.008551503053850489, 0.06091820019811601, 0.027286243988600255, 0.008918131933861356, 0.06869692118017302, -0.057914249713284134, -0.005747007622881971, 0.007457536975421298, 0.02357882924851989, 0.027224696733900027, 0.060962706081164095, 0.02592807442787512, -0.011549760751879497, 0.016106571766127634, 0.02847730284981228, -0.02076569180686441, 0.0410629393213423, -0.0321099582322505, 0.028499221326387533, 0.025986815225927423, -8.504395917671766e-05, -0.05094515764179016, -0.049206170909968115, 0.017439946937173528, -0.02609929941887011, 0.035085009867616736, 0.02948288348371116, -0.03294846547782861, 0.018935517478171016, 0.05143894153825967, -0.014259028383754247, -0.02944027232552306, 0.015766750437664838, -0.005651021373943545, 0.0203303015108644, -0.06886996603566939, -0.010593942508224125, -0.00895257272152507, 0.019268043365677057, 0.0283559204112597, 0.0020240430657068142, -0.0009144485478784403], [-0.013337779840002756, 0.022518596939000844, -0.04360445176310553, 0.047476687991347535, -0.10422616381221754, 0.0303349772684237, 0.003649368607262438, 1.1337852527450767, 0.01617816004043689, -0.002771124808778682, -0.026002581664513705, 0.03349880018366812, 0.10256575867266637, -0.0572637604957381, 0.04889405619461628, 0.00470606454201194, 0.02212465228827681, -0.0012563178958532376, -0.020983782711345114, 0.014731670550166253, -0.008111123408781487, -0.00349745915393254, 0.0003269614588571726, 0.004078756590823648, 0.01942119891844971, -0.008939041860606437, 0.006054410907609343, 0.024725323010077082, 0.0005132015156583934, -0.007227410400013289, 0.007402504418050919, -0.03619500677297965, -0.019654502004591918, 0.019707109695225215, -0.07007397209730835, -0.03454783025287468, -0.014751257230984142, -0.09621668663195863, 0.009172372495712152, 0.000882930483765127, 0.05172006921532341, -0.03472094001028714, -0.01332971286414953, 0.023879380724331944, 0.02369005269776885, 0.010883700287359844, 0.03416122298892627, -0.03459659573269677, -0.01863433203671171, 0.02156928085976474, 0.01729933610600006, 0.017984566711496695, -0.09412494852917627, -0.021736298105666952, 0.024576517320268214, 0.010551561531663768, 0.022262516862178408, -0.03139788442586713, 0.03609622959866381, -0.004830450455133476, 0.040601784240697054, -0.04167343593091265, 0.028598005044076343, 0.014969903524401347, -0.06480510400037509, -0.05088679876843761, 0.026594911826398903, 0.10012874546885452, 0.0318260305104421, 0.050845863013155614, 0.0031403891271540676, -0.010352493198310234, -0.00763033894380122, 0.017871725034013557, 0.016125550555196662, -0.014731125677964847, 0.09139746979312659, -0.03376128265620587, -0.06704628697865521, 0.07202226276189194, -0.021739126353938463, -0.04054931284683116, -0.08028031670358053, -0.03471031107986775, -0.07413650843009237, 0.02151405270305213, -0.019871312761166247, -0.03717512151825384, -0.045566361246688135, -0.07358112694362132, -0.023882158050552656, -0.012309905751585377, -0.04270350497634577, 0.004101456363972155, 0.0043883595879345766, -0.06528738151615426, 0.035633806318658055, -0.10798818768440743, 0.012819226438834534, -0.024832321910805377, 0.008666348349896885, -0.004141134536954956, -0.05535731395436553, -0.010913710316065457, -0.04677256505352379, 0.03340307096835966, -0.014369136565941744, -0.0649614024771776, 0.022344541348611306, -0.03743724349971882, 0.02156466283824436, -0.06872636860097966, 0.03100131831020546, 0.03384204532259641, 0.06443598018148813, -0.02550287793844388, -0.0013939753713019874, 0.058032330182303, -0.01694289805014714, 0.038704206966922304, 0.006853429610952567, 0.0007958295453631176], [-0.02739920706846314, -0.013139886621057395, -0.02501924028952961, 0.014654240943160405, -0.011180034264062111, 0.012372546837103716, -0.004381935864517451, 0.01617816004043689, 0.17359500723503093, 0.01906970237047359, -0.012574433298605933, 0.010393360055276224, -0.008990270850702715, 0.03140218566154774, -0.0011181728457760965, -0.0068468252253726675, -0.0029810035161661275, -0.004485999367426883, 0.005539635772814667, 0.014287404299084441, -0.006164232911170029, -0.0024393229252640436, 0.0009173393350581405, -0.009980424084181498, -0.0011177000047811522, -0.0019273639075672701, 0.0020891840982708364, -0.004396628714078008, 0.003058578685894621, 0.0025144815882948927, 0.01364896650095824, -0.00013811871961265523, -0.02835828466597102, 0.006911379779895195, -0.006624484828442903, 0.01186087522448659, -0.010496155734698953, 0.03211960487824614, -0.1106966131933356, -0.014105620855271618, -0.003946534017820996, 0.0012507633012081387, -0.03070151366683999, 0.02360598520787163, 0.005299916180489165, 0.031049457910541457, -0.002842785046653875, -0.00483533824781526, -0.002943165097355861, 0.021785499567125895, 0.005167012354926888, -0.048953344843622536, -0.009723660420459997, -0.1085129868684787, -0.011601194313733455, 0.01067277231004827, -0.0015934735994606257, -0.0022860079077021366, 0.0210416624159677, 0.0002552430952145224, 0.010842006405559382, -0.005462675364198136, -0.009826873621381411, -0.015972400329172583, -0.029629994687624374, 0.016723927734829173, 0.018886790096346858, -0.00397117941602516, -0.11971808395257275, -0.014401955566020386, -0.006661584431208561, 0.0012947372274010253, 0.015397453145476534, -0.009986186302001945, 0.005302173375983969, -0.01349147400918998, 0.03252826326958696, -0.016137064853569333, -0.015530405428329416, 0.015501904277187404, 0.0017268460690040232, -0.02736198941903049, -0.03085220542513006, -0.12133518398201878, -0.002809024232050428, -0.005740504866811832, 0.005022360224595985, -0.013853255493180327, 0.008558521851848744, -0.012158317250390153, 0.005225674805137951, -0.02523604552378089, -0.0014795688795996716, -0.006087797382625036, 0.025832588661376988, 0.00523610220601969, 0.006464345487119026, 0.005975380617628804, -0.11521533191863705, 0.013512624972120647, 0.008544879980397692, 0.003906116879026127, 0.0368068258506591, -0.018669814490792126, -0.0016123159955039625, -0.006151513236578345, 0.036478713720587766, 0.01626858887458137, -0.021810078163628496, 0.03225157118363977, 0.016232409154765728, 0.007014236254268057, 0.02948062572163703, -0.1363494355245044, -0.01668188172984271, 0.00781330054906094, -0.005853356333738777, -0.017914730656941737, -0.011840985458323012, -0.02070093242365475, -0.0011500088586290493, -0.0010431561879638007], [-0.05369183912893098, -0.028051617359546553, -0.059790048963705524, 0.06993933551605734, 0.03330979545786558, 0.003389690918808587, -0.02318902271481281, -0.002771124808778682, 0.01906970237047359, 0.8199482031070524, 0.011292390810773226, 0.012998129109748121, 0.057333466608410856, 0.038134404977372756, 0.10660699598048726, 0.0024472626587882, -0.003849184872461553, -0.021494567253335886, -0.03171680119606378, -0.0008643605646706293, -0.018436745713643066, 0.0010214394753797157, 0.0018816170059557612, -0.008652485065545067, 0.0226713059986845, 0.007364757886919795, 0.003901064535264234, -0.0009761599927923788, 3.6949967609588904e-05, -0.007553005552356167, -0.009031523519703507, 0.019348591138432396, 0.014057815921854245, -0.011191178392379953, 0.10933400022219392, -0.024738128767952016, -0.010151460677599032, 0.04825686803941953, 0.0114674607431657, -0.008398629188832926, -0.0010449496516868727, 0.040933948432365766, 0.04416886654294114, 0.018304143642536554, -0.051757626329517685, -0.013863100919237313, 0.04765052976079724, 0.02601619353224238, -0.07247009923477549, -0.04149234758408399, -0.016612796620967898, 0.03916810812897578, -0.061030498643478565, 0.025073021831652952, -0.0396577621557569, 0.00042672227213100966, 0.0325284431735817, -0.06999927393530048, 0.016051158699476598, -0.07112269737902577, -0.02068465131061938, 0.029964416366714427, -0.021456495108816493, -0.019017853881031766, -0.040174723282402736, -0.05377559611420537, -0.05708222031206458, -0.03803297097965882, -0.03595385494069261, -0.09106791674069645, -0.019664184782291746, 0.02168373381247811, 0.06434819902101961, 0.007390133774490548, -0.0035579335962116288, 0.004279403245718193, -0.04973421548208506, -0.008091992537272373, 0.005708559061152867, 0.013508971506950912, -0.03261287740901271, 0.05889725148164809, 0.06447754892545463, -0.006584322022117988, -0.062219323918034836, -0.05870038979785951, 0.056531893018905044, 0.04889418366964635, -0.011854380109064045, -0.08720487010475408, -0.0033150416364736853, -0.0003332752291802788, 0.0783987155444323, -0.05080699179340392, 0.02490302579049076, -0.059075338033276525, 0.023325961261457615, 0.04965727232838094, 0.0072158533532717724, 0.087123744678881, -0.042654090852451074, 0.007850809408679951, -0.05959927414595905, 0.030990189943392456, -0.05850379586303489, -0.05961591024601678, -0.013179314390196482, 0.051232338805559795, -0.044793155426762044, -0.02251777550300051, -0.011475559399542154, 0.030259637041031788, 0.00513076411534435, 0.02664926826452693, -0.11617345616301125, 0.0138175743875842, 0.02365191856343504, 0.008091119549164758, -0.014576766628133817, -0.07100483824737777, -0.010195786978206089, 0.008867653675617523], [-0.05728306500855056, -0.011097572440232422, 0.0486601434569177, -0.057800844810153997, 0.04218661513173029, 0.03240083331177979, -0.022710093122836394, -0.026002581664513705, -0.012574433298605933, 0.011292390810773226, 0.277593099994598, 0.007440006655035148, -0.03256892670776171, 0.005474606941062586, 0.05122769381910962, -0.0029321650300954795, 0.0017127246411539488, -0.0033736735581688976, -0.007399746086064325, 0.00812731554995538, 0.003970409756053322, -0.001098039412608064, -0.0033284639451873375, 0.004478299886976123, 0.008535459666713189, -0.012844734275919879, 0.001215429259080728, -0.0012354921775514997, -0.005184447333099033, -0.005089614992111788, -0.006347576050236752, -0.010661631788482393, 0.024403347319691463, -0.013230094958292858, 0.04294517282998479, 0.036202720213211484, -0.046350343471336, 0.027912725533164203, -0.016453596316556827, -0.025439075945917513, -0.11309414963083869, -0.0020816511515118, 0.015051637565380352, 0.0026824440098809437, 0.008326882008660538, -0.018721505541423773, 0.01198411559808304, -0.0026255369768946797, -0.03314017510910517, 0.008146045410983559, 0.04080724895223906, 0.005367107718632555, 0.006585945213237326, 0.013459870149534635, -0.027015339938518342, -0.15897195050413984, 0.0015508794524822993, -0.004623620630674648, 0.007460312897512684, -0.014511423537444352, 0.0024635344831049543, 0.0011693699486834753, -0.00369115704971924, 0.005431122721691052, -0.016811399480987484, 0.025313105612488406, -0.018303558271205844, 0.019855394736085434, 0.035989515763896626, 0.029359632719863273, -0.17547251324871307, -0.002395634006780758, -0.028318374670660583, 0.04481711372624786, 0.00896805652790675, -0.034744589250325045, 0.019983681837326392, -0.012681706431947356, -0.007672680936642901, 0.023148645128907384, 0.014095551564641614, -0.0203793328131658, 0.042973903465336506, -0.010369593629849736, 0.002728485495680226, -0.14091547476498514, 0.007678415137204128, -0.015904706544988916, 0.02080448784452444, -0.03001248689267948, -0.011651096433612548, -0.018118008582103173, -0.004714253090820962, -0.004463843802032975, -0.000927140530342019, -0.018559958650669527, 0.002450100281752446, 0.0233793208076263, 0.025071379878214672, 0.04675855255479198, -0.16836795434097865, -0.00750429479918831, -0.020261442409017616, 0.028478752054921893, -0.012221346177013202, -0.02853054729241306, -0.0018611241580785787, 0.03956001536718446, -0.014736413625994248, 0.061182663249517606, -0.0064791913722241625, -0.04013189701942914, -0.03430171899435415, -0.029581584572766256, -0.00488230974826022, -0.12061007179157483, 0.00046079595798595495, -0.0027298080896730934, 0.008359002810681644, 0.011361292494597547, 0.0003023634898340729, 0.0019381639875290049], [-0.05478951219425802, -0.018931642298083563, -0.0024751839857108165, 0.0024146025833070785, 0.0033939176637511745, -0.01475475974723355, 0.01017609999084985, 0.03349880018366812, 0.010393360055276224, 0.012998129109748121, 0.007440006655035148, 0.29542781345554103, 0.05294712623316242, 0.008226243770201739, -0.0489923650401822, 0.012704876536027395, 0.01080340268311577, -0.0026657303973977244, -0.006820550103426835, 0.010925637823363348, 0.015087838188467827, 0.005296615638933549, 0.006775886046717292, -0.0025438134905447643, -0.005181559791017372, 0.005433876850353576, -0.02153093496794687, -0.012443548903988313, 0.0062124406857259435, -0.00298652340942923, 0.0071042585029019965, 0.016144620046063374, -0.006045169604514496, 0.026960659551051182, -0.035225122371353355, 0.006069504711953207, 0.009666210661206253, -0.03777614400271693, -0.004619144318871464, 0.02377953597040435, 0.0013159199861201376, -0.16858206599246245, 0.030961506761908352, -0.03112551668716292, -0.043692182468054966, -0.025435893952542577, 0.021278998426162415, 0.004379666528135991, -0.02012310735720784, -0.0006275217500472418, -0.02384252332904964, 0.07375525351560465, -0.01585494793184967, 0.015204269638637425, -0.0027181590468448244, -0.0025574115592526007, -0.2014024687461071, 0.014066859971014568, 0.00558485568779329, 0.00210327247420356, -0.006661778075212362, 0.009858806515241897, -0.02578021754097882, 0.014980279134153725, -0.016916042087277542, 0.035874472071621186, -0.02481429621358271, 0.0014979480071517137, -0.007976837563533274, 0.021411832789846815, -0.008294627853909683, -0.18885122007191107, 0.05358190710507748, -0.007009891156257609, 0.03147147618670021, -0.04186605167516193, -0.016218491321743057, -0.007565498170802041, -0.008842815191926322, -0.03092993796252328, -0.0028959204101913767, 0.004321929309928896, 0.02319570950375254, -0.03791815035508521, 0.017389880260257253, 0.02396435336120977, -0.20657704766582397, -0.002510484714279617, -0.01965429005755343, -0.002492789382029338, 0.02111349476855644, -0.013285066059122552, -0.025912317306677028, -0.006855286495042581, -0.010576081012427734, 0.0071518168063122774, -0.026062360727210996, -0.007700471093742112, 0.018711719923633824, -0.042011938468758225, 0.014785046867341582, -0.14529731198870582, -0.006046013180413963, -0.032493264464488684, -0.016336258646655347, -0.013636810804872375, 0.048938456563040494, 0.0014801709885471402, -0.019221985524544197, 0.00010833114609159468, -0.020905089553583264, -0.015625784857657355, -0.03708801441009879, -0.007292603841416594, 0.03685924652212562, -0.0067827242496597395, -0.18853924172870612, 0.01321334305360673, -0.018704909613797324, 0.03484484214267226, -0.003241681515429213, 0.0010140951490406336], [-0.007473963192999796, 0.020246094509860375, -0.003269436147022977, 0.07399205806280859, 0.014446263885378986, 0.017237617927309674, -0.05003824864680593, 0.10256575867266637, -0.008990270850702715, 0.057333466608410856, -0.03256892670776171, 0.05294712623316242, 1.0159840157562612, -0.11523687056507723, 0.07464707273604818, 0.005502301622617234, -0.002330179296573677, 0.0013752659197845663, 0.001008111552891725, -0.020862660784884034, 0.009023324306956864, 0.020566124479269896, -0.008174519630703798, 0.022505495848317368, 0.009607135704751251, -0.023362665476455352, 0.03233005471720031, 0.0006534336822990359, -0.0040701595060372246, 0.011340312976108026, -0.03671779548774179, 0.026743407953601778, -0.035099926459823204, -0.019862143772785334, -0.006840674201223845, -0.021095333648487414, -0.020699103584442418, -0.10425183729152092, -0.0351178738362788, 0.10705330185029173, 9.925059424369788e-05, -0.01653888025881427, 0.10195875577376891, -0.028295110041885934, 0.09492182665088221, 0.012680028596654454, 0.025859373569924488, -0.06819441632465531, -0.013037814407278036, 0.0023823879590979618, 0.05899847597727763, 0.11885223422520565, -0.07301992350707114, 0.033209474335459885, 0.03035128908483052, 0.011098541101281549, 0.006516954508737841, 0.06046533993075035, -0.009408735308271092, -0.02609433236291276, -0.10219016685862879, 0.0003537830033810989, -0.016840014493311475, -0.02215351709351852, -0.04106193511902088, -0.03111861667041159, -0.04061672888428272, 0.0034459781383653376, 0.0005187819266417049, 0.00019590776230245127, 0.04686448301687062, 0.019894717678230558, 0.02414970594503297, -0.011694148859411254, 0.041616802467430346, 0.010328290003056266, -0.020954945624061947, 0.01154991164281007, -0.028170272725164987, -0.09847123187381328, 0.046340089065657314, -0.003577655973124925, 0.06935227568690361, -0.003019329760361718, 0.019381110182430744, 0.04387222238092032, 0.024903909391939257, -0.0030396786676432073, -0.02755373874183971, 0.010267776554782804, 0.00841277710826913, 0.0453554866968081, 0.018912593551350568, 0.034790651016376746, -0.03650954724573255, 0.015857794079249827, 0.042777724073313025, -0.10271243646513781, 0.03675329648125998, 0.056074411196706565, 0.017667889977258464, -0.05045024968711243, -0.022642026011761872, 0.04924418671134415, 0.02577983069615569, 0.056441679889680275, -0.02924562309567566, -0.022778284023288423, 0.0519832951948272, 0.03544450395289758, -0.03531433701239102, -0.012705275740700753, -0.019333692238410926, 0.01610650828848393, 0.04035602788977296, -0.038209452838328384, -0.01098506063186411, 0.14641531538755684, -0.038658301895437196, 0.03331798239620249, -0.013064371890789963, 0.006606697784784532], [-0.02698950903083701, -0.0057903311729669334, 0.016501682519595946, 0.0034864635167389736, 0.031018194885867045, 0.019961515185376463, -0.01546463936115487, -0.0572637604957381, 0.03140218566154774, 0.038134404977372756, 0.005474606941062586, 0.008226243770201739, -0.11523687056507723, 0.29385495575039555, 0.17418967738505645, -0.002584676536052827, -0.000829305888844298, 0.007569484078029618, -0.01013502025604416, 0.006469569523454256, -0.0063015163428123055, -0.007092668531447884, 0.008878143052409271, -0.005345842332678764, -0.009702114902644669, 0.010042099143691767, -0.005978303761606601, -0.004633424608597496, -0.025290514319812333, 0.01310580001444026, 0.011116646459361093, 0.01498321194427315, -0.00489240648514603, 0.021641526015803818, 0.005872569291786602, 0.025726762918489056, 0.013346654163281523, 0.023917975674435425, 0.024743539157255856, 0.0032078768987584896, 0.016934256779087012, -0.003919047129565667, -0.01346805324958059, -0.13943976828972213, 0.019588547905569003, -0.007610226957468284, 0.003876553498814713, 0.008345854427281592, 0.028586005192023874, 0.010110294871280734, 0.025548738882615513, -0.06328038906315336, 0.031966833287000396, 0.004189085237914061, -0.03939556916611051, -0.0008719252536196618, 0.00022444747192035405, -0.0248774730086723, -0.11899333810785924, 0.08113702973870193, 0.03750231730683791, -0.019156096813733377, 0.022310219012658127, -0.009820323229063468, 0.015118554112198142, 0.012347668848943028, 0.013348655193572014, -0.020652337539607896, 0.007012513214693057, -0.008418154418071658, 0.005933265123629389, -0.012344026686984871, -0.043843752944762185, -0.1466095593005142, 0.054955017999120524, -0.01892003917144452, 0.02939345524146036, -0.010212853573504824, 0.002260550392569798, 0.017561027658647338, -0.029459917301723277, 0.015051937396671754, -0.030901980983235502, -0.006854288855523138, -0.03422184112997184, 0.004485716001389789, -0.010140733929105203, 0.00044413636834796105, -0.14770725221945702, 0.022576380365393063, 0.0722718555163317, -0.022911156154409806, 0.0020296652196980015, 0.011132820575277765, -0.04240771872032224, 0.005297728331499079, -0.04494235424131895, 0.019656417888374876, -0.015232244641507306, -0.005011861505844919, 0.023366169973734308, 0.00047546073753296735, 0.010236186902632895, -0.15310515178621298, -0.0002610049914547906, -0.02960948185212136, 0.05584771716798629, 0.006518385951232646, -0.016506212559569244, 0.002228919821760301, -0.011089405176267988, -0.0096393028933503, -0.012628157507883823, 0.036724595313333046, -0.028428027070318565, 0.04015690573081751, -0.014769482006279103, -0.04914147537127477, -0.12759982126208513, 0.04230743426684052, 0.00019617127276460718, -0.005493071636905813], [-0.015997168362241264, -0.013249538265691193, 0.039996977244385105, -0.02646408976065172, -0.030054036125626602, 0.01549190403185824, -0.044723534356225315, 0.04889405619461628, -0.0011181728457760965, 0.10660699598048726, 0.05122769381910962, -0.0489923650401822, 0.07464707273604818, 0.17418967738505645, 0.991173414261253, 0.0009542349949018124, 0.016523668716010596, 0.007560828922726592, -0.01696836592848168, 0.0021786452388531594, -0.020793020179822225, 0.009830856238462362, 0.009539220464539262, 0.007406898985961374, -0.0012763249957641225, -0.011876907205135213, 0.018872790241730494, -0.010709563062471705, -0.006036135902760795, 0.013764688088461428, -0.06333912984896432, -0.0067897379624071415, -0.019704500629349045, -0.009888672955121976, 0.08994620708337014, -0.007967397969701993, -0.035841170263814864, -0.059301215546325815, -0.013181180200849737, -0.03945054961131385, -0.02355502721706486, -0.009753003666294485, 0.0141313650751791, 0.03474765526648286, -0.11570421433155234, 0.015634991085913062, -0.008465708390904448, -0.021036071060481214, 0.0175261768093731, 0.04506802071753569, 0.03464849264224296, -0.09909642769921932, -0.1025730881373625, -0.007269291255470988, 0.06329917175768962, -0.003427479084620141, 0.022950022140191633, 0.023087284277772648, 0.07782830722399277, -0.015147709769248327, 0.03602836184572563, -0.01663111104426758, 0.06983761379051805, -0.019937449576840835, -0.08967419279843693, -0.06282435884338824, -0.05899124059279113, -0.023863015135875867, -0.0008969693446579305, -0.023871815741815648, 0.017533641912741846, -0.016629540490482597, -0.0048210239725364635, 0.08226223770832695, -0.009641580558849575, 0.038789997547724574, 0.05007936874644341, -0.06932684394105126, -0.027547372011417447, 0.0738818422505589, -0.06259039767789207, -0.04267145504313993, -0.008651964148376146, -0.02082940510159758, -0.023670757004283453, -0.04310001069937336, 1.0260054544930267e-05, -0.01472290731921951, 0.020123234406626746, 0.026419757861026676, 0.030384622479127987, -0.021078223595719037, 0.02203641860