{"inv_metric": [[0.5318598501173369, -0.25103024688708525, 0.05880142228379959, 0.27446557860691423, -0.010041303972638164, -0.0030396914481205586, -0.04088243863722951, 0.033547263015293004, 0.004359193677282873, -0.08729212691566786, -0.06600314227921023, -0.07029917054307822, 0.0004456041901338301, -0.0001290290806218531, -0.0019119545673090914, 0.006174518289279363, 0.02622850624110479, -0.0011943126995131346, -0.013236305378567993, 0.015574294152549819, 0.010689067958528295, -0.007334114208625745, -0.006154415277990753, 0.0027513055998619196, -0.0068403712389840865, -0.003663702506085336, -0.015402911856400003, 0.009890303619297701, -0.010687390276646898, -0.0028222190235999488, -0.0831587183756856, -0.03812172698174583, 0.04859061187604487, 0.0029382229593661003, 0.06759545354135807, -0.042641307764942696, -0.03814508033896299, -0.023421363662373518, -0.006237768557971044, -0.051830858325935744, -0.006354951582080418, 0.019877061788541477, 0.022158280321863906, -0.006226523813670396, -0.023732480802575884, -0.08286745200249199, -0.046646629622474796, 0.04742282685532263, 0.03800506693594426, -0.0075656496535216255, 0.046710636535443745, -0.013312430660954899, -0.004973146761074143, -0.0030743916972989327, 0.001194438758902022, -0.023760643172835376, 0.03269446279681331, 0.03950580142153436, -0.004992552974788577, 0.008766089585819878, -0.10047326449687645, -0.027532020908501875, 0.07240558462899475, 0.0056208255747702655, 0.04985490423280226, -0.02541735961838315, 0.03146897501424486, -0.007171164323010348, -0.026917657455230812, 0.024003996114232207, -0.023896189075967095, 0.014471715081236108, 0.06519603145270358, 0.04382034884485639, 0.06185330880289042, -0.07017470958117705, -0.058398752959500276, 0.01658398683181436, -0.024467039741889303, 0.09976880328053396, 0.05650966066839741, 0.06483889143721863, 0.027382632591115768, -0.014643664763012664, 0.03724255137587005, 0.000802311198497287, -0.02742181556221089, 0.056245915095667814, -0.014649345592800603, 0.021082088200341235, -0.10583694049809833, -0.005006626266422898, 0.04883812137448688, -0.0024471315921964186, 0.1264471228973853, -0.01418749750728138, -0.024975873036500094, -0.014612475135203007, -0.04663118217405985, 0.02064298321438299, -0.06171389055393565, 0.046327724857987106, 0.0083116397999848, 0.0335725259405628, 0.05032807899097176, -0.04422816995283762, -0.08245925640069833, 0.07991274331078882, 0.04189039425861927, 0.027478902212238174, 0.039020985737664445, -0.07236156135135091, 0.03012787564347824, -0.043949255568095445, 0.06787847850361392, -0.0038706748930104396, 0.01499115282418676, 0.055954109603347006, 0.005517201825618001, 0.022841124417033773, 0.009944819039170301, -0.002002414284706109], [-0.25103024688708525, 0.6907035521337841, -0.18051624119918808, -0.20077135396652093, -0.027466177689281526, -0.015009920418161554, 0.017739202333301014, -0.020576381820078826, 0.04692063570357894, -0.004677857934334413, 0.07273287309045287, 0.003700932666225724, -0.005162646523846385, -0.003957088705360351, -0.018078482912885826, -0.015645486818525733, -0.02938943791366167, 0.007570564309504778, 0.015147507212028623, -0.013261023084003494, 0.003934701190610138, 0.009023000044261023, 0.027789456447139455, -0.012383112403690534, 0.006600462560832396, -0.006925402902093802, 0.0064040685898914375, -0.00725501839140925, -0.0017114112276377324, -0.003070602628105298, -0.03245360465077063, -0.058140459361321395, 0.03882552927721504, 0.037375065721921674, -0.0020731797014346682, 0.05119037563374923, 0.0016189802238989618, -0.07531162733487387, -0.03335870528921672, 0.03390144339991368, -0.015170086650692359, -0.00578422648047364, -0.04876930543161862, 0.04560165189572213, 0.012417404019811656, 0.008555185192794752, -0.07613070521673404, 0.08545572411242222, -0.0017928184760858386, 0.0010266027854526954, -0.031609058789617166, 0.07651443397536825, -0.03333648964904698, -0.032992466457312866, 0.04235338696451875, -0.01836127104403565, -0.019379161383287095, 0.030026330346247403, -0.0008576959810893953, 0.04784663602312642, 0.021150228112847034, 0.013918298916565267, -0.009573373391351976, 0.020921388627104055, 0.015401769164611752, -0.029594414363922326, -0.06861155551237004, 0.041542732753008675, 0.0059303827758240045, 0.014840791506937638, -0.06151394612630604, -0.012346134266607406, -0.08088230309368873, 0.009356982327872397, -0.016585454468822817, -0.0008712194464104527, -0.0058181834116625844, -0.019770622641868796, 0.05710964823285849, -0.07160870534169052, -0.041726820601431326, -0.0008063644201737843, -0.06760571978867415, -0.0608634010407731, -0.03733349174827219, -0.04949423862300794, 0.0010063310775930833, 0.017835202653110428, 0.014880171522922297, 0.016280375369999624, -0.03785611417726028, 0.010852548008439745, 0.009246071393014213, -0.06218920159869491, -0.053236463030228394, 0.03678557523740461, -0.019413916172973143, 0.05705418423329083, 0.013613379721847653, -0.08933593546382651, 0.010400912815115288, -0.04265342998177623, 0.0129085377101584, -0.02802398527172511, 0.03134575100205937, -0.03909714715817044, 0.0025159231058082664, -0.019467782446897487, -0.04612201803639569, -0.06105943329754764, -0.035452029380193255, 0.03144820720347504, -0.028548659283110796, -0.039186227926028154, -0.12759789558729026, -0.01900289916120975, -0.015430161433573028, -0.08709862472757045, -0.03231338497048705, 0.009857567036838887, 0.008124889969269827, -0.004191913734407252], [0.05880142228379959, -0.18051624119918808, 0.37545837308803, -0.0022969372134014282, -0.03274447931019502, -0.024395885386291626, -0.0595545518888561, -0.03402582419368369, -0.043592714540809055, -0.029785826376050775, 0.06313246266134845, -0.007916951678675222, 0.01560648813108903, -0.00749227742908652, -0.007766496024145408, 0.005287037127907215, -0.0033028577387266564, 0.011492444362753693, -0.004473546982622878, -0.0005229393152837431, 0.0023361048775061262, -0.005834808230931063, 0.000841562288667235, 0.0008280618216497879, 0.00543349877239787, 0.008801267358052844, -8.194730426532494e-05, 0.005557786124770597, 0.006910123244920603, 0.008263393111925428, 0.05238943277675576, -0.008547349254348894, -0.12980633618355605, 0.07522195500022107, -0.034186985836542234, 0.0011732263979292365, 0.0776841059542779, -0.004674028564566601, 0.004990273890286328, 0.006936660062463914, -0.009689239788858791, 0.019405246209509175, 0.05156122722471135, 0.004586609238400742, 0.017530190929048874, -0.03201137041239565, 0.06880923401077707, -0.0720703872292495, 0.015020113621591145, 0.02068763511791539, -0.025776057590110358, -0.04628734464945552, 0.05480063014356539, 0.008678961220457838, -0.013481551314295839, 0.04027527659296802, 0.01725935098765453, -0.042641699732813954, 0.008587883089223924, -0.038347129753559785, 0.019805169755612938, 0.011182188975712956, -0.021508426401268342, 0.04681808726666367, -0.012684998546593029, -0.011818492680201076, 0.058443239798133, 0.003980167890537052, 0.020012875713041438, -0.07218128953369941, 0.023900508280289615, 3.1958923016555374e-05, -0.027891604086143572, 0.04685547100033186, 0.0019164899309460407, 0.02835755539582724, 0.001792989340810656, -0.037171962110020856, 0.03964137071249764, 0.021731242987649918, -0.009254014032056633, -0.004981929586845474, 0.009587072499720638, 0.013837850037166874, 0.039733805567613974, 0.010686276588277635, 0.006480265565849576, -0.04124511223562805, 6.601471864203288e-05, -0.04710657180764638, -0.003472316766606075, 0.014461373837849971, -0.07957315746578758, 0.05412767342969131, 0.056734843005268605, -0.024822190952871328, 0.015896732551507226, 0.028718688881796014, 0.013301821573794505, 0.03828174392863493, 0.025711925201922673, 0.025472059517096954, -0.006728478317230222, 0.02277382726135085, 0.0036483233009914668, 0.040840494469238306, -0.009457117726730687, -0.09217332082057014, 0.08300815896946387, 0.04794409285945957, 0.007540129610543144, -0.0625330626341367, 0.0005672904249490415, 0.05436113801313298, 0.0050370634708487416, -0.004437791459372845, 0.012389433107529095, 0.05774160495043304, 0.023735135089456228, -0.001905096953068233, -0.01017249013437863, 0.00760807481575777], [0.27446557860691423, -0.20077135396652093, -0.0022969372134014282, 0.4152506863597101, -0.049365342225534056, 0.013435605339810358, -0.007402680430204221, 0.009422938808575797, 0.0216005673307638, 0.057325696162417186, -0.10689635344468863, -0.008394300832785766, 0.0709676973981006, 0.019519426786265854, -0.06954057357030966, 0.00852473483009675, 0.027466203230876736, -0.010965453481708796, -0.01862028856787245, -0.002682115912070549, 0.007293396900435728, -0.010725194725530044, -0.016156948756356163, -0.0052380952828086766, -0.013991933176478571, -0.008034461523261193, -0.007101418185760301, 0.0024543324940102494, -0.001805499400322819, 0.006714637862105337, -0.013533759667181, 0.02246682599653077, 0.03856512165726256, -0.12489354750573561, 0.06050685846347959, -0.011810871864816044, -0.10230131982528275, -0.006282026800967949, 0.007940104476590602, -0.02268423855169431, 0.025289914353530344, 0.0021906465583746678, 0.05051564040158829, -0.023746396721506455, -0.018132350547415403, 0.04540922678089863, 0.021858264593640257, 0.04715337141118466, -0.06352184944293877, 0.02315844067672574, 0.06441320503306551, 0.0010028163823384963, 0.02448590284538775, 0.021956625224456013, 0.008276928942689799, 0.011516297615512613, 0.020807762870429125, 0.06151358990192516, 0.018569533493532325, -0.009326876460306782, 0.05588203683893397, 0.02483854781888668, 0.07905782625941753, -0.10175833205465218, 0.019333621143666407, -0.028113309547641147, 0.060659021988747015, 0.017118163698089918, -0.053959001981434884, 0.05125914870285821, -0.01252531765102187, -0.018546411047677104, 0.0631646098942351, -0.009301506442002503, 0.020477868120762396, 0.031663827447334196, -0.02410630687973487, 0.056200542301737384, -0.09652590969472957, 0.04332027444961912, 0.03260096872914194, 0.06043052182849189, 0.0017152268420549328, -0.016485618308385398, 0.020947272370878692, -0.002279138464918451, -0.0073102287894683225, 0.011063113852646918, 0.011851661503552666, -0.014295059565498905, 0.037659006799949796, 0.028891674612069485, 0.07239494568235219, -0.06604454977575298, 0.05065337521257543, 0.016716752666458345, 0.021568963939437347, -0.006615038936139116, -0.029367288532571218, 0.018062862686240043, -0.056439120337800665, 0.01928755875033486, 0.04221677532030159, 0.0022797168264508975, -0.015159939757112259, 0.03231716010878585, 0.020560148134760394, 0.1143915225880425, -0.09290640338438517, 0.02217783466044734, 0.0404231876995788, -0.10288000835175878, 0.048675500772193125, -0.013257826812160539, 0.11322030651678985, 0.027618422367353637, -0.005467528175806206, -0.0038436632307317174, 0.02818745736628493, 0.03953234337698799, 0.009501117159843002, 0.0031845539495128266], [-0.010041303972638164, -0.027466177689281526, -0.03274447931019502, -0.049365342225534056, 0.9000479148918751, 0.021104544383767247, -0.05887654191951131, 0.028540151039236437, 0.012291789090419935, -0.05125643574595134, 0.02369643675709002, 0.011038628730863075, -0.0064091779262012444, -0.047375192993673966, -0.03677068790860013, -0.01894496281753153, -0.004359506967527477, 0.008185621589399781, -0.021757586831392367, 0.012513053662799822, 0.016919750927982355, 0.03131612062098495, -0.0015432105901346126, 0.014509951341802224, -0.001286838820675446, 0.009302582105192409, -0.02161359462672553, 0.009151869340206094, 0.015606708288534405, -0.00801735461652367, -0.03553014378163902, 0.0489932256595769, 0.030985281525186103, -0.010552815487374795, 0.01933128788121944, -0.01751546453774412, 0.023381016245568605, -0.04002338665449847, 0.016445413984829252, 0.03724800746989197, 0.033938025425694476, 0.014285757878018352, -0.024901224349513144, 0.005404675754629137, -0.0700226997026863, 0.052417769678412066, -0.04232155834956612, -0.044663469857026454, 0.07449452134082982, 0.07194558905488978, 0.05604395166696615, -0.030876868724110638, -0.060017381994343956, 0.022784073178047374, 0.020321691787905848, -0.04281687607234289, -0.008273367519854424, 0.0008191021983359961, 0.08869888028424701, 0.0076262785153731584, 0.013077151213097899, 0.046625711851350886, -0.07930733012267868, 0.030097426224848414, 0.06330301375360102, -0.018520438026488683, -0.08188407679909904, 0.025144601411568563, -0.044120896081287005, 0.046308955013761754, -0.011850322678931796, -0.009909637304091739, 0.006965875099247343, -0.006681586608279613, 0.021286443450782885, -0.0058119322387483645, 0.05545339276084818, -0.008396804457003259, -0.0029473496352450668, -0.008476471077062772, -0.05913095236302324, 0.011609849105734659, 0.09350549296719723, -0.025658891930406547, -0.05462669849444532, -0.055157891713206134, -0.044367828889236544, 0.16916640304606315, -0.053143978442607, 0.024985756065067012, 0.15286680694910165, -0.0549367321029033, 0.02413539888921192, 0.06560440786066962, 0.02168212932455981, -0.012453981483179192, 0.04012376304824694, 0.002767344927555775, -0.06300837871332537, 0.025368602928951153, -0.008138482626217056, -0.013026340866176492, -0.03116361477593437, -0.0024730844823110587, -0.02060048288687388, -0.04575530676983872, -0.06556627200396052, 0.017506765889906264, 0.027765563240924926, -0.026826275162827377, 0.0009989419154519039, 0.07915513904808798, -0.026651816954877658, -0.03968106139923066, -0.03779035342813846, -0.02546773028600321, 0.010521858113629367, -0.016844675988301916, -0.023549938402528444, -0.07382072230999476, 0.004070283532686485, -0.00843474078140921], [-0.0030396914481205586, -0.015009920418161554, -0.024395885386291626, 0.013435605339810358, 0.021104544383767247, 0.460713191065842, 0.014447809412549173, 0.01845460529898449, -0.02288024621077488, -0.09022010261436542, 0.0495881954333289, -0.012096231143763582, -0.08609838609889943, 0.009331217616451141, -0.0019425335616819388, 0.014484256415311328, 0.010827662679677292, 0.007345804641218844, -0.0023089227677281204, 0.015068740411296097, 0.003909300608617215, 0.004573582437095353, 0.022744968129051902, -0.0016497314934533923, 0.0037136177085801796, -0.004355785098730014, 0.009829026450552631, -0.011907761375414142, -0.003742985383664955, 0.0015834945451444445, -0.01386425111432485, 0.07448315312184324, -0.01709871666697274, 0.0017934391572104458, -0.01711340873251892, -0.0446854943109078, 0.008322120484698884, -4.9453944790635394e-06, 0.02226976986127957, -0.02584389467176122, 0.0431439389055324, 0.017225649070866083, 0.03786573383840576, 0.010761324011085061, -0.0008913711893290503, 0.030972778223183534, -0.02245143914000515, -0.026267540185772962, 0.032270298279816326, -0.0308698027180979, 0.05645392617627841, -0.03546671699964148, 0.01992627776827933, 0.009725245695028053, -0.052748859630279116, -0.01162996088896672, 0.0041332378055643154, 0.026422571661732758, 0.0014611466252602552, 0.05520139127428396, 0.015890514901362472, 0.010063805823282288, -0.0010115498297469012, -0.02820277619662637, 0.03339459059841042, -0.02009875994380691, -0.010448035710167424, -0.020014864589374105, 0.0236988974138653, 0.0032901020967424205, 0.019882556235620682, -0.005244974972783343, 0.04514209675241056, 0.004119565409385897, 0.014746092281079445, -0.0010841399373762086, -0.04124397028574954, -0.0022596769597163645, -0.009653365051514396, 0.04379746824835416, -0.04324366169703656, 0.033838075716583524, 0.03091697146359974, 0.011391451649165399, -0.08482633101740328, 0.0017885101213809158, 0.021637885864629936, 0.013479522781109182, -0.00650389615925435, -0.005665322977020138, -0.02165548689098416, -0.010798855240803587, 0.021732645262139257, -0.03301477895886133, 0.027853836118201233, 0.008210177711031144, 0.010823371264819479, -0.057818103358464906, 0.05074784449192681, -0.057992309804539115, 0.05054547160910783, -0.014656106228774567, 0.021089342639943186, -0.0030259967488297096, -4.708418972562628e-05, -0.017332298985408702, 0.001001779386566805, 0.013887353214931245, -0.015768223020887578, 0.0699016230960401, -0.049770143416981716, 0.086469531888785, 0.03372652410494039, 0.02809425365464329, 0.04413535926292024, 0.03239577204560691, 0.01421442942926091, 0.006131815974876662, 0.019254686017296505, 0.009777697094797927, 0.0036220009683987724, -7.702130639277601e-05], [-0.04088243863722951, 0.017739202333301014, -0.0595545518888561, -0.007402680430204221, -0.05887654191951131, 0.014447809412549173, 0.8467037324200181, -0.02611253584516705, 0.0004363677851523553, 0.11708939487220597, -0.028373435665130207, -0.015236904357612276, -0.10526260968490234, 0.003073204413972369, -0.07444262062080784, 0.012150133366245314, 0.01899421956234195, 0.013480318029090728, -0.014299420851346811, -0.015332004528163282, 0.004040857814249925, 0.005209025838669751, 0.004723367228080846, 0.002711821857022448, 0.01369729682524728, -0.024704843174192095, -0.006368914788161764, 0.03867598291116883, 0.006915661213690513, -0.00032376952122464614, 0.013775108337798181, -0.02433753054767834, 0.02726928669608534, -0.015250989932419943, 0.06837911261323132, -0.0481392265366938, -0.10016991493625134, 0.12661822797197686, -0.06335775399322983, 0.052712691741382364, 0.00020521341387921482, 0.023093056972765157, -0.08203306574597963, -0.06426110455879988, -0.03461303861505009, -0.045333556566192375, 0.07706165286789919, -0.005078079287231004, -0.06426027031373882, -0.016083605480571184, -0.00610853015284929, -0.01050829823449346, 0.03288464911991515, 0.019142166982087788, -0.05592920016132942, 0.03936726003547711, 0.007899851292378524, 0.008575993032239571, 0.001964216955061343, 0.06304171154611261, -0.02545649188173964, 0.10545195202335891, -0.022261647519417154, -0.028415819004622086, -0.044441956722164735, -0.020953110452370274, 0.06043473038730156, -0.03137586814272587, 0.0008945138454154612, 0.0051626810966300864, 0.016257606044563222, 0.015195286777059858, 0.0856890540220788, 0.014454680161670416, 0.074432255531377, -0.06825266696491673, -0.03644246443420893, 0.025625182402887057, -0.014333291742435472, -0.10913576062175552, 0.011865251924368655, 0.022395452229412534, -0.07218624680052334, -0.04319613965344053, 0.09111543306972586, 0.06249077609969476, 0.019352228194125153, -0.07521564690111021, -0.0007757975620755939, -0.024639213425825795, 0.010127394764091089, -0.028273200357774378, 0.04625193310048784, 0.006892697910742824, -0.0127378978015806, 1.640531701413618e-05, -0.043998624495759565, -0.031817757584529094, 0.02158906016663836, -0.13713348409141426, 0.042707625046402214, 0.04307992969451161, -0.05135189701435288, -0.003853712873842196, -0.020692013911359507, 0.04123930336999582, -0.08232065875432765, -0.000905755213367617, -0.024895882119253206, 0.041090708207947906, -0.011548866827045947, -0.039020981757032266, 0.0421618566019528, 0.004484858017826861, -0.044652890249911516, 0.033219373699374694, 0.012498612493543131, -0.001099245333644455, -0.008895178698676688, -0.0055729050317388, 0.002174165272394053, 0.0016326137302316187], [0.033547263015293004, -0.020576381820078826, -0.03402582419368369, 0.009422938808575797, 0.028540151039236437, 0.01845460529898449, -0.02611253584516705, 0.9488860371031201, 0.033210520373534815, -0.04931681336482446, 0.015044188426932656, 0.0018417708198468462, -0.030715896345311824, -0.03432576261193341, 0.019693327404744883, -0.01153407567652192, -0.0038308656247824286, 0.01890807896536473, 0.0029650872102382087, -0.01354136352700055, 0.0064675408058212785, -0.016091551656595395, 0.012906840239705957, 0.0035921339816217053, 0.0010783043918992147, -0.0059963431802448, -0.00760079251352665, -0.03399707863262441, -0.015165390761028937, 0.0015472340270332257, 0.01407181228065328, 0.024574656279683024, -0.04649342192578192, 0.05195096717393323, 0.06937156498433532, -0.08454987182171911, 0.0627357502426699, 0.029676748119922002, -0.001647661884464614, 0.04606980601421444, 0.03518448133036354, 0.024699802907934894, 0.0036173255556969097, -0.004652237820426592, -0.020778647063448872, -0.02841450132412, -0.009094208843823136, 0.06930993459008998, 0.024305473891587517, -0.04345578206603176, 0.01709966940374234, 0.0005997513160146985, -0.03113697101519094, -0.04078009776611873, -0.032899570802652316, -0.005533915619866293, 0.012212986600609169, -0.00258258745379346, 0.03357427590638929, 0.12288763747924056, -0.0644438400258074, 0.018450815040750437, 0.06045192517375213, -0.02937077460907898, -0.08441659448367068, 0.08027904643703902, 0.04734068496550339, 0.0030901919914501025, -0.01451415766148483, -0.06300838338288915, 0.024080176931097763, 0.017132322323763712, 0.02652765992122442, 0.0031300372817255687, 0.042126768268983046, -0.058267258967368805, -0.009435457457580116, 0.018466493971588633, -0.0161950403276717, -0.030540716292451916, 0.010183903418595625, -0.011464607439377756, 0.05157376575612276, -0.02088807110738642, -0.10831411681656936, -0.005813399464199977, -0.002156961124930346, 0.0012600920270029606, 0.04770722877995617, 0.12534241675621674, -0.01307171606292855, 0.010704440290341425, -0.03800143655919662, -0.03524823141679378, -0.0660465311262064, 0.01945517051903314, 0.04578955345361303, 0.10268238452279263, -0.07455376964351612, -0.03429391729336817, 0.030263401075496323, 0.015646551591198453, 0.004502784570337243, -0.01895467247548654, 0.046116592457008276, -0.018602154975236002, 0.02099197927585043, 0.008041717627923517, 0.039196865031385586, -0.031987664794596346, 0.05591208417444194, 0.03746803102939864, -0.05410614353251871, -0.003224976877181461, 0.02397091658906727, -0.02809567790070957, -0.0022540814899142526, 0.026876366264889883, 0.007713039213545276, -0.011047791750000735, 0.008662386763286036, 0.001880541508330156], [0.004359193677282873, 0.04692063570357894, -0.043592714540809055, 0.0216005673307638, 0.012291789090419935, -0.02288024621077488, 0.0004363677851523553, 0.033210520373534815, 0.22524022333053323, 0.025609015247134232, -0.002890952938180569, 0.020350782448814827, 0.0458702961054422, 0.04770055991888448, -0.00410291598026418, -0.008871394278911994, 0.0007391782066611944, -0.013028381815335523, -0.008712244152997423, -0.0009495813618561953, -0.0027380558247141183, 0.0007680713301346723, -0.011922684648445852, -0.0175545255039699, -0.010481397315411863, 0.001013022662112928, -0.009917478533159576, 0.0051113258671056545, -0.00038209452505276025, -0.012751153461329089, -0.03187917590564771, 0.025429099300543954, -0.0026004018449682044, -0.019897534270556447, 0.04068845770626485, 0.02323415656999826, -0.008918369984047532, -0.002713374299900626, -0.1384499916682837, 0.032435054801153565, -0.027516824238756468, 0.0017525599250090072, -0.005891541187367415, -0.02465293940967833, 0.017519289584859293, -0.006986769584662484, -0.010223130437485803, 0.017807644834272093, -0.008402606751298426, -0.021752224125264844, 0.007755269689305842, 0.0058204272470086865, -0.02090995868470861, -0.1415760295509585, 0.030774184446264525, 0.00760635029137888, -0.005972908779090784, 0.02389209204002037, 0.015538760870515134, 0.023859004878968734, -0.02453897194380251, 0.0035724382141988447, 0.011249707835537538, -0.017152933615359044, 0.005068819419903205, 0.008487933343079464, -0.003100454059143737, -0.004072092678290604, -0.17398922256021307, 0.019494322256979446, -0.00810673460839922, 0.0022288477458416688, 0.03248096898824662, -0.033510456375124655, -0.011504338305158436, 0.01570484007908007, 0.02212826265139843, 0.013028040007679133, 0.010578650622095507, 0.02527130211809537, 0.00923112319678786, -0.036823652833595226, -0.007991025372563222, -0.11220412458678981, -0.01934047314921747, -0.027401832195605366, -0.017459677794827128, 0.007834035222090554, 0.03264223878959739, 0.021330172351728852, -0.014495750988539429, 0.009875665198879838, 0.03769840318581273, -0.005993086120778705, 0.04843448242627851, 0.06727992306195574, -0.020684887943247257, -0.016991623144939065, -0.14002867427204557, 0.014290133130500959, 0.008998686491272662, 0.0151213473271159, -0.01951354424744808, -0.0287770448647431, -0.015749554641045643, 0.003451943424419554, 0.02461036048864742, 0.03466086183051043, -0.018659452597721185, 0.0059461522010458255, 0.024488100399776017, 0.0018572780196583303, -0.04363337559712657, -0.12804040491139765, -0.013795913985520778, 0.010002465274879465, -0.005232032239631914, -0.010611353720619636, -0.016388880861265425, 0.045032495850706886, -0.004594712216816827, 0.0028832856025410056], [-0.08729212691566786, -0.004677857934334413, -0.029785826376050775, 0.057325696162417186, -0.05125643574595134, -0.09022010261436542, 0.11708939487220597, -0.04931681336482446, 0.025609015247134232, 0.8212627461133917, -0.02458745957810452, 0.046586630624105306, 0.02423271923147268, 0.037201548384055774, -0.06573906071803644, 0.011865266208837306, -0.00047987684297041966, -0.0015117781486170903, -0.012523423746135711, -0.023201220048139393, -0.014315418682020745, -0.010734695570413936, -0.00986298337996298, -0.01793869053270638, -0.010942348644758494, -0.011830603091150325, 0.0020212644239216444, -8.472735818640147e-05, -0.020611268925632836, -0.021823880374635854, -0.04570476879333424, -0.03961206642549784, 0.017192338232606453, -0.1051227675998636, 0.03927677928645152, -0.0158506002420478, 0.09031808396640822, 0.029536665174146888, 0.02145967313561701, -0.04180037937432864, 0.013221318068826612, 0.00451721809952528, -0.044999736578243604, -0.09050482158757969, -0.10185861314988263, -0.008490284247558827, 0.09792272991944595, -0.05311255937317093, -0.053103599426402075, 0.02596948832029468, -0.02085279878278611, -0.0013454686922460806, 0.053390681750741624, -0.017092827189594418, -0.0990000426973096, 0.043061248720253124, 0.006673872484730325, 0.06758567348070213, -0.022855120339087497, 0.0068210092918347814, -0.005363992933909154, -0.05835940363934743, -0.03483788327887151, -0.05279271418357943, 0.005471158233239731, -0.002040871959030178, 0.07886462951970834, 0.016794901457790074, -0.034816101786859885, -0.00519777473636554, 0.00357138746119315, 0.004127388110283395, 0.010737359407110802, -0.004275190877848583, 0.033432905194289535, 0.08603005514981035, 0.09386050189901253, -0.08797558728024793, 0.10173477564368985, -0.08367966156496742, -0.015813125033706365, -0.1223962876978019, -0.014929630605333989, -0.022733565586635838, 0.08122992642344702, -0.01917532425608278, 0.006319189335789244, -0.028693523380989752, 0.03945634031480769, 0.02116485072860661, -0.018839503296444182, -0.008291813921177948, 0.014293183068466294, -0.043426704271090556, -0.0695901019737072, -0.046742742800975894, 0.011496878460489437, -0.09390487077796779, 0.04276054966985564, -0.0008160164610359525, 0.004069375852427825, -0.0070701635249876965, -0.014150215635562659, 0.048257485578776446, 0.030055246647240744, -0.02709269035100689, 0.059935350922437805, 0.010651215743317375, -0.08111197932003907, 0.019674853924992325, 0.029168758628947355, 0.006419327551806958, 0.01589032646519951, 0.018433771564719422, -0.021101341996377577, -0.006009135765582896, -0.014203971026034186, -0.10778148969981975, -0.017350216361173752, -0.007275197774152028, -0.011072346042760804, 0.01363357804640388], [-0.06600314227921023, 0.07273287309045287, 0.06313246266134845, -0.10689635344468863, 0.02369643675709002, 0.0495881954333289, -0.028373435665130207, 0.015044188426932656, -0.002890952938180569, -0.02458745957810452, 0.3083440359596819, 0.015641282735892607, -0.020461700867214678, 0.002487419398884745, 0.009436934874408984, 0.0022516275998867123, -0.015821906642794866, 0.0034626066983332224, 0.0039194862808081925, 0.006021881312300238, -0.0021968895091334846, 0.012883988210590237, 0.019732259427809977, 0.0013697589584649426, 0.0005117129020840898, 0.006645516395619375, 0.007670405150614081, -0.004107564193015602, -0.004051498599709893, 0.005665614293036449, -0.061184376999983234, 0.021941452459824134, -0.01837343692878961, 0.01812621518486724, 0.05423590414192628, 0.04673571344581147, 0.05651896294214775, 0.0039176791274155385, -0.039619054336394996, 0.005292096725497037, -0.14896707421385336, 0.00484956538925435, 0.011890174362855428, -0.005479511306739787, 0.016829179034720965, -0.05827793899473433, 0.006372413953100362, 0.027294784706695156, -0.025842177412759213, 0.006195098958570995, -0.029186409630338937, 0.007387862462255162, -0.00670113199906594, -0.037294519761651934, -0.0018249698098918036, -0.12195920492187595, -0.003545828994096931, -0.01316626881041383, -0.016755644142477114, 0.016843954846189075, -0.025272753350402938, 0.010319114582275513, 0.003682302892710936, 0.021496787507351487, -0.02841979338274334, 0.003495294572255572, -0.023834440103219643, 0.01318795325030514, -0.002654922602915364, -0.03427195030301159, -0.13719855645753157, 0.012710746379752417, -0.005028060580789279, 0.020756613884464942, -0.01850885113394122, 0.007019947081294121, -0.010497641743645234, 0.021669166456806745, 0.017029303465643946, -0.02163796271749075, 0.00914771589415811, -0.006181380482931015, 0.0339127963638853, -0.036275004347719464, 0.025076545802173042, -0.1721285136112007, -0.007417858101885692, -0.049758782736671704, -0.02888764013247858, -0.00034090104017881536, -0.07172111986877062, -0.04017177480737768, -0.0009045461894391151, 0.003546969650671843, 0.02650068693035138, 0.04440990373449255, 0.031526854984110106, 0.008997238720824252, 0.01784132372541924, 0.0124022885419761, -0.1072941239998511, -0.007265888996374201, 0.01887723869091307, -0.0002136563885216455, 0.00027401937455894204, 0.053314598058510264, -0.0209414042334977, -0.00892277767164294, 0.047670238647384906, 0.04001891621781815, -0.0229752243094336, 0.06013952923828621, -0.0092926638201662, 0.030318927928588608, -0.04066144343429924, -0.16685046110172122, -0.01853845617475591, -0.006008820551289789, 0.0026048473635110606, 0.006021113550256029, -0.0005586324792732338, 0.0016031468102615655], [-0.07029917054307822, 0.003700932666225724, -0.007916951678675222, -0.008394300832785766, 0.011038628730863075, -0.012096231143763582, -0.015236904357612276, 0.0018417708198468462, 0.020350782448814827, 0.046586630624105306, 0.015641282735892607, 0.2716487851140149, 0.07034257889969713, 0.0013388656625405553, -0.029662111380270046, 0.00799419962998597, 0.001463364012491946, 0.0003651759341809443, 0.003029788594403827, -0.019130536415052343, 0.0037262195971131304, -0.00010150063927754468, -0.011047479127929026, 0.0032616004583679863, -0.00633030501766746, 0.0011277882590798578, -0.005886805347765202, -0.0007808370247375402, 0.009656513876355279, -0.0018786491675545954, 0.01714648042446179, -0.05737871371618874, 0.02159288254240914, 0.0325065379462199, 0.009419740068761005, 0.009477193344680123, -0.025616720639898744, 0.015346188273624385, -0.00999287702087616, 0.007985869260791756, -0.030718815217912684, -0.16578232008053415, -0.0008728717932558628, -0.019464210665541357, -0.019641032001701978, 0.017068258171096664, 0.030291572924644246, -0.001027923946644542, -0.013810413942148657, 0.0015421345520689794, -0.02668811775738093, 0.0006036355367640907, 0.01845700428472993, 0.0007010102934319925, -0.04767126436335936, -0.0022205307874846956, -0.17801277981593236, -0.009293653574186291, -0.020634567703145944, -0.04181299828788865, -0.004139179612603592, -0.0347082568076879, 0.027238776681353848, -0.016479138346199206, 0.020772455973410903, -0.025428031969172624, 0.0016235971948778112, 0.018917719928785513, -0.0015671068239290092, 0.01971648794570034, 0.04201138914836818, -0.17856378330931197, -0.06134123960973864, -0.00514658744874128, -0.027954257582734454, 0.004756710813227113, 0.005098511021827105, 0.013482497383991777, 0.007612178284605508, -0.03474890094418875, 0.004510256893089454, -0.04738260866753124, 0.01370681490465892, -0.030977460289470692, 0.0038436274022369747, 0.022366768322817917, -0.19070936735149213, -0.045102022549699944, -0.00299481054142285, -0.0019120262984055304, 0.011511461683217464, 0.013685078427185218, -0.02922785538958436, 0.03187053028721828, -0.001494448560013052, 0.009293075969475924, -0.013473325518367737, 0.02972085647604794, -0.0038186883744715295, 0.0076806643878080975, -0.026982794288751746, -0.17216105289108985, 0.012659044883573068, -0.020366916634487427, -0.013610615427895573, -0.0008967405705560413, 0.010592046671902512, -0.011809890563725072, -0.021320170367406056, 0.0012685455044590297, -0.006081493347235382, -0.052328459131530156, -0.010230709750818221, -0.01683716463969202, 0.04669081832485009, -0.005881008691177242, -0.18962575022148073, -0.020715993311042055, -0.025199191884266125, -0.026171804928754965, -0.0019323742615340732, 0.002338950364043898], [0.0004456041901338301, -0.005162646523846385, 0.01560648813108903, 0.0709676973981006, -0.0064091779262012444, -0.08609838609889943, -0.10526260968490234, -0.030715896345311824, 0.0458702961054422, 0.02423271923147268, -0.020461700867214678, 0.07034257889969713, 0.9475663055785157, -0.01431988886379481, 0.14780288137806177, 0.0024188393231129555, -0.0004201124568838988, -0.0029114319223739276, 0.004680095891894903, -0.020773318565003505, 0.00784123293478615, 0.02222802026972339, -0.011469923073354898, 0.009502188324104639, 0.011326124822495565, 0.009964937143636114, 0.008917238459836946, -0.002569417410244477, -0.00537539881199706, 0.04510292298019834, -0.056830854254948736, 0.021762445520320983, -0.019575919992498143, 0.0029536414753299715, 0.14546575846493068, 0.03358105230664681, -0.015345643502310314, -0.0655773213226255, 0.030925271645885485, 0.011243701344955753, -0.008800084374170717, 0.004606953806126935, 0.016442755241248847, -0.0073222098828226905, 0.032379195213550656, 0.04944031924478596, -0.0724022037023067, 0.10118148511177939, 0.020265909857643333, 0.0111696387664345, -0.08166530795262435, 0.004779109955692875, 0.05359219405000069, 0.0440958229375678, -0.005587370645199735, -0.016401100316201435, -0.011256842329951094, 0.027707032528781587, -0.024422221550436787, 0.06335621369222191, 0.011635056792067961, 0.02429708577445721, -0.06235335757659436, 0.045760577364875925, 0.046037599553667034, 0.05051612217429418, 0.042827526908628545, -0.05754474433436404, -0.016662554399591783, 0.021458405996942122, 0.0053339769184506435, -0.015526694038562619, -0.0024468964789453596, -0.0501764754119887, -0.07507076843886247, 0.015571471097542774, 0.017336501538747825, 0.07207917834771578, -0.03962633687108409, 0.07111174378598989, 0.05157872209031877, 0.04409888548214804, -0.12387777681472746, -0.024300027792726046, -0.012596473284322849, 0.03680338340240424, -0.02263831873879893, -0.03240029330004589, -0.05224518390738968, 0.06978327333196589, 0.03846578668901883, -0.015197780250309672, 0.047316535162024574, 0.04544874125930234, -0.061953849150376876, -0.017301822730600935, -0.010749436874415876, -0.06496265597427728, -0.005745709407260907, 0.060501665164921684, -0.042150384665785606, -0.05036349796070682, -0.08974472850977146, -0.005852088289164373, 0.04737024271756475, 0.0035253751862647223, 0.0474348430994215, 0.018748559842241275, -0.02525757027740798, 0.05503377755289253, 0.02168033766016108, -0.016123242008190295, 0.05393273818332188, -0.060940472443482364, 0.03182504510882823, 0.004956686498993691, -0.04340633274914041, -0.06250390341807278, -0.07133101932048881, 0.02659167005350803, -0.006919255321674272, 0.006777148117307681], [-0.0001290290806218531, -0.003957088705360351, -0.00749227742908652, 0.019519426786265854, -0.047375192993673966, 0.009331217616451141, 0.003073204413972369, -0.03432576261193341, 0.04770055991888448, 0.037201548384055774, 0.002487419398884745, 0.0013388656625405553, -0.01431988886379481, 0.22222745151346818, 0.1646583906444427, 0.0013835792506384842, 0.012602733647327443, 0.001885566036394353, 0.0027940783510138367, 0.007095055279765936, -0.003660476339605662, 0.0014610224472432717, -4.480568073622012e-05, -0.012942194317356626, -0.002579629866223708, 0.0047990532766017955, -0.0041038323663556316, -0.0030406119757454804, -0.014552614137722764, -0.012730243647989114, -0.000652923919582515, 0.04023568598272101, -0.021815025413881795, -0.004157324234459465, 0.016485478802474956, 0.0017026895171027246, -0.015796169759975665, -0.02389622493557714, 0.021000082602022078, 0.025409522727806548, -0.02042653526277922, -0.009574114311543442, -0.005656975471061571, -0.0804169231414171, 0.06915751381628943, -0.033693337463565724, 0.03976045415408308, -0.018474532149982126, -0.0014747102945309272, -0.045910947533686956, 0.017309287977274955, -0.016046272473914946, -0.0027851498743973733, -0.007339499491929822, 0.028154717758733638, 0.004350870006513956, 0.0030503337668664633, 0.02099811820791201, -0.10937516254473582, 0.02400505898398211, 0.02580287630345212, 0.0032714150223612324, -0.0007004322157503818, -0.013453573653293187, -0.03532511259409207, -0.014289625027108559, 0.034981176102361816, -0.011415945013240293, -0.028511817120882223, 0.0593168324071709, -0.0028020134501249316, -0.0237520516825413, -0.031136783174504492, -0.11426982826988807, 0.029198802146167963, 0.011640423608642423, -0.011096388204914747, -0.013859383128847439, 0.02471191085418304, -0.015248895562554498, 0.0020438693915326212, 0.006844178925751562, -0.029133133871369128, 0.007397867516196045, 0.03537168808805924, -0.009485581574950866, -0.0030681624803026684, -0.03213375502554353, -0.07401306235769567, 0.06925677872623329, -0.009894404999739433, -0.011112982808747741, 0.02112382261281148, 0.012146995061504004, 0.05049612140252712, 0.018634343880178945, 0.013486572173791926, 0.04069083037260929, -0.0022661920828047377, 0.03782817367563296, 0.02376393822891172, 0.021826429105423314, 0.03740652797658408, -0.10416991265074071, 0.04520784092477198, 0.013869004618427527, 0.014920772963724887, 0.004000160564067217, -0.01261187739773931, -0.0160143958086777, 0.01824151528800349, 0.05145881486603076, 0.009104738137078149, 0.0012106262133107634, 0.029859290962615546, 0.00707428033277314, -0.016095784995468175, -0.013291878787018496, -0.09755905001426372, 0.07805863296842844, -0.0025653875858414766, -0.00041057601902159973], [-0.0019119545673090914, -0.018078482912885826, -0.007766496024145408, -0.06954057357030966, -0.03677068790860013, -0.0019425335616819388, -0.07444262062080784, 0.019693327404744883, -0.00410291598026418, -0.06573906071803644, 0.009436934874408984, -0.029662111380270046, 0.14780288137806177, 0.1646583906444427, 0.8804660438571107, 0.02193971423474492, 0.01903100348972142, 0.008869110054611395, 0.006427459284565727, 0.017430261518079557, -0.008182108449957053, -0.016673518152932894, -0.007690515740822106, -0.0026727827066386667, -0.012293072351095785, 0.035779552269895334, -0.0064551882888339044, -0.000938892331362954, 0.0009974547346101631, -0.01610905143741524, -0.0675329938523212, 0.06613892071055753, -0.037922556883723146, -0.006880132232044364, 0.10016559267142827, -0.03025156359463364, 0.0921665150279915, 0.03265260129523683, 0.04615491855942596, 0.0033934819536497137, -0.014546593096780474, -0.01919088596401694, 0.07558708840898777, 0.06314792300034809, 0.00495400314878417, -0.024085818396899435, 0.015296138408585408, -0.03668300456241196, 0.054271161069539275, -0.10529335447152009, 0.05184279668619235, 0.02677826807417913, 0.04178489403529709, 0.042374962542070356, 0.017011258679215772, -0.017765185579105364, -0.007292807294923825, 0.033115189747871136, 0.01435644438923757, -0.12681167943722807, 0.008042078580440721, 0.023691891947156377, -0.03450547637040383, 0.021502957014331105, 0.01704666205872306, -0.04454527864510225, 0.02541412025384126, -0.02101748683028187, 0.028314619893185535, 0.07560199622339293, -0.015422898207504105, -0.05087727394835617, -0.004990780719448801, -0.0019677845872829794, -0.10296841201009285, 0.030824954181300976, -0.02115297511539984, -0.0059807389958418345, -0.0033124311112319844, 0.11387054687901262, -0.025711169949982272, -0.05656184162893504, 0.04141127119566147, 0.04061051186305121, -0.03867973685278114, 0.004897324739331294, -0.04425942650982038, 0.02859357197972471, 0.017475020492058492, 0.0857596536586214, -0.0229950697796966, -0.01251671265012229, 0.054245387502184786, -0.011271620021808312, 0.07196277043277408, -0.0496718591533358