{"inv_metric": [[0.39766668357981144, -0.20292339426919787, 0.06229768163748145, 0.17351295226957913, 0.006762950122917522, 0.005816424723528598, 0.03817019235304332, -0.023613052611310775, -0.019133688794616004, -0.04276003956961667, -0.044219920886602836, -0.03443660590455816, -0.004473782433535197, -0.002814225146675905, 0.007298002468082205, 0.0011426081600788241, -0.0015716638349855142, 0.00303525845948964, 0.02206567379767869, -0.007189125188671956, 0.0022167338878198704, 0.005348432583802585, -0.006710048559537272, 0.008908165510032475, 0.01378006772842195, -0.009616452662474994, -0.007634068103271925, -0.0013641000918767174, 0.0005276511584821851, 0.00040426708224165265, -0.06120457085494855, -0.023220657528867324, 0.025755791405798333, 0.04043314930476601, 0.03557617875621557, 0.0029473870931928134, -0.013883270173154836, 0.004938483835273407, 0.002637080371826203, -0.02490678223826592, 0.01172568946916685, -0.009579544797438397, 0.0007905367597423168, 0.03308536666311564, 0.03968769324217097, -0.1375086151946336, -0.035110389308497664, 0.028531741114252253, 0.014743502189099639, -0.006226302911975102, 0.019276297969187797, -0.019555416935218013, 0.0396984395147482, 0.004038982504913396, 0.04481873392141886, 0.02760649144543225, 0.005145048576667441, 0.04140292376856129, -0.0028416944520539863, 0.020525542709190943, -0.06417258475290596, -0.052103556179776175, 0.05128448028801091, 0.0578314607144526, -0.020433829596459032, 0.003801542931800243, 0.025864406862846263, -0.04620079537246258, -0.005414812085208604, -0.05725221148139271, -0.02641214116233899, -0.03257131888659266, -0.005691095365484263, 0.020158955977963217, 0.019059503616564905, -0.0771134145177157, -0.07435636205089625, -0.01931837912177186, 0.05533118497599476, -0.012643079102973175, 0.017495707431376278, 0.011351027402971725, 0.05886150950661296, 0.0060808615944437415, 0.008098614122901734, -0.00679188029113422, -0.013631279452331016, -0.03240644728641457, 0.028234914597455522, -0.0016385823134857874, -0.049512261281525326, -0.04711512755866112, 0.034932719362227235, 0.04657687130879374, -0.027952496761504946, -0.0038364196229980266, 0.02665219467586849, -0.052935535437994126, -0.0004300566572151493, -0.041555917992175916, -0.01821110382900488, -0.02118680180793995, 0.00011518522118298153, 0.028366285629015598, -0.00370647866872577, -0.08445608234630128, -0.034187204247403756, 0.03635324099633088, 0.03286171784119178, -0.08135431645193471, 0.022122733149542547, -0.003999541907381995, 0.024412423156241026, 0.002921924398427629, -0.011796220118728133, 0.019382768927171955, -0.0030743674213753332, 0.023289990416075892, -0.002769175276445244, -0.016276292956785076, 0.007831166051294313, 0.0013663552909697623], [-0.20292339426919787, 0.5945716120542501, -0.07169174540610847, -0.15624355287512667, 0.027237541013012123, -0.003187112141665138, 0.014561419152310167, 0.0748883309005295, 0.01908570338773148, 0.0024140215134180795, 0.007101231172325406, 0.004106972854058906, 0.0836084271401402, 0.04059466398895229, 0.05625888038067762, 0.00681141578255464, 0.0006900145342582849, -0.00992612582132137, -0.013850736194889579, 0.011922843053174247, 0.007673322479599386, -0.0018160909197323493, -0.005319416573337321, -0.0035302735652039453, -0.010332415719045609, 0.011699558607711137, 0.00528852905611687, 0.01215577363919217, 0.0019287886618436587, -0.0025230860088261454, -0.06637157970111646, -0.0502451599491395, 0.04548623688242581, 0.022314220936072177, 0.03864581174866464, -0.006208600310527974, -0.03751005980709623, -0.015722974659308823, 0.0015453622980123756, -0.04490286023325584, 0.003008600846161192, -0.001353897457867027, 0.025967557439409972, -0.025501175068976766, -0.03176826253718628, -0.011047849803075481, -0.05750999195709971, 0.011910430141737692, 0.056217455410240216, -0.02032990171932023, -0.025208733456555717, 0.0032069189100162516, -0.026704869109404696, -0.03131726688394475, -0.01931127020536036, -0.0013271872467737812, -0.014277561782138024, -0.03560645104957178, -0.03457254888786233, 0.016165223076474156, -0.04909731132782258, -0.0199774829053349, 0.011143997917089319, 0.016353173773447634, 0.01529310915251482, 0.027666062337599096, -0.002129502040255998, -0.027765701870676302, -0.009367158501560635, 0.004942737241533975, 0.028374671188847976, -0.008345564708768844, -0.014204014708036054, -0.024248285778186766, -0.010508136716338216, -0.06402813002303719, -0.031224227951905905, 0.06568876245241126, -0.0039203328543222305, 0.0008394926560958836, -7.212271124128448e-05, 0.0106683937170879, -0.03750508277144806, 0.013232649921564612, -0.012716785134553803, 0.049973334579192896, -0.013205500588446282, -0.020967728703520278, 0.010574450118427487, 0.03530634016924127, -0.06943396491658334, -0.04012801982776217, 0.05736333512750029, 0.00746476031127533, 0.005119585586423636, -0.006337265596831864, -0.05169044025973064, 0.021842125992703486, -0.01767552285989061, 0.05493955806287949, -0.01629758022225039, -0.017280631383264227, -0.0009561705850201698, 0.007947441542890435, 0.07396622151928023, -0.033155166394822404, -0.08005978309244387, 0.010899615272653889, 0.001907525702241511, 0.03701928694521631, -0.041085486568874285, -0.015666217115837662, -0.02832496821602046, -0.006760651394473456, 0.034144571448625385, 0.006000484929736307, -0.004941524262840155, -0.022404884977876068, -0.022896129649384478, -0.003719245903225464, -0.002310721340145046, -0.0031599487665758823], [0.06229768163748145, -0.07169174540610847, 0.2973717331876458, 0.010655071432158986, 0.0026191722873615386, 0.009768230180262525, -0.009204964636135324, 0.012860462129669991, -0.0061298694960954985, -0.10499504516434355, 0.023345137199257446, -0.010716601975988985, -0.06516274202502484, 0.004899571804585467, -0.0028804324030462266, 0.005283454629231381, -9.727151601565264e-05, 0.005711038719480156, 0.015121489618627165, -0.015245865330650556, 0.013485722080991443, -0.0011493761494369172, 0.00979505905587446, -0.0009889614317668879, -0.005622301524226937, 0.0004976351414055541, -0.0009410369889227723, -0.012893249839311118, -0.004856971107533313, 0.0005860426488188611, 0.043424739565246694, 0.04250550541445899, -0.09167048292338374, 0.08239017150114761, -0.024833813560394324, 0.02048927200829044, -0.03812149466380209, 0.06775346558199764, 0.0005935106487426537, 0.002482663099494356, -0.016249726888947446, -0.014872716338748353, -0.030482924962885818, 0.0025757448106237643, 0.014692429395221342, -0.01562945076640049, 0.044988205652392664, -0.06748668561724969, -0.011490064029610213, -0.006953654176709891, 0.0033458674086683606, 0.02953015867128007, -0.04012078376256467, 0.015570791682004972, -0.038094064690719714, 0.0299895169327824, -0.01933301271917791, -0.01075388400741127, -0.014153013292578152, -0.009285520309509406, 0.016592120481746072, 0.03309206603683221, -0.046927775574717265, 0.05413225400269683, 0.032369285668759254, -0.021062737211304885, 0.02932768344259058, 0.06326720496185823, -0.008357597910497332, -0.00944491883724045, -0.0069326188788676356, -0.004307031174641742, -0.04619247588907748, 0.006586793330217887, 0.019394665658622343, 0.030522312247481007, 0.05805540505445743, -0.09108875063187825, 0.06842401413445252, -0.015729075532210878, -0.0009751011274673566, -0.001470360936887247, 0.037015297947406545, -0.014147017621675915, -0.009732152060959377, -0.01426543718657042, -0.02167892781207634, -0.03639493683394577, -0.006238630074293247, 0.007433423188882342, 0.056150582061520904, 0.04140541974600354, -0.10305974728789069, 0.05090535095347146, 0.004849001924712611, -0.03465907332620458, 0.019436624010023003, -0.009534154922009765, -0.001778208570955734, -0.039066782963649856, -0.02889569133054352, -0.028622013963207026, 0.07225538839010746, -0.01619491505062187, -0.001393053367071075, 0.01789620307075465, 0.05155082219221023, -0.13128921270089203, 0.020122832027050813, 0.03434378810186466, 0.01270818566186444, -0.03619637964685766, -0.029007597667689507, 0.00840477260055479, 0.033163770861697445, -0.01644369969610743, -0.008932244121127933, -0.0317170983747266, -0.00010848893296128602, -0.017421838482059252, 0.00027557459703167204, -0.0024057935520853876], [0.17351295226957913, -0.15624355287512667, 0.010655071432158986, 0.3581093085231188, 0.01138049984401002, 0.02154572683619649, -0.0032430525465377683, -0.06277698295955154, 0.002473175996262254, -0.015213608866156183, -0.029031955687424723, 0.03848533191495692, 0.014004917593327885, -0.0713881419796686, -0.11152098695816101, -0.0005252703362494055, -0.007262658484903436, 0.008333144481537574, -0.0015355221421451753, -0.011295742961821944, 0.0018739726160221838, -0.001072889021687481, -0.012542915190640685, 0.004551441076381149, 0.0018940756018655115, -0.01058102898244118, 0.003464457253827102, -0.007136179263798043, -0.005575516237250996, -0.004342378939171952, 0.08332184595129498, -0.010567271852639424, 0.06554404597738867, -0.03465588123652184, 0.022135314517867172, -0.007536315385966102, 0.01302296404216901, 0.0037898594851943765, -0.024059343384169183, -0.02588419910505761, 0.009815656368179854, -0.02207675730779926, -0.004867454374993394, 0.006782984726057368, 0.030278800595503426, 0.02633374018724043, 0.03970267443633509, 0.03527432391459754, -0.07120260216475109, -0.009455945950916745, 0.050075109280858475, -0.01729974495400687, 0.027280685040507652, -0.017693725371138436, 0.012434051037636496, 0.0158873159832602, 0.00672292241209606, 0.0028670264301667698, -0.013914172902409419, -0.017379086514881435, 0.015623397209378742, 0.0021974321479760724, 0.022600866671955606, -0.04699587053577149, -0.011694759535549005, 0.01032715859309724, 0.05351702332473208, 0.04925722690270097, -0.0357510577386799, 0.0077789759525109005, 0.00915726935940448, 0.024883376543634518, 0.027891856166775534, -0.02312178058040159, -0.04226971056359807, 0.06056113227162965, 0.02353968478683666, -0.015160146760504601, 0.006124695827835174, 0.03811463987035836, 0.028636705827056425, -0.002170440593385466, 0.017416121243943882, -0.018221299987055628, 0.06015506173342589, -0.017046955629776737, 0.01789615476780921, 0.02507398679940556, 0.056115522391609066, 0.03573921338679032, 0.04604602465813482, -0.042972522149096797, 0.01795305014360766, -0.06679597941277196, -0.03322100666103746, -0.033524153658865, 0.015382503768257595, -0.0037930627270984308, -0.021753292482768777, -0.0336530586760248, -0.030785279959059747, -0.011374879823880944, 0.016007605080354786, -0.0032145299259209595, -0.002124595971436851, 0.037536998336282636, -0.0009324573487519844, 0.07273780105869139, -0.07046081524070037, 0.01260596546691232, -0.012629341877004246, 0.02963495065201751, 0.0456418027044378, -0.03619218892894862, 0.02411906044682831, 0.014818090209225887, -0.020719247162743808, -0.01760797453806475, -0.056370671545756194, -0.016110549082828416, -0.0010952952316787732, 0.004517495168106851], [0.006762950122917522, 0.027237541013012123, 0.0026191722873615386, 0.01138049984401002, 1.11680651248352, 0.044097039373917825, 0.096544820440248, -0.0818561697077631, -0.011619127067547681, -0.03052195612398762, -0.012056863882367617, 0.009023672274738086, 0.0006811643851950964, 0.0018339568553557817, -0.0059701572202612825, 0.005936103240078314, 0.0007390289249673847, -0.010870465398324227, 0.015015827083410127, 0.02209966811085495, 0.009996587128432505, 0.012164841516931731, 0.0013312652944579447, -0.0009038198237448764, -0.0014804985642422345, -0.006695701665111213, -0.020513947929438968, 0.00121231319959571, 0.027021479011744332, 0.01636717182989969, 0.08216792846259796, -0.07504130064579324, 0.06848422259401708, 0.057598139852097344, 0.022829375223742194, 0.03960227860476938, -0.0022570468563832356, -0.05790728973644711, 0.03071702140915851, -0.07327720169094884, 0.037348203769284244, -0.020065753283007633, 0.0723407389520773, -0.0031866555715918668, 0.012001236122613907, -0.09352041548508488, 0.025460045466663545, 0.028682674327651193, -0.05237125545358906, 0.10010002072488239, -0.06436915553790239, -0.0682508836849765, -0.09790870958266228, 0.0056146354727307024, 0.016976321376995184, 0.06389026854018671, 0.000738765237221175, 0.016276214322783034, 0.0131867501120447, -0.0299442247104496, -0.02364784523401247, 0.03586229733197573, -0.036178151514724845, -0.0028289063896766073, 0.02178641339781463, 0.0028608778298056447, -0.02741607066024879, -0.06500720038020769, -0.011073124020122732, -0.014823404758456256, 0.004833989623248192, -0.01648780131580814, 0.023364212038844992, -0.003289061808785757, 0.0544845303525496, -0.001201674614786431, -0.026022439528663836, 0.06193494358025976, 0.04235227155669682, 0.053723129457117456, -0.02515298065589448, -0.0011939561473534067, 0.07873301353264851, -0.011155866331681598, -0.04122256972794355, -0.0060691752894346165, -0.02355293900988118, -0.03416420969837119, 0.00791076912507528, 0.056701690194804116, 0.07476661792312377, -0.0336211390299614, -0.04072520378410079, 0.027907263117049212, -0.0331571825773457, -0.019217407012142584, 0.05429893651282782, 0.028264051574697923, 0.03472047739175197, -0.01728727526011292, -0.06191916457279431, 0.0011886171869077344, 0.002040949457432951, -0.01369024491533848, 0.047565607267337905, 0.02359894249588714, -0.01855012167121344, -0.0010818499748058256, -0.004588576300060191, 0.025669301942842643, 0.01657521803693825, -0.029551562983531728, 0.04580012265066573, -0.010584112831797578, -0.06153290232911891, 0.035339089745704017, -0.01811238191031815, 0.012734167867437494, -0.022202348782244904, 0.013378534543063626, 0.007707735578644663, 0.004189204927087533], [0.005816424723528598, -0.003187112141665138, 0.009768230180262525, 0.02154572683619649, 0.044097039373917825, 0.4654593422225921, -0.01842613963727038, 0.07669117498204601, 0.004415512021131804, -0.13901710902985542, 0.0798412537841141, 0.0010997235559805053, -0.051698120569462463, 0.013057429045167499, 0.0009684445065276118, -0.00612898067442551, -0.00468045961578178, 0.006626255607294814, -0.004551995378381339, -0.007629827411446926, -0.0030117404426146287, 0.01089857690127903, 0.0001796220017808669, -0.005604937996621529, 0.016938835243702453, 0.004545574727756558, -0.010608695717701684, -0.014190844258710474, 0.008757664877839915, 0.000576560037451627, 0.01636576467263853, -0.039101270961530946, 0.008057918880525181, 0.012755272630474577, -0.0658070351048206, -0.0161997026096116, -0.0011915212634890369, -0.04373630702113243, 0.010901940884659919, -0.07989774054511836, 0.027106092437875505, 0.00948875814619531, -0.001943780790510402, 0.02460258891743036, 0.012345762768514134, -0.03084551590675596, 0.06196862043655276, -0.04391444849573644, -0.031017750628457654, -0.028886836985574784, -0.003991513634153605, -0.015113075747939901, -0.007419725402729558, -0.009587494799532432, -0.06312365739275048, 0.07708068976474304, 0.011211317748506781, -0.02125554292440212, -0.022821097879406532, -0.048787830874292996, 0.04157281189782816, -0.018326635600483556, -0.03751043542323599, 0.04065560434518435, 0.007940835640533349, 0.03231336304363491, 0.026504220145205887, 0.02702171185189979, -0.005214891416343989, 0.0241842116987501, 0.05733746985141744, 0.014422916204492963, 0.003985510188901897, -0.02652308580622114, -0.030651662231646618, 0.036628699933853794, 0.031232684169361376, -0.029625023619375367, 0.04077044802317798, -0.09728748844937052, 0.0008743540382972505, -0.02465751545539202, 0.040541812031503775, -0.009854219804095989, -0.07320831112897114, 0.030175515502265594, -0.017933931506449823, 0.029503922426454967, -0.0366749120819812, -0.009739904771676635, 0.012081018362366242, 0.03476807851559313, -0.022840949014152907, 0.011595274839850978, 0.023078272547035268, -0.01977966790210632, -0.044961616307555734, 0.06378591337095313, -0.0004218538374736725, -0.09101778378722707, -0.01887205247111496, 0.0007980155443688372, 0.03831410649304001, -0.04749837595505843, 0.015323829188640302, 0.04140888046170433, -0.013520728631679078, 0.009948282581080251, 0.04961760813067015, 0.021732053113648078, -0.02035268519353874, -0.0051610798362325344, -0.03867428325822651, -0.008380865891725143, -0.06819032542778006, -0.017812574577686723, -0.03127609373839943, -0.03656091123416977, 0.006033350961452454, -0.006196059114692143, 0.0038421282305099204, 0.0036474722974444576], [0.03817019235304332, 0.014561419152310167, -0.009204964636135324, -0.0032430525465377683, 0.096544820440248, -0.01842613963727038, 1.0391634431130752, -0.04335584142176831, 0.015418800169766694, 0.010273215391588271, -0.01775413778392867, 0.04119783039595078, -0.0068506043679558894, 0.0010473080868695307, 0.004952698827744654, 0.015018870374989031, -0.0025972424043569885, 0.006580697350149832, 0.006863841101698421, 0.010279385502267206, -0.004227906613783204, 7.31133587142553e-05, -0.020659999629955527, 0.02055944001326606, -0.013984300558248421, -0.01555593947394819, -0.006116836846433595, 0.03203689469862314, 0.002789011668930885, -0.00900524350005728, 0.06595963110935964, -0.06787725487858329, 0.0236237171264599, 0.05728490826303957, -0.024302725726444208, -0.03026750073386449, -0.09662555320087021, 0.004440903882634869, -0.030087430914227817, -0.10480405703018429, -0.01961790814176879, -0.07758841633554461, -0.10339751371172898, 0.008506816649712312, -0.05004929295108369, -0.03762286901943689, 0.01346154996114413, 0.012798870389159826, 0.01828086839045068, -0.017431035137823504, -0.0004451062574160935, 0.045632478798515036, -0.03541473970912539, -0.023767121865222358, -0.012057186190908412, 0.03931556625876251, -0.042096487964824354, 0.011826075331087873, 0.011154318145957652, -0.03899934259175096, -0.01326810820511887, 0.0017127966883339456, -0.041918206831462586, -0.003083490002666194, 0.06328637650795313, 0.010743781791270885, 0.043128834927707256, -0.010627228113268312, -0.022383963361885733, -0.00896180526345104, 0.003521739421630067, -0.07207097206742004, 0.029607094249302298, 0.023329524977860804, 0.039649655057205455, -0.05695292656268611, 0.0005982640241619093, -0.07390508699140151, 0.00851858391672041, 0.07405087407383133, -0.020572290523083212, 0.002802185178568655, 0.008642279136056237, -0.007915040383773175, 0.05115628281508171, -0.02549585920501942, -0.03151607021038521, 0.002185855064524023, 0.051912885406416205, 0.04143096944526694, -0.04014513285339518, -0.015829214426705058, 0.019861335193042864, 0.05041578188974361, -0.025078542729620575, 0.010901924017176766, 0.04111190605095775, -0.10425853078377438, -0.023780546408358496, 0.06449482906087577, 0.03957891824233409, -0.033802974607226415, 0.07710708582016693, 0.011672880946908899, -0.007168332878054489, -0.04663200794730433, -0.030067645204554294, 0.07875640308605636, -0.033094904538843437, -0.13929816938862613, -0.0009424080661309339, 0.0019746989391657695, 0.02891872294159588, -0.04263016827382273, 0.0038724610510922383, 0.043488034841779176, -0.0430671374678894, -0.058836283458329884, 0.0018024678784975153, -0.06267933522069141, 0.0006898670292590031, 0.0021393726310572057], [-0.023613052611310775, 0.0748883309005295, 0.012860462129669991, -0.06277698295955154, -0.0818561697077631, 0.07669117498204601, -0.04335584142176831, 0.9461126797817766, -0.013525316099463608, 0.007083447954905263, 0.02410317430895125, -0.018180353183254786, -0.08326176824215277, 0.022508821153413718, 0.03225458402194735, 0.005659059600161129, 0.0005586016457574609, 0.022431799361412836, -0.0005226503215652483, -0.0077699636895249505, -0.005526045459353829, -0.019105167307125318, -0.002866124083586733, -0.008966715510204913, 0.02219873889910736, -0.00031977889675582406, 0.003496171194079155, -0.014454520490900452, 0.0027789574435728727, -0.013053466427994865, -0.028798352220630503, -0.02189785395779753, -0.005475807977582795, 0.019894405293928445, -0.098605766670401, -0.043757620687612256, 0.02890204841537813, 0.036083223789893155, 0.03654708334974089, -0.032057904656421714, -0.017392768524954687, 0.021807366947029064, -0.007799943376136176, 0.00957004510700518, 0.12268495938896909, 0.027230926808844536, -0.05084158856025651, 0.007409149559837232, 0.04199796180208838, -0.020019476582517213, -0.03566723550549219, 0.0904700697989726, 0.001453982070237232, 0.031253337491867976, -0.08645100599057266, -0.007124571343932677, 0.008074559329494803, -0.10234517504232693, -0.05220595383742343, -0.0481212886228798, -0.02449463712692907, 0.011770191583585592, -0.02416172164189919, 0.013542162349428207, -0.06652959512490574, -0.03763473451517869, -0.0605730021203331, 0.07945501152052366, 0.023206363752821705, 0.10259450049936265, 0.03428926148325505, 0.02387265330842255, -0.07279772233959206, -0.04821233152710881, 0.0024630724657364236, -0.050202990003535, -0.028515327868091807, -0.006037637271696588, 0.0001960780535241813, -0.030149592823214028, -0.0007880381521956322, 0.005551232666487544, -0.029113596386480332, 0.011786631917010286, -0.03654139437489181, 0.051418925134894496, 0.031432583957994295, -0.013827008764919027, -0.029460348185638148, 0.03813999241671416, -0.02094091752391603, -0.04198949417859717, 0.023159568668790615, 0.0434563184647598, 0.06639101520557178, 0.0060780071772268416, -0.02687710473199476, -0.008930094769192026, 0.07563306253281855, 0.017665212667307185, 0.04107771148912857, 0.006188963484985205, -0.03330145474288318, 0.008721318259783572, 0.06811179596895897, -0.025234366322830565, 0.09388273239891337, -0.03645533265431825, 0.03466314612612349, 0.025204399130347537, 0.01037172188472703, 0.01851900078095066, -0.056627627646815226, 0.029669540820193466, -0.08741099297181537, -0.00036183689828250007, 0.012827934080953092, -0.041919741035725634, 0.009243155037657854, 0.07247005733568249, -7.073502726462154e-05, -0.0007258522172574468], [-0.019133688794616004, 0.01908570338773148, -0.0061298694960954985, 0.002473175996262254, -0.011619127067547681, 0.004415512021131804, 0.015418800169766694, -0.013525316099463608, 0.060126086001271, 0.016645367495500284, 0.003301459251714589, 0.009146987254910522, 0.006166447776643137, 0.0006093366862060733, -0.001999829280124762, 0.00240795778241529, 0.0021590058450647823, -0.0010123291234120175, -0.0021151162530278936, -0.004917014655307571, -0.002366894633222345, -0.0014433994320251981, 0.0010803048667500869, -0.003302639233245848, -0.005606172262279175, 0.0035406875005893723, 0.0021745531799842073, 0.0006438846793908959, -0.002620985542541973, -0.008131664257976307, -0.01068492901471333, -0.006734965481031345, -0.002085813267782312, -0.006119585203382326, -0.031973178967296595, -0.004023277072418259, 0.014262212769432417, -0.017341803222641405, -0.09374890362162107, -0.01089333958800185, -0.006637034752583465, -0.003847345753755344, -0.00826274783101207, 0.010948295664143657, -0.005472183142277608, 0.008551314518468037, 0.022031967748503897, -0.014725509445904445, 0.002710449894167744, -0.030100624334805124, 0.017701407094859824, 0.015314461018730506, 0.005581547193431159, -0.09137423506716216, -0.005161791000676381, -0.005506200888616913, -0.0069569652417292, 0.00128037542174323, 0.0018498829607317912, -0.010655815471822165, -0.0034447617444013628, -0.0023473438763795033, -0.0003115872472083688, -0.013404158033314722, -0.0021813419412752633, 0.006662887037628227, 0.01176742830408548, 0.029277636019640108, -0.09347633973928017, 0.012810560650505445, 0.010800885118775331, 0.0018779789892443772, 0.0010620748186337527, 0.005383474457434936, 0.014378099652682963, 0.004581021212288345, 0.0048982403347882335, -0.012546016826823343, -2.155789361700316e-05, -0.023375360791703617, -0.012221979644357646, -0.009753631953794091, -0.01900495136159501, -0.09188763570226222, 0.002640577550519214, -0.014094335043570173, -0.003943803890149505, 0.019501215800486457, -0.0009329659572527897, -0.0026756397854786865, -0.007777525281822995, 0.006222271619319221, -0.006330934868729189, -0.011330453780693795, 0.011889977215984041, 0.0004198147382444029, 0.005582320449565543, -0.009536625532876928, -0.08754698615949776, 0.008292498181843327, -0.0016334007009657266, -0.008690626804492216, -0.017526981448732885, 0.006648240444524904, -0.014312246644141005, 0.005398503626701343, 0.006953919520637443, -0.0002999183912363303, -0.011520830466300348, 0.010059495245792912, -0.011951733928217556, -0.00020311055603916144, 0.013569255538825294, -0.09526236457426823, -0.0037449802052931715, -0.0007458343690401364, -0.010079635797934599, -0.002052008440845514, -0.007287917218074165, 0.0021232897943014423, -0.001683069128241268, 0.00045919819609532495], [-0.04276003956961667, 0.0024140215134180795, -0.10499504516434355, -0.015213608866156183, -0.03052195612398762, -0.13901710902985542, 0.010273215391588271, 0.007083447954905263, 0.016645367495500284, 0.5975465993751687, -0.02157619201763547, -0.0045588161021703905, -0.09692158756405009, 0.04172411104986348, 0.015868145204581147, 0.006485908162849723, 0.0005512411182995637, 0.009290900528704498, 0.009143445878237393, -0.005679306040497838, 0.007016567939059092, 0.006733100211620288, -0.008725971121142494, 0.006072879738363589, -0.006061190218957121, 0.014782936815424272, 0.008355140619830849, -0.005361987976296567, -0.0014726655611849234, -0.020872388727392818, -0.0190911124855439, 0.03905761911811822, -0.03809191388707313, 0.004695187923490276, 0.010988831931551625, -0.09565930848575135, 0.03226968362307963, 0.022367474030183934, -0.002913557438103443, -0.07307873607390528, -0.005334679599230816, 0.02959305372046433, 0.0393861931068205, -0.02038345461290251, -0.013215081685437365, 0.08014343699301141, -0.017239258336302663, -0.048085257206228284, 0.08110421486768156, 0.004348930753656765, -0.04977744596887141, 0.011818012456011853, 0.07181030319334211, -0.023226940718490303, -0.04989145691520322, -0.10937922684248265, 0.008765704685310386, -0.08838983830102182, -0.003027807948183702, 0.014376322051234064, -0.008242545422941757, 0.046163446735950533, -0.050516521369928756, 0.023906856279218725, -0.006837835256975401, 0.01533495469571549, -0.02665912137488322, -0.06149857495833596, -0.010369677481789467, -0.1353488117352956, -0.034898286234247455, 0.03308079562450117, -0.09368823386048379, 0.014342210775240198, 0.0107891820012392, 0.018579039968429856, 0.014770192705281225, -0.09888888930219702, 0.02338351861339845, 0.07330944960561146, -0.03810544326473002, 0.020935218621562522, -0.0972667054656761, -0.016796298657087243, 0.006908293025849466, -0.07791491010523077, 0.039990045200616754, -0.03896288890690251, -0.016116843573267953, -0.016265340042286375, -0.026343835269362213, -0.03596480543540923, 0.053395702148193676, -0.014520545169567706, 0.0252154284315106, 0.040801482407947585, 0.0361069123297065, -0.02671829202443711, -0.0023084140400989185, 0.009259254032399817, 0.021341824001346935, 0.020336530118516463, -0.05185394147349275, -0.02290321068637495, -0.0631975505364953, -0.033769564494094975, 0.06761268051178479, 0.029139903165028288, -0.050532701280192854, -0.02183304086882535, -0.06871501782862251, 0.09600322513473303, 0.04579673555672031, -0.0048963796581733, -0.09180313687585735, -0.01564368008308305, -0.0013565562715029881, -0.04381182752630617, -0.0018927050427054739, 0.06380596014590491, -0.0002584882843332227, 0.012980540245823043], [-0.044219920886602836, 0.007101231172325406, 0.023345137199257446, -0.029031955687424723, -0.012056863882367617, 0.0798412537841141, -0.01775413778392867, 0.02410317430895125, 0.003301459251714589, -0.02157619201763547, 0.1366529323968039, 0.026745111045321544, -0.030889075759966942, -0.0121687038933925, -0.01751325844880277, -0.005865841652845433, 0.0007282944850970643, 0.010764551476303752, -0.0010588557428443544, -0.007635211281815254, -0.010979967896969029, 0.004940607403395638, -0.0007343386783655974, -0.004338477810663835, 0.002564363050482841, -0.01128660831584213, 0.0029828730785382064, -0.005970106424964984, -0.004858287305457444, -0.004331411995602145, -0.004636046994431654, -0.004190324441381116, -0.00403140691052245, 0.0005842904458544415, -0.01014996428994391, 0.0253323383581824, -0.0029179020018790113, 0.025933241126455963, -0.0010775306386267788, -0.020449844037194617, -0.1157791274219579, 0.00015473561701806007, -0.008786868143361715, 0.00949781496663774, -0.008517974031548865, -0.0010273592919180952, 0.03457734696003397, -0.02883373209063769, -0.006610826480533263, -0.0312490850487914, 0.02877069842827971, -0.03467590463377108, 0.00500478070959052, -0.0014188002882774137, -0.038321310948836514, -0.11850075184939772, -0.016893548630670926, -0.011157788739802799, 0.008712506351184581, -0.03119704223850783, -0.005793354563840578, 0.009745460661545273, -0.01278980889911285, 0.005090181665615407, 0.012447750476518034, 0.012420174782136374, 0.021148718828287238, 0.03012516642317874, -0.005036100798915105, 0.01132214024849957, -0.11911271180058848, -0.0035587978137180116, 0.014349345810509841, 0.008503877378688622, 0.0045317281967948075, 0.007891728064035798, 0.013188816184320757, 0.005113234633912004, -0.002677559220067814, -0.011818674171327993, 0.006738853652252809, -0.041643323119540575, 0.03784622068493256, 0.0023603027484660937, -0.035913837431438216, -0.1217486961596264, -0.013660753432877839, -0.006338403221090326, 0.008006582933374964, -0.019322492236663203, -0.012507694114857791, 0.029318537855521725, 0.0022834985486112763, -0.002719605984966701, 0.041255008385497366, 0.010209413834580608, 0.005702275012219604, -0.0008267930912325147, -3.336804921808421e-05, -0.0364290227313098, -0.10570477301932052, -0.017629987538417467, -0.0057969278644683635, 0.00854533669007552, -0.022032405943032893, 0.011901078788160189, 0.008273829623269889, -0.004681817460997966, 0.0033856803549872, 0.006821575758286734, -0.004421310696274326, -0.01707399908547587, -0.0027152232705703783, -0.008618152590950197, -0.003347898697668111, -0.12444151417893044, -0.027732869450479793, -0.01278924251674584, 0.008466462068380226, -0.004276888209981856, -0.002519966176287262, -0.0005217328770188295], [-0.03443660590455816, 0.004106972854058906, -0.010716601975988985, 0.03848533191495692, 0.009023672274738086, 0.0010997235559805053, 0.04119783039595078, -0.018180353183254786, 0.009146987254910522, -0.0045588161021703905, 0.026745111045321544, 0.17146919133332572, 0.012692324831583121, -0.06305065963050613, -0.08766592455713033, 0.0006650689578953149, 0.002564732277975168, 0.00848487696490537, -0.0009219191965613603, -0.008033351734602135, 0.0017482171726447828, 0.006004798782222401, 0.0037304031441630454, 0.0016285809904788607, -0.012854704337801429, 0.004499638751026196, 0.016206714077625077, 0.007155449733344751, 0.004715565615445181, -0.0036087315589109032, 0.000570737574373832, -0.028712010570233717, -0.013916585417317828, 0.01936230397098464, -0.011398594655725092, 0.006961341912740931, -0.010022540014529216, 0.005490516920977869, -0.019554582145844022, 0.005796122237278477, -0.01613941697117169, -0.12323865855541297, -0.001640254636163147, -0.009521618933142306, -0.0485658358132594, -0.01677762964185281, 0.0429171278978768, -0.01823936934921328, -0.016131472469010442, -0.036347335744556716, 0.03777223881961324, -0.0385040752865932, 0.005280802456034846, -0.008409737555624854, -0.01342946778474496, 0.002082712955868813, -0.13459115269896113, 0.0019906844510810258, 0.03535003283332641, 5.3773140635997146e-05, -0.0048675762258101165, -0.007345746036651993, -0.01865844896899365, 0.01994968219539004, 0.00825300945683067, -0.004435002658769343, 0.005097185356862466, 0.04468550706664332, -0.0075668157934112275, 0.0462634765520221, -0.00825879836805956, -0.10491645760781776, 0.011730082437075087, 0.01852136628517733, -0.0310693064472354, -0.01178585697974727, -0.013192709602198552, 0.021818470555164844, 0.0028245501787772997, 0.007537029584694258, -0.0059040788948002765, -0.024872718415482446, 0.00350979020298631, -0.010651651375750061, 0.03489284963707823, 0.00023525548959207063, -0.10114803447044055, 0.014500282634194322, 0.04068117889901213, -0.008797309454172062, -0.03735053332086317, 0.011065343219465658, -0.03820355316330125, 0.006109553703980187, 0.026671487633001166, 0.01749177434741159, 0.027562137539981477, 0.0011134914354716328, -0.013519020073945986, 0.014766438151753826, -0.027517036657293516, -0.13253310316450131, 0.008046318253344373, 0.019534594145717395, -0.003629996304711757, 0.010698032130413107, -0.001965014033592497, 0.017281207512604105, 0.014259124026868745, 0.025375794223221036, -0.0014219998151964032, -0.020232585502374407, 0.00976800854088069, -0.011026703681054122, 0.0005963870606510813, -0.03426942707583748, -0.14511763803025776, -0.011479795407741116, 0.00882933216555481, 0.030122194886820493, -0.009894192690639831, 0.0048643173610768775], [-0.004473782433535197, 0.0836084271401402, -0.06516274202502484, 0.014004917593327885, 0.0006811643851950964, -0.051698120569462463, -0.0068506043679558894, -0.08326176824215277, 0.006166447776643137, -0.09692158756405009, -0.030889075759966942, 0.012692324831583121, 0.7475350351974239, 0.0013180598651694087, 0.1259872878559787, -0.0005305273176283209, -0.03192657712683713, -0.003118475550446416, -0.008842913295365235, 0.016509484058443054, 0.012735196800441259, -0.0025666604152954756, 0.01053713667948652, 0.00043800234429786805, 0.013366355798776154, 0.008722108929703806, 0.004498461027613727, 0.03661829597892586, 0.0058090583292280335, 0.02457742918966758, -0.052159757535772636, 0.00561900832686514, 0.041500493947944875, -0.029592978148616108, -0.03838049041297013, 0.005770079400870162, 0.0003910077644612548, -0.057966909351561756, -0.0025407080807723797, 0.03818793771479766, 0.03948716222876998, 0.012726094247781344, -0.07584441380582581, 0.02167709839839286, -0.05873723910626396, 0.000696223212031279, 0.010465646615157797, 0.0392033452766648, -0.014851613214269956, -0.025210583125568727, -0.023017209964999452, -0.059752277312672075, 0.03602462283377661, -0.03012043384078987, 0.01292841284217951, 0.0183724104041852, -0.013630840995119157, -0.009956078412920264, -0.005753014687063389, 0.01525844136449208, 0.022152699788164337, -0.03222799223377815, -0.04442716248936692, 0.02168560216442829, 0.0505127274764267, -0.006061881729046851, -0.00822601029883607, -0.08482438926798457, -0.007497892984144705, -0.006981230571838518, -0.002791291270416501, -0.002940028936417995, 0.011002722693993407, 0.04315873679814205, 0.06334430362686704, -0.036230489575808766, -0.025913244460177298, 0.030184595325750983, 0.0024459524610639864, 0.03683623543457361, 0.021709907820082728, -0.040832793332373114, -0.0033668049568269, -0.0027685816230736187, 0.018005479986008203, 0.03371640715883377, 0.020443926362838823, -0.06774937197910125, 0.03944787602092993, 0.008120070154008868, -0.002906877911983353, 0.012816716204955088, -0.02593060228437346, 0.03843258418854611, -0.003626937271242872, 0.04412163337133477, -0.036324202583761636, -0.05264975506859492, -0.0051870388108423045, 0.005995244597486136, -0.013208480515800614, -0.011672596793420061, -0.0001851275814676737, 0.05362833353610684, 0.10280321292896716, -0.022920072619022347, -0.06458377291430148, 0.0042783016160224206, -0.009335937129323433, 0.0018902712099372527, -0.008591366160180823, -0.03406014070505501, -0.06432035125437041, 0.013856917528662322, -0.060177754934832454, 0.023190673522508153, 0.01655800392580123, -0.019659591155736945, 0.018237746520290265, 0.0033538071289604767, -0.0066110540132632385, 0.017211613491739036], [-0.002814225146675905, 0.04059466398895229, 0.004899571804585467, -0.0713881419796686, 0.0018339568553557817, 0.013057429045167499, 0.0010473080868695307, 0.022508821153413718, 0.0006093366862060733, 0.04172411104986348, -0.0121687038933925, -0.06305065963050613, 0.0013180598651694087, 0.11955868957869384, 0.152121569545355, -0.0014934635897241194, 0.0036550955299383876, -0.0008068789822573299, 0.003116730086618019, 0.00536969844925313, -0.0025540305064549284, 0.0056506879590516815, -0.0003343467656383501, 0.0016279364405753906, 0.002875313192455416, 0.002905256890749231, -0.0033313345968661087, -0.005324601653231317, 0.00539199405198196, -0.0020278059847203, -0.008379565750089519, 0.018811770174679273, 0.00562190767668608, -0.0184657602458518, -0.007445662266922214, -0.007209536544594528, 0.0011165439942804117, -0.007094052102313476, 0.015169081277332994, 0.014047652520228155, 0.006406130131617436, 0.002892225039801627, -0.005890967519321626, -0.025760788766255847, -0.014331563248096866, 0.006338197153545962, -0.014620945830493408, 0.0041275910132362375, 0.015658397249963766, 0.007299680999585311, -0.018536729171231683, 0.009647297416473483, 0.010641420644218183, -0.0066630089061465265, 0.01752323065308677, -0.0011864830241521632, 0.009486976549447567, -0.006574189940905975, -0.050632181766379104, 0.016845755720831312, 0.02274624656678221, 0.010047749337136975, 0.008845391134445157, -0.018860468085312162, 0.01660867010409157, 0.022227647646985364, 0.003645264490530615, -0.02113175860497973, -0.0008540584565065383, -0.02124108105323364, 0.006034061933928036, -0.02851383255463253, -0.027185542550649835, -0.04133542874692693, 0.05091671905313244, 0.0071055029522675344, 0.013331565499282032, -0.018149965707647608, -0.006836283560891512, -0.006178285510141772, -0.008329889738939939, 0.015815602946899786, 5.05343996523569e-05, 0.0037765540522784647, -0.002514984339322197, -0.010385617492266649, -0.010030783985487493, 0.008431414570249495, -0.07892355884536263, 0.00825081249598237, 0.029208449666535973, -0.005953289744736857, 0.04141856549283122, -0.017934144930021788, -0.014191659505654347, 0.01720466346547385, -0.010882942547608144, -0.013612697974061774, 0.008488418313520497, -0.003698008571998418, 0.024572114128038124, -0.016015301790740455, 0.003989495777691422, -0.060674552915953264, -0.0012711315978513487, -0.023609024898495496, 0.02268888739962232, -0.009839808539569662, -0.026665325459185124, -0.002946472179393861, 0.0017701602203341077, 0.009397513640686403, 0.018412680611758454, 0.009128285799688433, -0.001972742403351979, 0.01960690468459726, 0.018916036442824778, 0.008768520331994318, -0.033773939768401665, -0.029068442327437567, 0.00713715662846696, -0.001982705039480799], [0.007298002468082205, 0.05625888038067762, -0.0028804324030462266, -0.11152098695816101, -0.0059701572202612825, 0.0009684445065276118, 0.004952698827744654, 0.03225458402194735, -0.001999829280124762, 0.015868145204581147, -0.01751325844880277, -0.08766592455713033, 0.1259872878559787, 0.152121569545355, 0.25438967890404157, -0.00578544042282504, 0.0015693129828375084, -0.0026433231228110386, 0.00033607951518617815, 0.010989406173660947, -0.0018108820611187645, 0.008626141227162695, -0.0026678828909490536, 0.0017754512090178204, 0.008853520007116901, 0.004299158339062017, -0.004466378841783701, -0.0033169743663701385, 0.008733337640786556, 0.007105072117686453, -0.03163365067912702, 0.03325480987459497, 0.00798581409486886, -0.035796783479777224, -0.018747044130609625, 0.0022451060145039746, 0.01004677620816291, -0.003069385222425195, 0.017238795766960933, 0.010772191065634842, 0.0010914029983591202, -0.0015173488667519787, -0.012312343486748705, 0.022406387248971416, -0.06254211545719966, 0.002641652206948392, -0.022408673389526835, 0.017854591238151803, 0.014544776222499544, 0.010085332613940247, -0.03446881974492951, 0.013291254240492465, 0.028799898583528896, -0.014752639128785732, 0.03723708050772606, -0.007340115610687309, 0.0028929565335333997, 0.005037809719475762, -0.017462231289756634, -0.007348305527722178, 0.022705294570435, 0.005596215666317394, 0.012712963647225453, -0.030567962850952195, 0.03113396362950586, 0.031832478827593116, -0.00436367828916619, -0.041638732437173, 0.0019798523961008178, -0.034618197267507755, 0.008649941349284103, -0.05045744741667049, -0.002922719464021673, 0.010177954922358075, 0.04953829311352338, -0.00038675305358979947, -0.0031131728255462785, -0.005314368874453, -0.014589364778857342, 0.003708245106340871, -0.0034600637537034466, 0.007851312872719816, 0.010938960571917206, 0.00939150428089421, -0.015000025894002421, -0.011672364653607941, -0.02170902857286621, 0.02596489868814465, -0.04113364064843952, -0.0