{"inv_metric": [[0.5436258252880695, -0.24548744026736988, 0.15990225722924487, 0.20526884265650483, 0.024848926448396286, -0.03654647388362642, 0.0068979288769032586, 0.0070424847965212135, 0.0007853276110010585, -0.08007630728695711, -0.0430699947355169, -0.04934806246044027, 0.030700624639164748, 0.008212018889739428, 0.015804704563912402, 0.006302879279714269, 0.001438502181535532, 0.017496119336668885, 0.008736756375835186, 0.017631808276183752, 0.006490371322440223, -0.004978507803907506, -0.0013281869873257863, 0.007459117079943518, 0.0014145961853829492, -0.0019444500061718594, 0.007416259561022547, -0.025429040323418934, 0.0006073937975167339, 0.0003324198414029756, -0.07135966534591483, -0.022050819989205214, 0.02512134058931804, 0.05625360032926899, -0.017372655173456843, 0.03644047576916108, -0.009245733662016576, 0.026153251207178197, -0.02062793931268183, 0.00968360833124586, -0.04577630133998054, -0.00937408563969518, -0.013063300283837256, 0.034501074738980106, 0.03783636979304384, -0.14778847621440735, -0.02866659867713541, -0.011939135897029664, 0.06272462946745581, 0.03607926233494543, 0.037333857504424924, -0.08231793396357409, 0.04574661048798595, -0.011567416653968312, -0.005494597472165053, -0.042299659836819534, 0.024171095633741146, 0.04222766983075364, -0.03651921626811254, -0.021774709697666067, -0.08338735252714316, -0.08375629789016573, 0.010018171134831387, 0.06407499276523304, -0.018292674491175834, 0.0015748408161313603, 0.09399162271053695, 0.00506898628976784, -0.02170904289000261, 0.09708165991899509, 0.021546729121624482, -0.0017516737096571432, 0.018963270463215866, 0.0012015728887755338, 0.02771255100234782, -0.041246151135400685, -0.06373003499656467, 0.01986028641580574, 0.08949358602713668, 0.003630495176602153, -0.04031092018253845, -0.013628466697502343, 0.04548632939777333, 0.010852278157745416, 0.0016446567897094742, -0.04086999171730378, -0.00534335791453777, -0.014376341104326102, -0.030813313990566728, -0.06921895226473865, -0.06407020428179991, -0.04710677537022553, 0.03681706768455334, 0.03513494523437649, 0.04058905197838261, 0.012110623162184319, 0.05940818732236232, -0.09314296207786736, -0.019181670544133167, -0.09630179471798904, -0.031027024924095, -0.052124783324354, 0.039945734278475864, -0.013145926999695952, -0.019308057735840593, -0.07474236606085898, -0.036283787110205946, 0.050431751004056176, 0.030612986109688343, -0.0651941250002227, -0.0035581860481371866, -0.02938559194606785, 0.03737750173350588, -0.023038477768958718, 0.014227620513340318, -0.01609569806426783, -0.004167147929752713, 0.018276012665345166, -0.041705572388463626, -0.050493770697787134, 0.014406039610726128, -0.002635834024125293], [-0.24548744026736988, 0.7372298125340521, -0.1844481312468404, -0.22724134714521668, -0.012060318601889887, 0.003811812796991122, -0.0033725126498768457, -0.03335027059687104, 0.015198057185136397, -0.04974276155083875, 0.02032610820585904, -0.008028386134472643, 0.06409709119550197, 0.041564861804385005, 0.09021206981440168, 0.00698292808746693, 0.00396240237930838, -0.010367052156804368, -0.00323466751066049, 0.029618366386179523, 0.010278365137268586, -0.007541397524736183, 0.0009921847521896538, 0.008985203220260588, -0.017120929864623238, -0.007239864177091608, -0.013332649554834545, -0.007292635345462612, 0.003034860808579411, 0.0028804353582881615, -0.006884142115096755, -0.0858724823208908, 0.060978609543583605, 0.0070704489135230385, -0.013730027922222414, -0.006557405677562746, -0.0467264652097549, -0.011131526045861283, -0.008591049270322108, 0.042585201901369274, 0.03394365645818498, -0.023712391705728666, -0.03812959980421599, -0.027567324174492865, 0.03467174001557117, -0.06033451088558264, 0.0066886712723149095, 0.09745991756537516, -0.00012781366593230092, -0.03244970845405152, -0.03211502651734013, 0.01741307026654744, -0.028913321977709527, 0.012044546376681285, 0.010171601968602091, 0.03656390490422147, -0.02528345400162529, -0.1269012901831681, 0.0049587759089829994, 0.04996240308195513, -0.10507086260149182, -0.005680977595639704, -0.050177406962652306, 0.02430366309465591, -0.07501426518456272, -0.02105291964071459, 0.011370090738398935, 0.0517450728245632, 0.040276820727967816, -0.06836910980910908, -0.03134321892798383, -0.007407242838122973, 0.05841314901508714, -0.0007342995543338861, 0.01447296599004748, -0.07423816766295628, -0.027053051047822442, -0.04570484801370307, 0.030468581487212067, 0.012539656731773215, 0.05100078442220804, 0.10093930331358388, -0.029877078109536163, 0.008254397318181114, 0.013020856655104303, 0.0331698617708024, -0.00838587467835682, 0.0702019996939121, 0.006569206486578481, 0.10757122520230084, 0.015831918156781682, -0.06335170165552127, -0.027135023561944464, 0.060914905631714214, 0.013206050626977743, -0.05263156439901201, -0.06639588359904994, 0.0258314313395236, 0.00923635827140765, -0.03198698819076468, -0.04141248071123099, 0.013070844411998427, 0.016207071004686567, -0.01617642243621302, 0.06719362417677921, -0.04156190203138592, -0.030989088024473595, 0.009232086598597374, 0.05030278690449083, -0.027517273595889066, -0.031649351346188126, -0.07879251929843666, -0.09317367246440364, 0.0077889829469812485, -0.04270369576306536, 0.0034019674967434824, 0.009104422224205017, -0.06970301936388892, 0.020355516252533474, 0.034902821517059576, 0.00010420168450303715, -0.005328405246377974], [0.15990225722924487, -0.1844481312468404, 0.40302470628324216, 0.04121531331558213, 0.069741188151146, -0.024022419684130436, 0.01035753420534605, -0.0306251288678561, -0.008990495248692894, -0.03235526917864205, 0.042175436704606696, -0.034964971753018825, 0.0033639260319307867, 0.009327495769788153, 0.01089523163006813, 0.0027129702041123484, 0.0014742601216399488, 0.0027753126688478923, 0.01740866134595764, 0.005452928626471192, -0.011502756316668238, -0.004402864393322641, 0.003139296054380178, 0.0044366583605502516, 0.006388561252818652, -0.010253363968183988, 0.0036089463542832404, -0.003195481315378932, -0.00010548438798420455, 0.016203035597457817, 0.03183823839152252, 0.018344572644280653, -0.09989790353551496, 0.048065132251726976, -0.014056679632041554, 0.045627624708570215, 0.01585998146984546, 0.029243790487534452, -0.042824553090173974, -0.035474497489240024, 0.01982009946477776, 0.012992021253613624, 0.06838921301125676, -0.013553840753964094, 0.01799459683141656, -0.017460282827081647, -0.03482075421524667, -0.07326345588783068, 0.04973105623808593, -0.0075801960271464665, -0.024316081983806397, -0.026305233536424385, -0.03246579023417518, -0.01204016026698898, -0.0896113070435121, 0.0036013391613517304, 0.01777903406654441, -0.022902802866611713, 0.010229784395721787, -0.021941245595197126, -0.029992826596911278, -0.00032737984795408253, -0.06479612848871935, 0.02896326049412798, 0.023911747549676045, 0.021773436407055115, 0.03688503013500094, -0.05029506435730773, -0.03077415125787819, -0.048418199417490065, 0.03701453163005031, 0.012272082271543854, 0.010289464243316723, 0.002926811613413629, 0.009057086522323655, 0.015456439567536843, 0.011509518036320587, -0.06751773182532218, 0.08492740718826645, 0.049591035184549284, -0.020774945003239603, -0.029909930564982364, 0.05801103661619733, -0.006187781704217391, 0.006574438431341594, 0.018541674306194078, 0.021133414550627384, -0.04775085379236784, 0.024803884309175114, -0.045322620493796116, 0.040331371212783046, 0.011815006166879553, -0.08810297872143283, 0.04728190579977147, -0.004032399675352601, 0.026232830830482265, 0.07557562614575701, -0.026961596235044055, -0.0185527968422287, -0.09504817518892966, 0.0028901893346519763, -0.012106739827399795, 0.01726703050598081, -0.017338128101048133, -0.06784468296124403, 0.009092217774967397, -0.03741244146082431, -0.05458744053283896, 0.04898819555189023, -0.051990129676165855, -0.04169873902355096, 0.04517056696654164, 0.054199788843101074, -0.05465063281864777, 0.015100775648209087, 0.014947612490637873, 0.019341842623076835, 0.004589363050183229, -0.02186700720949862, -0.052503463530944705, -0.003561989516828148, 0.0021925010967438546], [0.20526884265650483, -0.22724134714521668, 0.04121531331558213, 0.35250134475948863, -0.009824904296164836, -0.018372377087706653, 0.0027753332533489786, 0.013120550076886936, -0.02154186261237794, -0.015706012576459705, -0.05902017399692131, -0.008937502497201572, -0.012423891129794402, 0.009419820744338312, -0.06394490747205596, -0.00043226354495053235, 0.001476612872086619, 0.015270596691191162, -0.01159085455303699, 0.0017259915177388716, 0.006018713806770972, -0.009830024216639621, -0.004420587608351972, -0.0020246588801112056, 0.007555303003531732, 0.004220562990949253, 0.0012755088705834027, -0.01386491929169612, -0.004010835583815492, 0.004655575358010645, 0.030642415336293177, 0.08401162984556147, 0.005113304876123615, -0.08351062773622557, -0.028476172976366253, 0.04012236160840944, 0.010802408255199706, 0.013694353190055011, 0.026564170502759683, 0.026885167065721118, -0.01953802435638883, 0.008212127396527748, 0.022440258015669505, 0.012309279368826804, 0.047551845510657, 0.023900163726015222, 0.011198017518979976, 0.04997825160362595, -0.09632257479915679, -0.011118528645752307, 0.017837891119346336, -0.052826074733436604, 0.006457601239869428, -0.013029509447493369, -0.05598058633261643, -0.020378357266282236, 0.012231695401555973, 0.04925296804085242, -0.035461872878536825, -0.027879237079073277, 0.04982547970728748, 0.024746081903472644, 0.0405085694886165, -0.08835574806033629, -0.015648684637434566, 0.007162481360197512, 0.03741247954554669, -0.009877291495668667, 0.005215083455369965, 0.0888273316023708, 0.002145196395361068, 0.0005436582469638616, -7.894128965028793e-05, 0.022385290231525978, 0.024570487271190065, 0.05525741242632702, 0.05106867420630515, 0.07733021406561978, -0.0847803783013904, -0.024851494316686058, 0.013274527500915193, -0.0645580863529046, -0.017370566488670715, 0.009495171378334617, -0.016815955114020655, 0.004488724351132406, 0.024497366020923717, 0.016557560359380254, 0.009532543774582703, -0.03375506985451143, 0.04608324634948424, 0.04249591912384106, 0.10747431220935653, -0.1143802075124511, 0.028758447209711387, 0.053720562634950716, -0.019087491312042983, -0.03886960660043826, 0.02580665798571942, 0.031054011133128185, 0.04304709014204353, -0.004378795993480044, 0.06529974176412075, 0.011967084259356086, -0.026672635221109856, 0.03221387051358759, 0.03608930015016328, 0.05003391388293863, -0.12383880348391695, 0.02102605967332643, -0.023591377483593023, 0.007241167704114617, 0.015007682241354658, 0.014066626804803447, 0.03771352869659704, 0.009624662325461086, -0.005434243964160763, 0.0012292204047439177, -0.008985066890033607, -0.010205354473888267, 0.007367054039343904, -0.0032468388149860536], [0.024848926448396286, -0.012060318601889887, 0.069741188151146, -0.009824904296164836, 0.9190571008273192, 0.06005766848592005, 0.08614932568846594, -0.006291195461129683, 0.05236318376984122, 0.042041724725416445, 0.04898524209328257, 0.011260616298740927, -0.032899339323878264, -0.027519879166215663, -0.052774034680355145, 0.009344012581563513, 0.025947170552164188, -0.0075775368566175245, 0.009495979699083534, 0.011941920072017878, -0.004986083992572958, 0.0051013616224680125, -0.0055699229991408115, -0.0211134740740894, -0.009980264857111069, -0.009523731733488118, -0.007701480775629695, 0.013549166889670885, 0.004494728746281945, 0.009429795038789655, -0.015939215676066334, 0.05735744801005865, -0.009339755477945516, 0.006742592511843622, 0.09244914781247568, -0.02014250320713997, 0.10278862247423722, -0.028890181180193257, -0.07215597788055421, 0.0563888145272354, 0.059672304040641264, 0.01931144639398127, -0.05992751475279277, 0.03744861880198998, 0.01691589820115585, -0.08768428187697967, 0.005764405183846499, 0.01861382899872718, -0.0005853177135687742, 0.06198796166061996, 0.019781771973399292, 0.02970672260700787, -0.06714606555503763, -0.03447973671422513, -0.04034289960505231, -0.008742801297978237, -0.006209177970359946, 0.07246880761628756, -0.01094984480667472, -0.01929286023459699, -0.0014245959898598792, -0.0019313021077920025, -0.006503847323409803, 0.029357049395028947, 0.06347646640707319, 0.03605969680130882, 0.09348543967409932, -0.013314719213592245, -0.024594124680676704, -0.06063646546550865, 0.008700059470279773, -0.022268784056821655, 0.033729114415065944, 0.03565183808034124, -0.01680755288555166, 0.04080704354769671, -0.021942235053881133, -0.02769863704853367, 0.0888583210729221, 0.014542370355829202, 0.02786444314084573, 0.09295392649458517, 0.023031947090958915, -0.0622129501621942, 0.0005454091571788763, -0.03785071542942099, -0.010489859090458653, 0.019034873090370746, 0.029347502974288515, 0.039122301365948756, -0.035563377195209155, 0.020078186416988678, -0.00931738916289161, -0.023176872961654132, -0.16588090094143923, -0.027363416324723423, -0.00601169532490396, -0.05688712999970867, -0.0692051813001819, -0.1326179375598827, -0.0046201961277244855, 0.0070995709316969925, -0.02639304503563119, 0.01092623186029841, -0.013752303556952786, -0.06591497185441991, -0.0716714278323007, 0.06946908296006457, -0.028602342070770115, 0.010726448209243195, -0.005767249721218937, 0.04585888176882644, 0.01903296266136674, -0.08398306683397005, 0.05258958566096939, 0.021807947260064475, -0.004206587489364871, -0.01635224208267303, -0.013658228777877464, -0.07477386772162785, 0.0011356352279641305, 0.004139275077209793], [-0.03654647388362642, 0.003811812796991122, -0.024022419684130436, -0.018372377087706653, 0.06005766848592005, 0.5112153832497527, -0.005153307140381623, -0.03507481646880905, 0.028464036096705166, -0.010144420920175609, 0.09514487650308609, 0.016709977142201033, 0.038883185083577826, -0.004878347082284902, 0.00812838353339532, 0.01607097774396418, -0.004550085761794928, 0.008608206692607513, 0.010632734321610321, -0.03041123256005888, 0.005803037575621934, 0.01656037919506658, 0.020625536272919628, -0.007189648759655846, -0.0007258795012756102, 0.009336143248096306, -0.001215922931736017, 0.009065289643656228, -0.006957991983375527, 0.00938777742839199, 0.002333479456968267, 0.042597209795832015, -0.06857593933481865, 0.03290900061080598, 0.015078450769230516, 0.0015648026779681394, 0.038732578302934605, -0.02872144678158151, -0.006990182985525001, -0.026378627235612812, 0.0009215600536501982, 0.01261038842818749, 0.010712674094145813, 0.0056047183127391036, -0.016930703761798848, -0.021030462503190413, 0.031123561321709643, -0.0692656848574285, 0.019621926398734207, 0.0975040055084012, -0.0371978737402076, -0.01427703263149165, -0.022882501655517997, -0.0159728103671384, 0.01221886975451474, -0.002912955960567108, 0.007323962034902998, -0.050915071100138286, 0.055300523498871317, 0.00185015022540296, -0.008449156626255614, -0.015067642970765497, 0.07117038248012213, 0.011985068634154548, 0.009461811582465842, 0.00972589284612603, -0.012037584461406195, 0.030355537159303066, -0.01280221944346103, -0.0010168961193729076, 0.03327233492363818, 0.0025733221062236994, -0.03961524841646725, 0.027860895873052634, -0.026495000835590827, 0.011919691037834926, 0.02448072109498595, -0.050686051580369214, -0.01082754241714656, -0.009851129649920031, -0.021114220501741745, 0.06636238731286402, -0.028599068685251923, -0.030427641193274232, -0.021230727026867707, -0.04974082677634594, -0.024132349346554557, -0.027706083823473338, 0.004016391294490008, 0.029651372085499457, -0.037615554380228754, -0.01799391817443638, -0.007841617152172641, 0.0025388089062622857, 0.02175022935995362, 0.005146383280291618, 0.08216566796896113, -0.029627012806518548, 7.715110385204846e-05, -0.013620018484586, 0.012238177452176495, 0.035080342333754524, 0.022839343614847206, 0.015582532659748669, -0.07809112609009375, -0.07621285547314292, 0.015527771154873011, -0.01738254855089785, -0.03033790829059704, 0.04793385051352403, -0.03977725795265843, 0.04955048633956812, 0.017976839878934642, -0.027373031491489525, 0.018383506950971937, 0.003403726381693159, 0.017444521373668004, 0.02530396977160057, -0.022872167927382236, -0.009203636956471346, -0.001884894772230118, 0.004851660049836751], [0.0068979288769032586, -0.0033725126498768457, 0.01035753420534605, 0.0027753332533489786, 0.08614932568846594, -0.005153307140381623, 0.9522869836357856, -0.0948763208484054, 0.050888453680381, 0.10344942287759372, 0.02076526701784762, -0.01663521236309519, -0.031526076251251194, 0.0018384164798220133, 0.05660778731014545, 0.0190303173231246, -0.0036815101859989834, 0.0007947527569518657, 0.010988044397959888, 0.011127295951327389, -0.011248020249082356, -0.013625734143086342, 0.0065137297907680684, -0.00030266359903454, 0.003052613009897535, -0.007236190217480169, 0.017484977904547276, 0.005838716011952626, 0.012795685959018508, 0.032786640683654784, 0.028628778927556033, 0.05473628125543762, -0.06096058574275955, 0.011621244964070921, 0.022739425722962888, -0.016165040897455074, 0.030636695426804427, -0.014911324941492034, -0.10359506150242048, 0.027633398569439596, 0.01682051999034349, -0.024373215555596385, -0.09450425043834765, 0.11610481731447936, 0.11794995154720239, 0.026442647134350444, 0.007617764069117731, -5.021692152670413e-05, 0.001731147936786989, 0.037164310371560136, 0.00345952911924421, -0.04898604793894411, -0.05427761981263888, -0.03225996723809926, -0.0074001846478109964, 0.028322980281061883, 0.0002625965386175063, 0.09260017619555963, 0.062351653905015625, 0.07648186371085225, 0.044447483063947434, 0.02101602058724558, -0.04936233734202465, -0.027800591871967383, -0.006515506779631392, -0.03257914458885641, 0.04322826578843653, 0.0010361419810705316, -0.05937142063384993, -0.01684560757817655, -0.022070983988775467, 0.004426942819604145, 0.03076243458816315, -0.03219707606932525, -0.02416450107648056, 0.03409706949126928, -0.042132945002213464, 0.03488957975550534, -0.01165347991719762, -0.015979368934531314, -0.016504017284888033, -0.009763576467934004, 0.11057515135696196, -0.012973859781139244, -0.08939799644816304, -0.0744249803949075, 0.012311745473068689, 0.06270492885594099, -0.012481088663590826, 0.023859571509714038, 0.026009401577097666, 0.013222882383079252, 0.06026224303283763, 0.05057457523722033, -0.09404352511993155, -0.02715537948510582, 0.05300927868638364, -0.011840111007175311, -0.05316201489302097, 0.006772302436018468, -0.0024204481585280587, -0.042033725416108725, -0.008439410710124934, 0.045081744177367745, -0.016214712423695796, 0.05043177267188291, -0.005960242933241766, -0.024776736346667362, 0.016782466347731145, -0.09866399576460694, -0.06305859578808752, 0.03916988837767399, 0.03986617939907352, -0.10317865099329614, -0.1248950956941773, 0.0012455931093635483, 0.01154415521750582, 0.03769775253125334, -0.00780582015593943, -0.002837246873069708, -0.0007858341780523407, -0.001082625945562806], [0.0070424847965212135, -0.03335027059687104, -0.0306251288678561, 0.013120550076886936, -0.006291195461129683, -0.03507481646880905, -0.0948763208484054, 0.985621794026528, -0.010926343338884655, 0.06250441956621082, 0.016442429911085913, 0.02660455669995951, -0.0023157371893478933, 0.003922684246758319, 0.03425368900520174, 0.0035393005263724387, -0.029519515669429758, 0.0035045513632472065, -0.02450014956901421, 0.006279152176850336, -0.02866644377344714, -0.0031655398919029944, -0.001603514944404054, -0.01860252216044462, -0.027235531549242263, 0.0027707500989049764, -0.005330504215006774, 0.046741867765134754, -0.016980241273371697, 0.020410294850614994, -0.07201534381701546, 0.0210317868205989, -0.03818778445627758, -0.023018125913880156, -0.09958402037176663, -0.03767682631157462, 0.05175495396214613, 0.00936999447511995, 0.02988403000556684, 0.17279055808636784, -0.031626992373333405, 0.016611474992982638, 0.09011835329496061, -0.03881369815251596, 0.0383503645074913, -0.0031777442143193827, 0.06672743999226054, -0.05124620264662875, 0.02082793573418435, -0.03784396270900992, 0.008251682290508619, 0.03324294591091889, 0.0877353159724402, -0.03338990888010657, 0.017266763903005106, 0.009002292443718066, -0.007755254482993495, 0.031460352346528456, -0.05605811540653387, 0.05397533582989785, 0.004882043053000372, 0.027615014628162203, -0.02222073588692906, 0.03692527144606331, 0.059409925827153515, -0.019759919814016775, 0.051439009991961326, 0.014061432234149341, -0.006460772235483109, -0.0013259952862912478, -0.0026184280679115587, -0.006120394758718059, 0.037285296698092725, -0.02346154435667433, 0.013388470814032277, -0.05040784195792216, -0.034480355940601774, -0.018607498712337092, 0.020077282147684967, 0.05056529514381486, -0.050890685944549194, 0.02235233776537629, -0.02526445451298867, -0.05725990985135552, -0.02719546308544721, -0.020627603907840845, -0.002644902107502628, -0.024131389239012164, -0.04850424238706359, 0.006387191499064121, -0.02117617765490873, 0.00875114941291125, 0.021554073996417452, -0.011109030411214353, 0.011695093340477988, 0.07597943956093366, -0.08597882191404102, 0.03611356025588926, 0.038439546867617844, 0.10547931867072241, -0.014943551150890185, -0.024285102258846353, -0.07597525320880726, -0.030955118711260284, 0.002163641711465149, 0.009217165877057112, 0.004719272091496475, 0.018217909399560514, 0.04002131977164173, -0.0413480127811842, -0.04557799633133553, 0.022735340976733773, 0.03882718593811897, -0.0071801178771741985, -0.033523088349892684, 0.043368555747886235, -0.012935914618569341, -0.002671808837949279, -0.009994076412843009, 0.031650791580248694, 0.003921521031905439, 0.0030617947878943557], [0.0007853276110010585, 0.015198057185136397, -0.008990495248692894, -0.02154186261237794, 0.05236318376984122, 0.028464036096705166, 0.050888453680381, -0.010926343338884655, 0.19189626419082131, -0.010809589233832627, -0.017723544603585988, -0.004311234216981662, 0.0017084691977098442, 0.006574537894214238, 0.012539882408642896, 0.009467916500221813, -0.0032001571205806855, 0.00017496958039454197, 0.004755773062051598, -0.017054953339462702, 0.003976462745208492, -0.0010392951487684283, 0.01036571535967655, -0.01439663026319149, -0.0010049099927754313, 0.0033866722917288697, -0.004500306169990382, 0.005383973929831225, 0.01055710576664458, -0.0020056738838138337, -0.003954609279434328, 0.004917386611974746, 0.0014820678309313958, 0.008399654125009698, 0.02513200028364669, -0.012258120066559616, -0.05133447012108571, 0.01481385674952179, -0.12913470891935305, 0.00041770672357270685, 0.00400094049503246, 0.014607999631757131, 0.015258995470639974, 0.039319383875631136, -0.0016382383603172916, -0.011505226975061898, -0.01014954105253277, 0.020302524827398197, 0.009624798857936871, 0.0283990297723195, -0.019966022670433063, -0.008608846897320263, -0.0512884923653954, -0.14838024655498794, 0.02884666800759165, 0.02448328313505802, 0.004152029065229694, 0.014073157987675848, 0.010653119232825312, 0.006960361581794926, -0.010092251866615047, -0.014993736109862927, 0.002806735340060498, 0.017205070530486494, -0.0024213429626703978, 0.012916982327098975, 0.055531514226729306, 0.047052708145320976, -0.13386548155616837, -0.004638022076382038, 0.024523184567170824, 0.010908617262108367, 0.013841134559830107, 0.006191195626955966, -0.011548161825241111, -0.001627246929592973, 0.0019585573891138203, -0.020437293632457946, 0.03259381881144548, 0.0329143017623611, 0.025829959440610308, 0.0056094402630089265, 0.02805836813634118, -0.13248170974696372, -0.03267768739426177, -0.026859331727811228, -0.004353115372766322, 0.00792228301498186, 0.00818021159325856, -0.015337786268607585, -0.0015295726309329097, -0.006434332757616515, 0.0032587878458723396, 0.014960592761524652, -0.02653884647036932, 0.0008581645671393448, 0.012161065469501848, -0.005541799566112813, -0.13546194812262932, -0.03835341595942807, 0.01031598724667884, 0.0241929358138978, -0.00042678880827924144, -0.011633473207445622, -0.016295498723040862, 0.0011983910807985391, -0.002502004381458791, -0.005873977548598327, 0.019843612999599268, -0.009793902596282609, 0.0018708340118700798, 0.0054925299373538815, -0.030825732592925186, -0.1592485564595131, 0.009345746267889329, 0.014151732073011137, 0.0017140132200380998, -0.019744106766175766, 0.0195461914568529, 0.01033094842824341, -0.005070962027478815, 0.00042793768659250576], [-0.08007630728695711, -0.04974276155083875, -0.03235526917864205, -0.015706012576459705, 0.042041724725416445, -0.010144420920175609, 0.10344942287759372, 0.06250441956621082, -0.010809589233832627, 0.893563714203485, 0.04935730009187469, 0.03686216550226559, -0.09977754878635853, 0.013229906700525772, -0.15075758107618634, 0.006874126385832911, 0.001677752845940316, -0.0032910816000726244, 0.00271677626178929, -0.0016719293285149363, -0.025931019974371153, 0.00837564037042383, -0.018035108062652183, 0.0011145722540207047, 0.008852642727297855, 0.026638931152008345, 0.010363826848121625, 0.02525818479135285, -0.003525977796864703, -0.002856444937821664, -0.08236618017598563, -0.0026329298522156292, -0.10654014495977676, 0.02191483874375356, -0.024614365691683383, -0.010177295901104756, 0.007082044735807699, 0.05108922597824666, 0.0262909214318099, -0.007629117114694156, 0.02745357812711306, 0.05370551292764004, 0.12694461456688033, -0.02632615978075124, -0.0441699709173877, 0.020766165808635606, -0.0357715433223847, -0.08741304488434304, 0.026474013383255904, 0.0006925078860070166, -0.030125582931397908, 0.08682323367589227, 0.027263977432640397, 0.06465285761939665, -0.0536604956193509, -0.04903466872825107, 0.0123755719427705, 0.13460975494436622, -0.013538657790877609, -0.07649440370413141, 0.023485868306705415, -0.010068229662946064, -0.04368826158663025, 0.048535943597836785, 0.0026447340766401145, 0.026059409506885747, -0.0690868119399561, 0.006974683915496832, -0.0098526103192126, -0.028648841760749506, -0.03009461717864234, 0.03450968292263289, 0.033443631866360325, -0.050450040331559844, -0.03876399810088452, 0.011975663199420542, 0.015747825129643622, -0.012055982809422635, 0.017943080598171155, -0.03433763960170104, -0.020181258877202877, 0.05966473800897197, 0.04638516782530796, 0.005316356561053702, -0.01938341612605587, -0.03602828463725149, -0.0019298475305202607, -0.09045645637400482, -0.012228016199714992, -0.0035894504870296958, -0.04591040320486343, -0.026446321806116148, 0.060441281118387424, -0.013667730476182395, -0.0575712838282715, -0.05960876864612876, -0.06417184052973147, -0.028909763938183706, -0.006621963262421619, -0.04178773697653339, -0.05496929177608228, 0.009403890111275088, -0.10270602934857707, -0.01050775266192423, 0.032851533859580444, 0.01904172459048915, -0.10435685202528543, 0.049262224194196826, 0.02162554657235817, 0.07102373736331243, -0.05780841167130607, -0.015048385442353878, 0.0038134525949577404, 0.0007814229407436635, -0.0807049922889308, 0.03448765915461638, 0.02380908543544221, -0.024347572289439026, -0.03691446780420447, -0.011916327422961266, -0.005270631495152239, 0.008373774018832011], [-0.0430699947355169, 0.02032610820585904, 0.042175436704606696, -0.05902017399692131, 0.04898524209328257, 0.09514487650308609, 0.02076526701784762, 0.016442429911085913, -0.017723544603585988, 0.04935730009187469, 0.2689125381859258, 0.003746756454031577, -0.023545946763845346, -0.020297633229598582, -0.02104223179307625, -0.007350523404332991, 0.013249291117820288, 0.0023161384219868675, 0.018374098618298522, -0.009579263243216707, -0.018672668323627708, 0.010979335345145948, 0.015647656097814207, 0.005033881246279891, 0.0006774368324416545, -0.010397222738819226, 0.00170756621905862, 0.01520363009341465, 0.0014599760929610807, 0.011592702517220917, -0.03349721398742315, 0.013135318523561857, 0.0063606977013471976, -0.029298809588842917, -0.016420282971065563, 0.0009990364350077473, 0.012713944683723279, 0.017014022777238506, 0.010666577379466958, 0.025936200974580895, -0.10349605140332686, 0.006490100788643583, -0.004065993396604016, 0.00610539268787095, -0.01899250913364705, -0.03391570876264221, -0.02074494243902491, -0.01504879627118822, 0.003138789070619181, -0.011289942419886324, -0.00848319106552749, 0.01718015057746737, -0.04729479777370602, -0.002778621866429899, 0.052001001219369576, -0.12163454645109772, 0.01208995555135304, -0.04543497515593924, 0.03740093357779669, 0.03034679887417003, -0.030314337526137863, -0.019152283849036295, 0.044701222143490406, 0.0037727897524675075, -0.003744541480108151, 0.016290579896806864, -0.009484438987966722, -0.00919617779550796, 0.0031186577165208777, 0.008641166333117296, -0.10920094780499713, 0.02009746795513343, 0.034590059733759414, 0.01715021705513051, 0.01769660719404301, -0.0011547209129061072, 0.012289407023691041, -0.018936854755831768, -0.018324808646136486, 0.00845866158171505, -0.013878516951403715, 0.03780015632976676, -0.028551485620533987, -0.0066268384939618084, 0.033740727177512114, -0.12748640804231826, -0.007157693294072861, -0.04188862918160147, 0.01297140180018128, 0.02702698907987432, -0.03147874258797587, -0.030737368898901676, -0.03683001590685107, 0.003543940809326473, -0.008347486514685467, 0.01885395054172894, 0.0140640585673219, -0.03334236934868654, 0.009555530730096072, -0.017223206358520617, -0.11990611968727609, 0.011485548175867166, -0.01038655095808168, 0.014931668449160917, -0.0257595974607084, 0.004404219894752036, -0.026862277859041935, 0.018040157554478072, 0.022956869048238238, -0.005493853637944612, 0.0035693151291032034, 0.005208081748623404, 0.049693609537110724, -0.009899068769572392, -0.004431315018431457, -0.1284505136525772, 0.005284454562059038, 0.005680543907161022, 0.0048243016146071495, -0.031567338477543595, 0.0022844518134177245, -0.001307212483134955], [-0.04934806246044027, -0.008028386134472643, -0.034964971753018825, -0.008937502497201572, 0.011260616298740927, 0.016709977142201033, -0.01663521236309519, 0.02660455669995951, -0.004311234216981662, 0.03686216550226559, 0.003746756454031577, 0.22615909851327134, 0.051087316118365186, -0.009153688718123587, -0.06806381474470606, -0.002846209202965374, 0.001958570473441053, -0.003231721704095957, -0.011289604780229888, 0.0009996736389757724, -0.019080209793873624, 0.0040364746205664446, -0.005244633152047903, -0.008459483665296348, 0.0002430389442533495, -0.0003683131915474729, 0.00027601855164404885, -0.009467240008144195, 0.005239012772689657, 0.0016038120441335202, -0.005389444384046364, 0.00978732481630455, -0.00045954809391083923, -0.011618585320505796, 0.03163686773667957, -0.034849709214133544, -0.006289978320619964, 0.03190519898933349, 0.03466671106340269, -0.010613974993681888, 0.01436655117379409, -0.13947080340281218, 0.007191988150735956, -0.017135086173711536, -0.010544675494682755, -0.019094160450592194, -0.004617260091722274, -0.045429187095474166, -0.04095968783945569, 0.013158248766508375, -0.0037154837740549724, 0.004427979266982731, -0.007966161163732189, 0.021010857542191303, -0.0017599973811980995, 0.01370012098692528, -0.14449793272467829, 0.01782115123507872, -0.031648120017878735, -0.023954562938695394, -0.04933818188150218, -0.013393141793849971, 0.025400974079069567, -0.015356745693810845, 0.009298103825294248, 0.009646468695124321, 0.0024443026458283684, 0.009719814958657024, 0.016660847526096693, -0.01738921962764964, 0.020427459849792825, -0.12393493301898588, -0.0005199982176908717, -0.012312143415453987, -0.036842126838321554, -0.005398940914544792, 0.0277465564954808, -0.012371056882595592, -0.0005785923328936016, -0.018288086340388636, 0.017410798426393453, 0.0018729753050240122, 0.0157055557179089, -0.004523563056086747, -0.018044015408770406, 0.0030960707505889866, -0.1368958193352478, 0.0178949829327425, -0.019652433985217117, -0.011698735452515008, -0.019586408063445113, 0.029566310831210564, -0.010768539976318556, 0.0029771649338664412, -0.012281474422533382, 0.022699853918711724, -0.008145729609688117, 0.004796591477832392, 0.029262717923024636, 0.025832947550953972, 0.015314669863874832, -0.12748407570613682, -0.012447437121924945, -0.006580425782208407, 0.007905589111289774, 0.00953752269490132, -0.009397185858793266, 0.0014051429981251093, 0.011927736744512269, 0.03491657342549297, -0.021417310274843865, -0.018933132054885234, 0.01016097724006784, 0.0185320290960544, 0.012999683389629802, 0.022274713088562673, -0.14519733978044452, -0.022014496297583074, -0.023736697047053668, -0.00047547829682737484, -0.004461015058240081, 0.00340760168886587], [0.030700624639164748, 0.06409709119550197, 0.0033639260319307867, -0.012423891129794402, -0.032899339323878264, 0.038883185083577826, -0.031526076251251194, -0.0023157371893478933, 0.0017084691977098442, -0.09977754878635853, -0.023545946763845346, 0.051087316118365186, 0.9154011416084072, -0.11245156795778932, 0.06205459802929143, 0.0008326125241316806, 0.01804650375618986, 0.007749809549703644, 0.0014885759264087273, 0.01818653518555582, -0.0070101045626017955, 0.014558578422308465, 0.0011592407598018653, -0.00760007821176994, 0.0012499146798678215, 0.011684306174442242, 0.002568909091074989, 0.0005040105606338069, -0.0066306314202828395, 0.0002665869300794758, 0.06372215734499168, 0.01398598227617594, -0.03310841817489523, 0.06370033879781034, 0.060202858630920134, 0.0063455244371542, -0.08152116116565473, 0.09061167489990654, 0.0249997965405945, -0.05243880031424719, -0.025966744716189902, -0.0237034696140417, -0.05791279718611766, -0.030937365756232398, -0.03843180875150944, -0.012455658221705936, 0.011365000319562689, 0.006052952644205529, 0.07374274053538554, -0.06098374339727848, -0.0004855444769033538, -0.04124855546303497, 0.009182919105427245, 0.03926267392341599, -0.08694254482891799, -0.010815745980179767, -0.006550496348917125, -0.010862195308718636, 0.032491679433514685, 0.0012306881781594759, -0.01678035729440072, -0.0818774839302605, -0.026158405857585065, 0.055679170319400464, 0.014555305435164107, -0.04868461450726119, 0.02951079559878242, 0.05368647951316682, 0.02779851209444848, -0.06327271313231483, 0.032383821766466814, 0.019697474290218, 0.04561455667586728, 0.030881854173371467, 0.07605631014192998, -0.03754584110560608, -0.003049435758092773, -0.01750676909941748, 0.007376442768674058, -0.08715393904127126, -3.9542786763536226e-05, 0.0558786698816262, 0.017755487086291998, -0.011062453868007232, -0.008715568804629346, -0.01882614826574679, -0.00961336038844175, -0.03705901948331679, -0.010213660912822416, -0.01951050327849221, -0.015711286786411947, 0.0019826051717459227, -0.030887169397807505, 0.04431430940322123, 0.047267532359541564, 0.026028300242567595, 0.010635005472147336, -0.055418539418014987, 0.015029318836868056, -0.017260448538650563, 0.015536553969328381, -0.012182207054398037, -0.03509091951904673, -0.010785764955418909, 0.010708295454582689, -0.023378311486666033, 0.015371418337405645, -0.08663901958559969, 0.02638537907128266, -0.04478623363192282, 0.01235437041699316, -0.049311277145313484, -0.046443028337477314, 0.013467093970341373, 0.08375249667858571, -0.03137423662337716, -0.030862865479616704, 0.00460879772266926, -0.0173473370124207, 0.00720689132914587, -0.004651223025832332, -0.00036865126929961056], [0.008212018889739428, 0.041564861804385005, 0.009327495769788153, 0.009419820744338312, -0.027519879166215663, -0.004878347082284902, 0.0018384164798220133, 0.003922684246758319, 0.006574537894214238, 0.013229906700525772, -0.020297633229598582, -0.009153688718123587, -0.11245156795778932, 0.272769770203001, 0.19732452979091422, 0.000539001069105534, -0.00932170693788056, -0.0006640838044462436, 0.0009922917444886313, 0.0016290115727182217, 0.004882987421642884, 0.007134392279577906, -0.012190980777866654, 0.00755028455940678, 0.004451659598925617, -0.005564935720864688, -0.007332180026901464, 0.00044400371483894606, -0.01221884951202045, 0.0009016183514455153, -0.049221266548048245, -0.03469672966673667, 0.05146078810689346, -0.030588661417720212, -0.03914684884688117, -0.001146510855421129, 0.006385855926925792, -0.025668225416652573, 0.009830232823417858, 0.0278760951187369, 0.012414662553503623, -0.019053695181353206, 0.008477621166380091, -0.13906443060426146, 0.06586788381972931, -0.004485458722314519, -0.034412621069186834, 0.031102346521407337, 0.008208054430636567, -0.05008942866079597, 0.010909527151700567, 0.01946902937769193, -0.019273751103868923, 0.01370268979015891, 0.01963877741396372, 0.005737416080875096, -0.007179719432602832, -0.014829672707454443, -0.17037173942218484, 0.032356270252009996, 0.00024494762534369016, 0.03305167103369747, 0.009139477582372, -0.007760638672217466, -0.017612780017542486, 0.0399755040381273, -0.04408147404058949, -0.045413323533500714, 0.02362253596136428, 0.009597015621767714, 0.03328109259722621, -0.008547149723184213, -0.04191442077067026, -0.1413074993394454, 0.007202469963823312, -0.05053422134598476, -0.0672421315055775, 0.01896964220087744, 0.025758571553289446, 0.03538735726068084, 0.0026220566487241827, -0.024033643387107208, 0.03162931328811205, 0.015790366765384735, -0.01862325829106779, 0.03220113257554996, 0.004347558573651982, 0.031028900955196684, -0.12771011463800036, 0.0717062094905582, -0.02080142419247168, -0.014398062237604653, -0.026163292544022217, 0.03250698072390239, 0.051787213814409226, 0.011325135191421358, 0.016033721877733744, 0.0005270232059424442, 0.011204938196840531, -0.017511297289917235, 0.0026182513058518766, 0.015367431934197076, 0.016989211098088944, -0.13422282875829772, 0.003587808825793263, -0.016082886409399057, 0.027877275387965847, 0.02756337622553469, 0.0035029727554931212, 0.015727018850319914, -0.005535433352705718, -0.038858003844191656, -0.027916696182795412, 0.0072368311023144035, -0.03394291957351749, 0.03320245069920089, 0.002932780259198144, -0.07182648158693036, -0.15032796725594824, 9.834088720183607e-05, 0.0053447448057212495, -0.0007921766248273883], [0.015804704563912402, 0.09021206981440168, 0.01089523163006813, -0.06394490747205596, -0.052774034680355145, 0.00812838353339532, 0.05660778731014545, 0.03425368900520174, 0.012539882408642896, -0.15075758107618634, -0.02104223179307625, -0.06806381474470606, 0.06205459802929143, 0.19732452979091422, 0.9404863091646899, -0.0023068267388056452, -0.02828074344432929, -0.006334111876028817, 0.0037794087634467847, 0.0014148611346564601, 0.004964301593793631, 0.00579863580321817, -0.008323695097058534, 0.005658173994771749, 0.014763236151360753, -0.024002543470025693, 0.0012817163570959884, -0.002988750181034678, 0.004366790623543691, -0.004496938923239481, 0.020298789564882583, -0.14126469267506359, 0.1260941432855404, -0.017470659245166, -0.020526905543391774, 0.0026565275528972086, 0.005762037725698557, 0.05596410718587155, -0.04630249026027666, 0.07597525433940489, 0.045248099038876846, -0.011034608009524261, 0.047525448811887444, 0.001800841296009429, -0.08286207998959674, -0.09942192626126824, 0.08640842430201601, 0.0056775880669018355, -0.014988478794527775, -0.05995089988446698, 0.0567297123460865, 0.0768838048743407, -0.003023124437876841, -0.018449520280278693, 0.001844041366649154, 0.008151459507533185, -0.0072067863319202905, 0.031142457361127605, 0.021730223571649665, 0.07616231153420487, 0.00949306461175588, -0.030698619396963108, 0.03485278048679193, -0.029120540831986622, -0.03757409933810515, 0.028537847631167478, -0.008517039246729254, -0.0051790160935281234, -0.0010767387367453406, -0.03469148222097244, 0.03866215180021326, -0.004222114310719723, 0.047062199873359606, 0.0066492225948355035, -0.02976774134034999, -0.06795757534810132, -0.10703345024372833, -0.007620109692820099, -0.010259629769787972, 0.0646200349448954, -0.024513665903993766, 0.04375332134176337, 0.06101939657751318, 0.02197145164712837, -0.06032346544194035, 0.03946551625340117, 0.021324528599604587, 0.12956631565899412, 0.03427180854358014, 0.05643912506528088, -0.005025134840019095, -0.07678308031409443, -0.056448949164446184, 0.07093871295367338, 0.14656558120980506, -0.037335732446171055, 0.05839324377326104, 0.017912744013505264, 