{"inv_metric": [[0.5230082417607764, -0.2851827649805375, 0.09353005020160973, 0.23030640076058917, -0.032103822235783896, 0.01233420473887385, 0.011073332651284115, 0.029224764543072313, -0.014014083136198917, -0.04812038920330443, -0.055817136911555, -0.04099691600894712, -0.055336334460558884, -0.0006987311170588025, -0.0025876467889494616, -0.005122348660955647, 0.0019593017943001266, 0.003166404615059249, -0.010225963350538301, -0.0005856633628496344, -0.001943667922205081, -0.007390065572607726, -0.023076225899541343, 0.0049350887797184086, 0.006726953698495843, 0.0020969405580568367, 0.010902545176766573, 0.009480348072720555, -0.0031045366709839765, 0.007072240259249934, -0.10336242642244824, -0.10211516287665735, 0.04724556070447931, 0.04572231969281674, -0.04228024880696435, -0.017925685255736568, -0.08137585683548093, -0.001648845169150066, -0.034288854714198715, -0.0065382459612258175, -0.019935098903710747, 0.002458686184186375, -0.039295932306944004, -0.039072927261962855, -0.012359260384780631, -0.09432375950757307, -0.1202332164551963, 0.08863607101059116, 0.06397937230420914, -0.06468849588199532, -0.029000787258010727, -0.08160940134500232, -0.031513859977742496, -0.008060488798960616, -0.008769891851389343, 0.0024280212726676574, 0.007781666672028722, -0.05914582199369658, -0.04898803499657734, -0.028642992540045226, -0.11707327563512582, -0.037605657373151434, -0.005150004729295291, 0.04158157071614951, -0.05539391218722666, 0.030795591655218394, 0.025668846313267064, -0.01915566004371197, -0.028287498279350246, -0.036016350029536015, 0.019555831273501308, -0.012308836972091123, -0.018384336527998077, -0.01974463004918896, -0.023092468801490552, -0.09105994334977331, -0.10400813523956298, 0.06094809137631388, 0.07519301606593509, 0.04889850358366772, -0.01101331563411858, 0.0649186873104551, 0.012614656321929367, -0.030365998777717822, -0.027860460694753335, -0.00926500960336251, -0.001892123635310273, -0.07012370661177657, 0.019858536339080524, 0.03832085911525282, -0.10800224612169156, -0.07544747209060654, 0.023191124705191198, 0.06394249329335959, 0.011823484247876704, 0.023363989592052558, 0.01674046004946994, -0.03370831382966008, -0.02457037934200298, -0.0013848056591697592, -0.00250683912380341, -0.0428495283039976, -0.040409230810304404, -0.007110727171877258, -0.023173444846344284, -0.16473013349200136, -0.008731866024647443, 0.008235097959496635, 0.04247094155282279, -0.018829104974963602, -0.0048043822535609685, -0.0102136293898086, 0.00020801004314504112, -0.010041390315967277, 0.012924350767854408, -0.032550372366196706, -0.010929738811547558, -0.037471283645353154, 0.03642164213956388, 0.021891449185283154, 0.007546149487158615, 0.0009934505561525358], [-0.2851827649805375, 0.5805261555065024, -0.07786852256336042, -0.20582901812655424, 0.06044279362269138, -0.005124500933586093, -0.007233796920568726, -0.08094598535623321, 0.002872912269988519, 0.028987301441672057, 0.025429078218006478, 0.0043231895194367825, 0.03800332398748442, 0.019875519023881166, 0.0267459696408854, 0.007997399035088585, -0.02045440869885018, -0.013657122461062576, 0.005637717820579148, 0.013636260795243733, 0.0013700999353830725, -0.002341764767386741, 0.02049025005662156, -0.0013874873738042917, -0.00757123130752689, 0.014770898099099605, -0.0002830661275785792, 0.01565301605132997, -0.005343927153468642, -0.002286807797553538, -0.06896952238501262, -0.015165790534061937, -0.02508673221745263, 0.029620731498401203, 0.01138118762675943, 0.0032852854390415034, 0.02154991605768461, -0.015626734319877877, 0.04079835975506732, 0.06376658299761662, -0.0032967983538890887, 0.002392866631939543, 0.009354787879268574, 0.05931971888804327, 0.030932138714774023, -0.03648699768538001, 0.02474492481006052, -0.005652161893411814, 0.007973783788033706, 0.01130084157026259, -0.0033928632599191416, 0.02233948953759893, -0.00225774227721241, 0.016215256844867756, 0.012663812348817334, 0.0028761959629990887, -0.001570034275194979, 0.028359485529797165, 0.012709055394414425, 0.02370981734881816, -0.03205915074058326, -0.038349403181731787, 0.041440581494444156, 0.06057616671010309, 0.010881743848936474, -0.03922031397642637, -0.010109636678410854, 0.037123998819384815, 0.017642338992321715, -0.011671738721640635, 0.016151829253896733, 0.0200669207948583, 0.019801846776377547, 0.024651607139229727, 0.0037492984995040816, -0.04664876775243352, -0.031532451900161185, 0.003535255342204723, 0.018976574304995126, 0.007701532959696618, -0.029247148783229118, -0.0547601382805889, 0.0025672540112792177, 0.00978563843683549, 0.17800798873412094, 0.008081344769201694, 0.01627884280033805, 0.02183273328539573, -0.025215284674928163, -0.05374847803281439, -0.0594744711994561, 0.031452013734242674, 0.017972824884413482, -0.018622820123560382, 0.026826109675883513, -0.027670629492920238, -0.028757790103164302, -0.004738293619812348, 0.03119288477600833, 0.03996605253749769, 0.018331037840833155, 0.011484139257106757, 0.07871253646072524, 0.010181452326820545, 0.03804911818344098, -0.009923314287167003, -0.09943669674774695, 0.008225987802536186, 0.057797971451603224, 0.03708784146518091, -0.007035341423754384, 0.03828360913859113, -0.017192774091045252, 0.027407510165412166, 0.03575827547596751, 0.043454879904942255, 0.021424381736572844, 0.047636489636555326, -0.01389274984215537, -0.0208403900335467, 0.0003382563984428845, -0.002780412703443563], [0.09353005020160973, -0.07786852256336042, 0.29561599251002774, 0.016712645895331002, -0.02389859451771684, -0.018128764530160633, -0.0276389505081971, 0.026098566358156442, -0.005946780474722119, -0.11844092284858118, 0.0008819918479625686, -0.043394769963409296, -0.028559901371960683, 0.01865488552941033, 0.029305708510099185, -0.0073881237783581825, 0.008885046364163112, 0.005398405863387601, -0.011438670029902155, -0.005661468754474931, -0.004056193578404956, -0.0011264744127362292, -0.007805983846208086, -0.0005568956465364678, -0.005252926925823883, -0.01364857370652072, -0.00469233982580747, 0.0023627862131608496, 0.0013541270059100321, 0.009691475322276393, 0.0004120204053716853, 0.012427056583183988, -0.08506284757461273, 0.029657742171391187, 0.022372008948097075, 0.016492363543937696, -0.00895835459780721, -0.0013605312409393174, -0.015332975822334968, -0.017891742985819768, -0.008990583717421254, 0.0005695982895740894, 0.04194603517820811, -0.007495706277216809, 0.05206409944263875, 0.005030328631324536, -0.02950681603704356, -0.03417281336496037, 0.05895844038126116, -0.03384412224544642, -0.015825152863791794, -0.035239489860846435, -0.025539996405844055, -0.005699594336158278, 0.007432059403840863, 0.029105024254721445, 0.03308716927594229, -0.05230364526850193, 0.004186336493019275, -0.018922873331915478, 0.021857878262512554, 0.02442335639304541, -0.043973921689007635, 0.012386435193606462, -0.003638579635599854, 0.02269032603242693, -0.04281087005748989, -0.02164006976512617, -0.012521151748378544, -0.0011915823584012198, 0.03759075028960248, -0.0061938935518846185, -0.053068783572413354, -0.026457506182059415, -0.05825919423068878, 0.02888603871030511, -0.0018231247686068715, -0.03974826333149612, 0.02959854675376654, -0.05979346124025611, 0.007982494245986313, -0.014015552204119527, 0.02921349182613651, 0.01681814942878298, -0.00714623101455444, -0.0018292597680905202, -0.004876012462874792, -0.008770634200746339, -0.0156918523712589, -0.011029124405721591, 0.048944451873335966, 0.0047044574568486305, -0.1083243501610071, 0.05853104282046817, 0.01773952474215396, 0.035475006910038166, -0.026981896252430256, -0.02588408576029932, -0.006180557140287508, 0.016883838365622354, 0.006138171494322914, -0.006541937954144514, -0.010779235705288577, -0.002387169486045395, -0.006936835045820879, -0.018378857963611883, 0.030633609851619885, -0.08299317636297465, 0.05415825329215601, -0.03034060462519701, 0.01205141299058955, 0.03176896331118849, -0.0017751975756825809, 0.0031683844452890996, 0.06745277415569313, 0.030512127434553723, 0.008900666536594699, -0.0290329429059311, 0.026370276199770348, -0.03415469364109159, -0.0024273788312033917, -0.0005748394114697455], [0.23030640076058917, -0.20582901812655424, 0.016712645895331002, 0.4035979324714418, -0.04256160326473602, -0.019112027881330686, -0.045111444244383, 0.021845977779302948, -0.010993580391386553, 0.021329094236587465, -0.04851353621353272, 0.03373760405940557, 0.032297771598231974, -0.07953768356650304, -0.11682436697568332, -0.008466161000076036, 0.0034671218141615703, 0.00162082029205151, -0.0167710070488438, 0.014440967810965405, 0.0011637574551577722, -0.0044229009268621396, -0.006997299957251984, 0.0014623095832441211, 0.005367345947053807, -0.0011154154888477197, 0.0065697104118306515, 0.01446104197032342, 0.005354800529086648, 0.004963726235739024, 0.049246525939068655, 0.007737043607539979, 0.035580263259299263, -0.06682486674904384, -0.019063988223219853, -0.012582030653328968, 0.00211991416956429, 0.041605310810628945, -0.019060465344168286, 0.021371696532481776, 0.0049974505672686995, 0.005007223163837276, -0.016170006290736588, -0.03774223890428365, -0.0063159089172975654, 0.04018658604382653, -0.018347528127169877, 0.0880225693969345, -0.08109108227474125, -0.04504768796673551, -0.004469475864743138, -0.0571583517357628, -0.00364752942205218, 0.0013460464669439588, -0.0052919597877228285, 0.023331278121268385, 0.0054110391466392505, -0.020619292535510068, -0.011707660754333715, -0.044263232162150626, 0.008747297812020513, 0.04797645470933495, 0.011514154042821925, -0.07945953214326039, -0.09276549650675199, 0.013151115603849975, 0.02407133598553116, 0.029029338309422267, -0.001829287145424249, -0.05104616484315857, 0.009795811727357235, 0.012894724081542732, -0.001292797235180609, -0.0004974901743694264, -0.014676211005676131, 0.049526949140194905, -0.008690291147991436, 0.03153682390044375, -0.024939906379075075, 0.0010184558207760892, 0.03364630089666966, 0.03756445189519807, 0.0685690269463481, -0.018995728750768468, -0.05804569327768346, 0.012367321234941364, 0.03267298551068862, -0.019730189031671133, 0.031390076612114313, -0.002558101546132455, 0.044901856217454086, -0.030137517946004975, 0.03406909164477494, -0.007798226769160717, -0.042866620784533, 0.012071825872654523, 0.0061556826962059965, -0.03199597361043819, -0.01545292421571026, 0.016416146037412864, 0.002699952634927862, 0.018193263954683896, -0.06127153042952685, 0.009764365575084285, -0.057027317800449714, 0.031195453588278486, 0.06173472336083537, 0.03540009036755587, -0.057162638714670345, -0.020708692031490356, 0.02701907916869655, -0.028845739457127244, 0.006787156148847406, -0.0022322331526978237, -0.016441243952650234, -0.02888361164293647, -0.0332358939770866, -0.05360946371927203, -0.011659123695853698, 0.005725567332286281, -0.0021559496364113575, 0.004745422348188398], [-0.032103822235783896, 0.06044279362269138, -0.02389859451771684, -0.04256160326473602, 0.9122759194027779, -0.0058657360148445395, 0.0944177125510761, -0.06961535535528056, 0.02194929211744754, -0.009786703440262388, 0.018764811382463945, 0.006757386337121376, 0.013800776395325827, -0.01503555143283927, -0.01613975248524939, 0.016524141257635867, -0.022446942022260004, 0.00775079447195493, 0.024985163310354525, -0.01346944747357222, -0.013589768368704696, 0.0008834796340995446, 0.021016181235216345, -0.01029873454620414, 0.01065222087667312, -0.005813786734152081, 0.009558891998290273, 0.006949848586035502, -0.009677529940589394, 0.008392586921727513, -0.030155891902436265, -0.010369671701423664, 0.004634980665765663, -0.010720967917750436, 0.09629650599917765, 0.016665733226223122, -0.08793508132544366, 0.015407055393673898, -0.02761580324856589, 0.03493011761222615, -0.01951779288291314, 0.02611423078732682, 0.048430713635234005, 0.007112836574711866, 0.0006949516843893704, -0.06268423733144872, 0.043352190056283234, 0.03355763945410929, -0.02638473805051799, -0.005912911366107193, 0.013659913977283266, -0.01806825558772147, 0.06914886884110018, -0.017817377841067388, -0.056174470190591345, 0.0020665435742735, 0.009524894909944187, 0.017465033642904648, 0.036679485381877854, 0.050982577419901254, -0.08045924383804443, -0.0487746065051913, -0.002404398532966251, 0.04187967043895468, -0.04225260590214554, 0.09250371138305685, 0.052299638386086145, 0.01866924742053415, -0.041664010381240735, -0.029209474869155205, 0.02222139008348167, 0.05823227706247092, -0.04038223169883747, 0.021504370458867255, -0.07173421493083612, -0.017497472741968407, 0.032391295196640586, 0.04448069463763566, 0.02135038896886434, -0.02276115433614924, 0.005980472462827078, 0.0089744229214222, 0.011136421261763648, -0.05503954921474857, 0.018324363473073632, -0.009917806892839954, 0.010846487267342733, 0.04390358687430012, -0.023047229210067795, -0.0760458871042101, -0.01672252423776751, 0.013517201253542714, 0.014100132313864583, -0.002498582446646643, -0.034262841186017294, -0.00500481392989581, 0.08924790903385318, -0.017692534192352474, -0.0066717235818271325, 0.03750448479065016, 0.0017487341455067768, 0.0061250059087549266, -0.026234769653841486, -0.0079358765030768, -0.10332701856684579, 0.013401106812648946, -0.005311519455676816, -0.018412541519871237, 0.05138459876371636, 0.0007030658538855476, 0.03841301710466248, -0.07069493209581787, -0.05001455266132165, -0.012445634272831107, 0.03149229982185144, -0.020421080381862737, 0.018288202730486272, 0.002983126887667002, 0.01236406254129494, -0.0853936584635079, -0.006540609321576761, -0.002254659764214971], [0.01233420473887385, -0.005124500933586093, -0.018128764530160633, -0.019112027881330686, -0.0058657360148445395, 0.38746056685857927, 0.033516582971710104, -0.006497070243748854, 0.009058106292391323, -0.07067305008990975, 0.08466278017488514, -0.0008624887024922126, -0.04241432299126943, 0.021867394250110042, 0.03383036010921898, 0.008152374795326161, 0.004483682580675328, -0.003384515996496984, 0.0006436610672928509, 0.004753361339412585, 0.003800796888559116, -0.022431930339437713, -0.0013147681076067408, -0.005924977425611159, 0.01638226088577269, 0.0005463106920002899, -0.0035204717892155187, -0.010334326545149942, 0.000940895185123428, 0.0013527550416674104, -0.027528719107920648, 0.029049938350894547, -0.02424401107740519, -0.0148583011754678, -0.09957214129409543, -0.005171442824821018, -0.05421850180026824, 0.05547525074646285, 0.007314781890946704, -0.07808834140559656, 0.015625881539820686, 0.004526461030240051, -0.06827057878329457, 0.025367458796682802, -0.048061943830351436, -0.017871232688399248, 0.0008867704400758509, 0.008573196465501778, 0.013573502414968025, 0.033777389908259646, 0.026324000018588978, 0.0006153503899779661, 0.023444543683860668, -0.021342519020289472, -0.04340486311200514, 0.013222516416182547, -0.02982347049259659, 0.011613803643919465, 0.02924771703682858, 0.0436550538627783, -0.02232788761582339, 0.015025757965174164, -0.0006897879238637116, 0.005477771891387741, 0.009614493906632073, 0.009995752004618528, 0.01805781423241197, -0.018720119454562346, -0.009754292360888478, -0.03579326813216137, 0.016210356924072588, -0.0116591120342536, -0.013848620767423409, 0.046082280194417395, -0.0003272472267940566, -0.011841656637823848, 0.0015218119806434244, -0.018990751631074807, 0.023622913300615694, 0.029663978591986332, -0.03745655381163901, -0.023362881031952533, 0.02086154081032197, -0.026468250434194856, -0.048804162307352544, -0.018426005219505156, -0.02164897099700184, -0.009559474533059597, 0.01046235460695072, 0.005597111670973631, -0.014549096809057619, 0.01643701170296314, 0.016152530100021132, -0.01571584905078941, 0.01271231221320415, 0.008436908371165543, -0.03847124228998852, 0.024128907248871838, -0.003198658919360599, -0.03541811967389544, 0.015778328531227195, -0.01516113854656409, 0.001562143422547277, 0.034115547263152066, 0.01793362979195932, -0.05430663499558331, 0.03117210093898307, -0.01602081889117119, -0.02864205220839624, 0.015833834447864105, -0.0006830321727770376, -0.055986236655143094, 0.07827495111050775, -0.009993659299777663, -0.09806010394982621, -0.02297321196056212, -0.009525101672066553, 0.015512372617280926, 0.012049448100301946, 0.0030182384904557757, 0.00296069415682997, 0.0053871249845572075], [0.011073332651284115, -0.007233796920568726, -0.0276389505081971, -0.045111444244383, 0.0944177125510761, 0.033516582971710104, 1.0780149354494433, -0.059921246743760134, 0.0153533377714272, -0.05172163530631479, -0.009965298562551508, -0.027817098133432774, 0.029866046774684102, 0.02766668114510159, 0.03366598175979792, 0.03177714497356753, -0.01639636068538394, 0.012438922978479176, -0.0014792937771983513, -0.012648862662166614, 0.004669768245987324, -0.002847558696703484, -0.027996100997150233, 0.012248301624113866, -0.007958037018047035, 0.006306320175050462, -0.0016080593686604151, -0.0024747145441682446, -0.002616971337310544, 0.010937379778849725, -0.014438525701081726, 0.029472020325056733, 0.026001166022748268, 0.04421475602029248, 0.09372492218631735, -0.024213829571061413, -0.028572067762928477, 0.010728033434568435, -0.04606810074608046, 0.02287233750290757, -0.029194513428426196, 0.0018536926820755294, -0.03186541176095477, -0.03465443987277982, -0.0229168176362853, -0.07921451326091916, 0.039198538248737036, 0.03353917120036001, -0.03056409081394156, -0.03967604869837084, -0.04221500588269627, 0.015746364578071225, -0.057131011816589146, -0.0018967099571757544, 0.02591837051224391, 0.0017079241452620203, 0.04080993207678775, -0.0026325883968403166, -0.016984263371954213, -0.0596132842624578, 0.02419671845532943, -0.059031106784187264, 0.07571094463883839, 0.031234903681914714, 0.09034955938044756, -0.07866580492165834, -0.05061054120372846, -0.053497245718889766, -0.027619781529680715, 0.055199569207285845, 0.013663512168452293, 0.013740280872423417, -0.037295098881455414, -0.035706185860944914, -0.03083337736640336, -0.05581333076555977, 0.07237099745226178, -0.04271202273258079, -0.012506323406717755, 0.033346274091732804, -0.061636134400089714, 0.04571021448958361, 0.06062274735762021, -0.00496428200741475, -0.03220207830973515, -0.033435713468986036, -0.006370748195629895, -0.018674064937793295, -0.038014346320515875, -0.011549262061017541, 0.013020158864446102, 0.0526279099023775, -0.022500890494895034, 0.04231082578344022, 0.08426841679036658, 0.00289039586716493, 0.02347634343485814, 0.06674948245885103, -0.016766341918004978, 0.01825191989632094, 0.00047337914123891955, -0.0017701515199783683, -0.021316871496688747, -0.01910670592205624, -0.019202291812419434, -0.022156016678458734, 0.020496560678451084, 0.03743533930220751, -0.032367669351185666, 0.08720712767956652, 0.0058194654432859715, 0.051358093054451735, 0.06536309384050774, -0.008504149139365175, -0.0273468463296412, -0.01231120184911626, 0.012139213510085636, -0.02064671057311184, -0.011795760217238497, -0.0015641031303375178, -0.0038596283485176166, -0.007900686345772198], [0.029224764543072313, -0.08094598535623321, 0.026098566358156442, 0.021845977779302948, -0.06961535535528056, -0.006497070243748854, -0.059921246743760134, 0.893842913866889, -0.0003929197437341503, -0.014784586449799427, 0.042891256657276895, -0.0047213500670798434, -0.07038046443482009, 0.02572416949755662, 0.039884818341997245, -0.0014406360283889946, -0.0015543931761961899, -0.009228844414338343, -0.012330887571850845, 0.011641988269882695, 0.01414255784389158, -0.010569480547611301, 0.0021907461007253668, -0.001404394510244145, -0.01733340212965719, -0.02601023206870044, -0.005651811914285567, -0.008605818100433333, 0.005414915523454731, -0.008344299196583912, 0.02752524117406459, 0.07009257579924874, 0.06107531356441402, -0.04751959207197471, -0.03654393788235768, -0.0491777189237336, -0.007898930695087444, -0.02606816438356589, -0.004914809286697809, -0.04605387700495942, -0.10754185148776557, -0.030290926325178626, -0.032915923304963464, -0.05240868549548384, 0.05557125729725279, 0.02904441526921519, -0.0025239249635782167, -0.02090273181416546, 0.0012831625886538054, -0.003909032968727397, 0.018978066039942943, -0.023415661408056777, -0.016989900493898206, 0.02873775481952169, 1.1265498226134023e-05, -0.05802686450127917, -0.00662510799329382, -0.07231843043088253, -0.005394034100287742, -0.07275561159146957, 0.018408147108406252, 0.022596290650030684, 0.02518074034711601, -0.013332614559241502, 0.02060980273155192, 0.05882543427385868, -0.08239816666957088, 0.01265344289542708, -0.00818547194682915, -0.013879854262442986, -0.02942728814490229, 0.021508266658650816, 0.014880329972714552, -0.10136994025270503, -0.09821654226702987, 0.035068218169872906, 0.02595756815222365, -0.0035939763587071742, 0.0170561511871446, 0.14621448583512783, 0.029933764707094978, -0.02519646239599659, -0.06109532861690435, -0.009753682037000687, -0.07105693409836684, -0.07724054255191957, -0.029404833290168637, 0.05691445665327746, -0.029922009999243, 0.05425056714959986, 0.018363236834237334, 0.013861259307343027, -0.0215806083800438, -0.011459220082076046, 0.0040925699714451065, 0.044178720750606186, 0.03633272693633736, -0.015725297749746448, 0.02460632715604689, -0.0043334282123511534, -0.0500650155597942, -0.018358353219578048, -0.023871225291021217, -0.026459180009946057, 0.05505671186467623, 0.01484639718172349, -0.014053431524055466, 0.002479572120871832, 0.01977398754545575, 0.01468609611784398, -0.010011415502505203, 0.04715516589025453, -0.0019552250399989908, -0.018005026709543504, 0.049026695871706646, -0.096578962535364, 0.009630718245495577, -0.07449690319780683, -0.013290151424650508, 0.015222736655649254, 0.0013018138048457616, 0.007538748458817833], [-0.014014083136198917, 0.002872912269988519, -0.005946780474722119, -0.010993580391386553, 0.02194929211744754, 0.009058106292391323, 0.0153533377714272, -0.0003929197437341503, 0.06033059919045813, 0.004351800508542528, 0.004762213239730911, 0.0055829983901841025, 0.0030682583745534845, 0.004627585198720186, 0.00416521104612022, 0.004444119332788161, -0.0038042043641310697, 0.00025200460711604153, 0.0019361680018623244, -0.005478449049274874, 0.0015950079169732851, 0.0009291930881812436, -0.0022754412386942107, -0.0017728260536727031, -0.004213338684840655, -0.00453309929794129, 0.0006821719490951319, -0.0017534502546864403, -0.0021747887313952347, 0.009820072550421855, -0.004332795253234201, 0.012283792142346001, 0.0023951055951856428, -0.0010269334405262212, 0.0014364930253026101, 0.0008674602748740528, 0.009938893933400087, 0.021759276341352742, -0.0928413673685403, -0.0008940407143610968, 0.007015783515872358, 0.0025481133393657927, 0.034843063140929005, -0.016589643122111863, -0.01198382040317718, 0.0002330405984191886, 0.016596482773137102, -0.021207875730133458, 0.00422577955538082, -0.01820142782434308, -0.0044688101380803025, 0.025195666850480216, 0.005079898935189467, -0.09444940689511876, -0.025800307674766133, -0.011897991665138342, -0.009417951234588676, 0.009061829389761947, -0.006149102040991509, 0.0017920166838779022, -0.0056969131522326645, -0.009552783189079149, 0.0062698626705663, 0.0037014434874853685, 0.0064691365975568385, 0.01661798053112938, -0.008223422028250705, -0.017330957465634, -0.09434337696486007, 0.015726299304928838, 0.001178781920767802, -0.0001963212081362958, -0.014086858330892982, 0.002898703804505591, -0.0020507909241034173, -0.005682006972141724, 0.0008831066056753263, -0.008811083301740862, 0.006080371514938481, -0.012134186269182367, -0.004817881495378064, 0.007260631505951134, 0.01267124656427447, -0.09480981292198634, -0.005392304583565957, 0.0009148731439648563, 0.0020049987417112215, -0.009482361219330333, -0.003594898863681636, -0.022575708045326198, 0.0033779783765628246, -0.0012535451054478527, 0.0014779853080304894, -0.011868889727170484, -0.006356704827548825, -0.01725043758339369, 0.0037528234189465404, 0.015799088411753957, -0.08723506195014358, -0.001274551534075841, 0.00020555202562417603, -0.0106889164974204, -0.025656296256181703, 0.0018337617845812495, -0.004886330297489789, -0.018281823112130478, 0.017569432683456173, -0.00283601302528731, -0.015086993550287343, 0.004387875237800789, 0.00697659665978908, 0.0017138518161446462, -0.011490358210354691, -0.0980541363033843, -0.021386931000639247, 0.011020684575104618, -0.004233530454971358, 0.010135499326921487, -0.005441500457790131, -0.0032799697279512667, -0.0003554141260991643, 0.0009944567494987204], [-0.04812038920330443, 0.028987301441672057, -0.11844092284858118, 0.021329094236587465, -0.009786703440262388, -0.07067305008990975, -0.05172163530631479, -0.014784586449799427, 0.004351800508542528, 0.5358326820680489, -0.017568105230348966, 0.032805653904914085, -0.12424615525532169, 0.016492495139571142, -0.01315544042188454, 0.008216159615162262, -0.0002912607086539549, 0.005988699219651445, 0.006629199666056247, 0.012769230274867519, -0.00016934351309046123, 0.021937223520227984, -0.016572596919892737, -0.01417666998279617, 0.02203332381497183, 0.005994347443585398, -0.00660733503880529, -0.0021767298605485604, 0.009502606215159312, -0.0008376687684848425, -0.039610103434172705, 0.06278297646429395, -0.0016655106191324441, -0.015082025740981834, 0.030563960823081736, -0.07437262333186649, 0.04295962346450082, -0.07556267282514054, 0.01693393030982871, -0.04787282631099793, 0.020265007029858225, -0.008236194657619395, -0.012123481732308107, 0.06586540018415649, 0.03503611366281252, -0.016438668455640838, 0.06730775687594898, -0.07848885388716491, -0.019354516352688422, 0.027075958666892937, -0.006801246182176931, 0.05343788425972252, -0.05423901652156379, 0.02485086166265526, -0.08021710961928862, -0.050378895098006075, -0.004218965316262653, 0.016309334630699043, 0.022889581616801328, -0.016305855413459667, 0.051333535858292166, -0.04820569956062449, -0.016941105947990844, 0.03154958646701076, 0.04608024723405171, -0.06826691051252756, -0.009759424534295185, 0.03321907845429452, 0.003985299975068172, -0.04361128362348218, -0.06549905065161919, -0.016166997290632028, -0.024130822771454705, 0.0046761444055293125, 0.0192496870732829, 0.047361639001962, 0.04874104157830913, -0.07400064421323387, 0.07575664333576694, 0.00564437776122482, 0.02243533922008083, -0.05797729075917333, -0.087819196215211, -0.02432801695393161, 0.01763307798169855, -0.02555523204450975, 0.0009133030193340837, -0.07347684753645511, 0.05076492635484545, 0.0333491686343038, -0.03056437699620066, 0.010222876157634944, 0.012908784825133314, -0.00926646899573473, -0.01096297905435775, -0.02202243328440525, -0.07526830427692839, 0.005602931734998877, 0.03804975752934081, 0.0031685881885239434, -0.005547182916991538, 0.026153423259761176, -0.038758799661310524, -0.0003976401475650547, -0.021656448661040027, -0.03948459833670907, 0.03300979493611324, 0.03297263080592252, -0.09344033408579876, 0.024669877347484877, -0.058862415059654075, 0.037028073978719496, -0.037210371188197366, 0.007864123311945498, -0.1517701519730516, 0.0221294521848743, -0.004254411984954681, -0.05600963401890067, -0.036327287896583196, -0.04277255059849448, -0.002791980955788707, 0.013807608484805103], [-0.055817136911555, 0.025429078218006478, 0.0008819918479625686, -0.04851353621353272, 0.018764811382463945, 0.08466278017488514, -0.009965298562551508, 0.042891256657276895, 0.004762213239730911, -0.017568105230348966, 0.13640304183049323, 0.01260464155620684, 0.02002930190383824, 0.01638054673949568, 0.026625951086601644, 0.007251922557794269, 0.0018521285327061643, 0.0006200710536014222, 0.0038673084070730435, 0.00548219404968097, 0.0004001208336952071, -0.005436009897085008, 0.005346333813446732, -0.0031788303564734333, 0.005407793500254056, -0.00864750014646625, -0.003316964266861625, -0.011297329776073648, 0.0004272447549049366, -0.004277790385249456, -0.013439896325490057, 0.020749807496922734, -0.003827460927750916, -0.02612345618106884, 0.0026741367930590305, 0.01786847454121645, 0.008243674307245865, 0.016529660772298043, 0.01120244357781226, 0.003362752647990237, -0.12847454307435713, -0.009424845734588736, -0.024077174532769103, 0.01009907544610421, -0.013072335055785509, 0.009368305731458816, 0.01356309035235869, -0.001343405948001928, -0.006251704643904066, 0.011595491549681605, 0.04089003686765592, 0.007462242858015936, 0.008686282991211818, 0.0016449487685258315, -0.004628705266074753, -0.12103013852329972, -0.012557824128120438, 0.009656663956375263, 0.015861394331986738, 0.012314114687304664, -0.016259055180160395, 0.022727031773378852, 0.004162358001119964, -0.014654303050223428, 0.04792951618539991, 0.03862378522995348, -0.02391381456444531, 0.008844182189350057, 0.006574964321126747, 0.01392319489043672, -0.10511479178799528, 0.002330045078865152, -0.004895339978585983, 0.0026591417625089387, -0.005276911854610046, -0.003351289062257982, 0.013260049019622123, 0.0010330110584292824, -0.018274493595068744, 0.015505734401329812, -0.001803766192885694, -0.007466554542293809, 0.011875008748864047, -0.005398524326703951, -0.010067676427449277, -0.12398478400787424, -0.022011949606289608, 0.032549034470239074, -0.028883963589734735, -0.018336760922489294, 0.015372815760595702, 0.007026243764479089, 0.002457549071339835, 0.01296719185150579, 0.0151944753058943, 0.024340350397095447, 0.001846266912397473, -0.010684331730586619, 0.0002714517439545755, -0.019731046549369285, -0.12024951188489409, -0.004692193089131563, 0.03218220093354413, -0.0032891428439301316, 0.004919407856122161, -0.0264915800419564, 0.007985872950557775, 0.023431812913704303, -0.03674398600473668, 0.02336638425889545, 0.008995749712440503, -0.017642571836091223, 0.034851478408674016, -0.005340509517772652, -0.018493916912634314, -0.12009099047517252, -0.006410083804032219, -0.02364065908581268, -0.004266531125405606, -0.007654016596059337, 0.003519050702929631, 5.748416554580371e-05], [-0.04099691600894712, 0.0043231895194367825, -0.043394769963409296, 0.03373760405940557, 0.006757386337121376, -0.0008624887024922126, -0.027817098133432774, -0.0047213500670798434, 0.0055829983901841025, 0.032805653904914085, 0.01260464155620684, 0.18829768057240537, 0.0015698305805593666, -0.06723211142295664, -0.10505723900481063, 0.0036188454736410555, -0.002773043912161187, -0.004940422893973424, 0.00020676524199418018, 0.0017305419408666996, 0.0029926845304515596, 0.008064152186985585, -0.0020586356071793, 0.00012512863231331245, 0.00450141397478637, 0.0012071321167276727, 0.015132107021738846, 0.005758125764893213, -0.005184212681411644, 0.0030153851253060327, -0.007954517714576935, 0.022972539970375554, -0.006877376899898315, 0.005001189997822959, 0.004227770678593609, -0.015874516346444427, 0.015472206672563722, 0.05157813951974373, -0.0015442494889887188, -0.026795350312895906, -0.013415737054256313, -0.13739414659018392, 0.017907829781445953, -0.00771273124594023, -0.0012698050891716505, 0.0026445407885873962, 0.021041668987024646, -0.013142479488322667, 0.01298396649120258, 0.026897531801353444, 0.017693164954073113, -0.00629007946624676, 0.013192365148938984, -0.0035938573155923407, -0.0076126717985563214, -0.004270188699368327, -0.12448647971643846, 0.049289781002171074, 0.006913543833835057, -0.0360787337328398, -0.038123439857509885, 0.019326340076078977, -0.02500586613899268, 0.007824007711993404, -0.03989267381931731, -0.004802947136874097, -0.000313566982667254, -0.01813733330377711, 0.00016363413743678568, -0.004968487285445122, -0.014667071127601168, -0.10835276119724248, 0.022104718488559955, 0.013758632808765636, -0.01806582772269532, -0.011313882081520541, -0.005388372557652979, -0.0021601661291959476, 0.013622086126238856, 0.03020029839297423, 0.01860742251908516, -0.02560864560440989, 0.004810913883160138, -0.01957998417756402, -0.02036171423139911, 0.017565270845563398, -0.10915100950001849, -0.0030238993467729546, 0.03200079491406997, 0.0017344904308048575, -0.029764249566966886, 0.0018020498272165644, 0.0012001394841105145, -0.010435596121550378, 0.006723844479953, 0.007608570909688064, -0.002069146454468837, -0.013952194768017538, -0.015729400987614304, -0.023940484444030675, 0.004883050225273306, -0.14344086348119328, -0.04699151470553995, 0.010850613236395567, -0.02986120001720165, 0.006813626328197859, -0.018897629457145442, 0.004694771560198532, -0.002341741118986572, 0.017576044664721506, 0.0029885696382330506, -0.003599228524387534, 0.0009740648902568438, -0.013113319680464695, -0.01842339045847172, 0.012008088865672756, -0.14130885446116992, -0.01901327615108648, -0.00301943340367755, 0.028514994129535887, -0.007220276683480742, 0.007947874968900995], [-0.055336334460558884, 0.03800332398748442, -0.028559901371960683, 0.032297771598231974, 0.013800776395325827, -0.04241432299126943, 0.029866046774684102, -0.07038046443482009, 0.0030682583745534845, -0.12424615525532169, 0.02002930190383824, 0.0015698305805593666, 0.7650600263603371, -0.013280081554118415, 0.09834348928748929, -0.006244609743129708, -0.010218968037657792, -0.0034650214281809065, 0.0007409854076759346, 0.015508173644725249, 0.024075102571034908, 0.018537908135679425, 0.006779546080787373, 0.001449192262799599, -0.0020614309918817165, 0.013395277028654413, 0.005475597336434976, 0.012945304794572137, -0.011494602693006522, -0.013082700388142236, 0.04703642847372824, -0.046161761461407796, -0.005625156367673062, 0.0015352643685894074, 0.07542158617576791, 0.007008422061226647, -0.015563706820778653, 0.08505649774310842, -0.0003937086797392047, -0.061948516251588474, 0.0066975805021480305, 0.045217013794087046, -0.0637210184741446, -0.018546170960121653, -0.007641769797697516, 0.031622691779937845, 0.02323738060488169, -0.04367414492104537, -0.010348942660962469, 0.004309642731151766, -0.04734152961198492, 0.04258300852899445, -0.051329898038836204, 0.008602031489649813, -0.04312045507809635, -0.06287325432467089, 0.021044940931062614, -0.0404947242438762, 0.003330305840104157, -0.023418899381746044, -0.05976501265181447, 0.07730599318603658, -0.034010360496209605, -0.04449613388333132, -0.005888343313973132, -0.009648442864614352, -0.02260546377470415, -0.09207862813281671, 0.01089529642755536, 0.06190047903077946, -0.0012142260545496253, 0.018798625750708373, 0.010009839289794813, 0.02922040235475533, 0.10350861542306534, -0.0006786587028415529, 0.045285353883111654, -0.018043999789140324, -0.031735803398906984, -0.03153546110318329, 0.025386941265586473, 0.048721837236634355, 0.04697160414034626, 0.031089900191765288, -0.07334894304326574, -0.01824313848269572, 0.022919919850344583, 0.041945545626391724, -0.021135137635562823, 0.007918038626648614, -0.020527728876438407, 0.06446643317695037, 0.018653413902898406, -0.01710386852098026, -0.02847577290153704, -0.05095343751026088, 0.1490898327647579, -0.0729559148640904, -0.010880435791110208, -0.005311482166977573, -0.05526844972922508, 0.034946365174134575, -0.001797877521199232, -0.011480944024708508, -0.028584456695288248, -0.028559058319138277, 0.0749733378434577, -0.0021964026534795193, -0.03237706076373923, -0.009571059027427305, 0.023629528687433003, -0.06380061604638564, -0.092875322805821, 0.008609594213795653, 0.04875522063385439, 0.006481498110402847, 0.04759462050474265, -0.06724538093654694, -0.02690781375179332, -0.07596365636600307, -0.0047273318671885, -0.0009196542309333347], [-0.0006987311170588025, 0.019875519023881166, 0.01865488552941033, -0.07953768356650304, -0.01503555143283927, 0.021867394250110042, 0.02766668114510159, 0.02572416949755662, 0.004627585198720186, 0.016492495139571142, 0.01638054673949568, -0.06723211142295664, -0.013280081554118415, 0.10095425341159003, 0.12961724756916967, 0.004215462909497144, -0.001446841704641868, 0.0006294331384910807, -0.0009734309062113943, 0.0013523615544463348, -0.0025237561872916026, -0.005067046244747998, -9.310760387373902e-05, 0.00034972879404230017, -0.0006069103846195236, 0.00031111851236182906, -0.009207239681967077, -0.008182131363019393, 0.0014358365372003673, -0.0011796159377695545, -0.010942857580523989, 0.0024718494686880505, 0.011892051770477216, -0.001939511332238769, -0.028146374307698528, -0.005445993097846541, 4.414506597815857e-05, -0.02478970272005289, -0.0073126241561933935, 0.011238980561456065, -0.00802567652821717, 0.014668063860929432, 0.009614916460394056, -0.027910411337604232, 0.0020217544995514993, -0.015993152082861332, -0.0003139187493426738, -0.013667959336303414, -0.007100200393065548, 0.02277063135852525, -0.0005377742011429718, 0.027737917454262965, -0.013298475026352903, -0.00816416245510158, -0.008938303366496196, -0.01709409287777808, 0.007072115737873684, -0.025070557062737708, -0.04466881056471107, 0.03147559159673303, 0.008586719290791472, 0.01274744331768651, 0.020336334815836223, -0.00793199166072847, 0.03511839114310268, 0.006153809472918721, -0.008139111754152405, -0.014848365485844273, -0.0016823776395496633, 0.019799538683888937, -0.014681946579771652, -0.007690015183218505, -0.0038734512750132574, -0.045937663719780045, 0.03167414306464277, -0.004404077954541878, 0.0123678328951641, -0.009975587964963808, 0.0005764219014673091, -0.022878649424400332, -8.826207171947945e-05, -0.00045834401380825794, -0.021741829531162334, 0.0031843914634591907, 0.045614197926249926, -0.027477239427080424, -0.00659443273863384, -0.0006201863778031507, -0.07891381844258327, -0.027325581364319586, 0.007878936887405583, 0.02564818366055879, 0.01193867665675577, -0.013887274294707014, -0.015805239402336427, 0.005069160629278845, -0.001805042599189118, 0.017056846997937428, 0.009234131549492866, 0.020710462901357436, -0.017751019767772432, 0.0004328399962570972, 0.0327760988390396, -0.047164107466222314, 0.023599942161614706, -0.022790942506473153, 0.007448421313499615, 0.0029344089169747126, -0.015496359783389882, -0.00962082995144472, -0.008443849757997009, 0.018997281210047623, -0.013846313123378967, 0.0010262277811003686, 0.008000846002791478, -0.015053462546575434, 0.016559019698019758, 0.015158091883267884, -0.01456228758965651, 0.006387326159777603, 0.006477699026423381, -0.0016218289896332476], [-0.0025876467889494616, 0.0267459696408854, 0.029305708510099185, -0.11682436697568332, -0.01613975248524939, 0.03383036010921898, 0.03366598175979792, 0.039884818341997245, 0.00416521104612022, -0.01315544042188454, 0.026625951086601644, -0.10505723900481063, 0.09834348928748929, 0.12961724756916967, 0.2246010193703108, 0.005447331795845347, 0.00027988394824254853, -0.000580680420965477, 0.0018853824056417232, 0.001706068859054431, 0.0028708291287138817, 0.00028689001410208846, -0.002925972810352556, -0.0013762809778647283, 0.0032547039604481644, 0.002708186076354923, -0.010934397578327266, -0.012332400244105686, 0.0025228923529246163, -0.003268938064023252, -0.01101579114563255, 0.00043964028720453607, 0.018220774262660663, -0.013637106821546677, -0.004512844286008846, -0.014891357214489335, -0.005510193327796234, -0.013891986666466325, -0.00917946542663292, 0.015950853512731927, -0.017874037922449054, 0.02541655764889133, 0.02807897219132813, 0.013154096171331807, -0.029018364866680926, -0.013290368867004842, -0.0009526664463805329, -0.03446953606129484, -0.005863630137439054, 0.03597649840058474, -0.007498353696098713, 0.01998441579390305, -0.01806084720452493, -0.011943627750645995, -0.024514672403258515, -0.03763043626549631, 0.005111241285350209, -0.02138831797638275, -0.004286434393262859, 0.027286440495659595, 0.002246283951714358, 0.024309063827262445, 0.02647534934249789, -0.020451900351651356, 0.050101754531244824, 0.012849136552588037, -0.03016539417755149, -0.018688396214647303, -0.007644564336539981, 0.029656536042142696, -0.009168936312200612, -0.006711610308891758, 0.019033134831175278, -0.005193981073920967, 0.030415258289252876, -0.01531858157193435, 0.009667726147798674, -0.005834330292003102, -0.027744930783274384, -0.02309201074773532, -0.01341561845156495, -0.0057374147363906825, -0.019880986556731126, 0.007004072648694945, 0.02966072955177778, -0.03801021666345245, -0.009840526067711882, 0.038988803304