{"inv_metric": [[0.4760722121718428, -0.29495886594609283, 0.13156503392086216, 0.22322188308435817, -0.01007553689868441, -0.02065107447877547, -0.03375773176119227, -0.004331914024217559, -0.030114896863601057, -0.018338523718604977, -0.04799452526084005, -0.0637013880331138, -0.026699925747934512, 0.019840482641791734, 0.04509463590531674, -0.01044319978779224, -0.017217741493844127, -0.009599751582997966, 0.008217431417513098, 0.0028526034562122416, 0.0016152435441203592, 0.007375502074337946, -0.0072301652785787375, 0.0066704633015362644, -0.0009556668795469481, -0.0025002022312982713, -0.009408511753423143, -5.7248635345954834e-05, 0.01663054113495451, 0.017553241439339118, -0.11567801960866333, 0.00151046613059213, 0.021597617289411508, -0.023755152550383754, 0.01816569907554573, -0.036963534034041914, 0.025848138681658275, 0.0002333573638591628, 0.019483413444547935, -0.013758711383450787, -0.013891671181949755, -0.0015730759346406548, -0.04334954140290152, 0.04396328895010104, 0.024593378383931684, -0.07461081409499702, -0.059560573937412604, 0.020443356689876936, 0.021772329318149125, 0.03550678250693563, -0.024710092128052932, 0.036302083563501425, -0.010883964837614418, 0.018169065611396716, 0.0709363283538996, -0.02480873359160005, 0.00758636237817895, -0.038032188770152235, 0.02104614976916874, 0.031830594177590044, -0.018886224884874854, -0.04883782323707625, -0.010298173846084408, 0.06276169772439234, -0.016268212059629247, 0.02038995573926298, -0.030962565907905765, 0.04969711245015901, 0.004089856112716547, 0.0006470728566635971, -0.024414122613529567, -0.0358779654848643, -0.04637054906071705, 0.01616432407241829, -0.005690428749136158, -0.033921506656173515, -0.026278256467843906, -0.016756586836291006, 0.07374345783095376, 0.04462815441495267, 0.02317225289248921, 0.06319176152061623, 0.043774172515725386, 0.024137609514301748, -0.037996862487164204, -0.03366409119705181, -0.024172990027166105, -0.02318897199274766, -0.0041265471334809714, -0.006993704983201667, -0.05171673957702616, -0.01856464010102492, 0.026491189915566916, 0.05002860886260506, 0.03717036784936023, -0.03107711932009958, 0.028169151533378612, -0.061977223839377975, 0.0008614884481575396, -0.06701249135565027, -0.07755238645491526, -0.0239271748964517, -0.04347647431390327, 0.03416192451486671, 0.004835830397580801, -0.08571169509029472, -0.0006521195744426956, -0.04130440555195563, 0.04136496064516748, -0.03481951196243239, 0.038541598420795485, -0.014077927992632914, 0.03229337346387802, 0.02918708109168149, -0.07649790939737995, -0.05519102233846883, -0.01624290018260173, 0.03226387280784518, 0.013341390088234812, -0.07455702506371312, 0.009621352768060554, -0.002009183771279431], [-0.29495886594609283, 0.6916053390817609, -0.12930274128489322, -0.19938303386986558, 0.0221180233918359, -0.013576567621913263, 0.035621587501372974, 0.008707254701466202, 0.022496373264072327, -0.014943031546148426, 0.037251427168907926, 0.009569465250349643, 0.06235547322474659, 0.024591749368374372, 0.015840394859800266, -0.006239853659300935, -0.0032305321973030276, 0.008083688092360602, -0.005327383297717076, 0.00734662795975332, -0.019099699903167296, -0.015748605738057298, -0.010717947778678261, -0.01080073382984158, -0.016143407522144472, -0.013477670123668288, 0.0012038358972861344, 0.010904816475163424, -0.011926296835449974, -0.00857927451585613, -0.030850331653835973, -0.031587956588850996, 0.018616606991687403, 0.06331992621564204, -0.03192126932984751, 0.018997717989665288, -0.004141902297742013, -0.01578305379708643, 0.006502005212781549, 0.02788145738672796, -0.030744115367716873, -0.009610367823287166, 0.07579948803375793, -0.023518504073823224, 0.011724345698975451, -0.03223979796578509, -0.06607659124687866, 0.0511167266942455, 0.03785995150738341, -0.012546312554705029, 0.010356487712859503, 0.00236374788152837, -0.10422217058650375, -0.042893454150745865, -0.028381142397518995, 0.009449778675108515, -0.010510919589682527, 0.07143091352470685, -0.07262378451998651, -0.0034487366304317988, -0.049373270381254525, -0.04169979579154151, 0.08195154902220887, -0.017365339001877828, -0.05635368097144354, -0.0021548887585535036, 0.07173300694331579, -0.06907300895081873, 0.003136143736184033, 0.00998095634310409, 0.03368636180977499, 0.018191600414528403, 0.012996483180135932, -0.034704265243902625, 0.0323154518281965, -0.08062177540355883, -0.08755293129089327, 0.05936519538096725, -0.027488305338992047, -0.0015513399498209171, -0.019683990034603145, -0.04807136995977158, -0.037017426658088985, -0.016595223702633565, 0.09478671973536536, 0.03334544535471968, 0.014257105761796425, -0.008557531224598798, -0.020756760284540942, -0.021688403989324527, -0.06197910139254956, -0.013887711726715948, 0.012730757625181258, 0.0038139678827876456, 0.03280963609322554, -0.02560625460310296, 0.03642787310223196, 0.033842473740650254, -0.001885123082914797, 0.052007591868799746, 0.0159933639072056, -0.005261197672478458, 0.017310725769156616, -0.02915496789359224, 0.022411385607897977, -0.0464524836105242, -0.032101556852017446, 0.03835987990740486, 0.01650250078716187, -0.01058913762400106, 0.0021329549302832717, 0.06445192366725039, -0.13328781998909528, -0.019797023317260947, 0.10254821904027377, 0.03037063432057737, 0.008093408763528745, -0.06034212057488094, -0.0037958332577002108, 0.058112212701466, -0.001644899063950117, -0.0012847319935541], [0.13156503392086216, -0.12930274128489322, 0.33733684057727453, 0.015048907716348692, -0.02355907198367442, -0.042193279270719086, 0.01843833989392687, 0.004896603098533737, -0.0058210062128072615, -0.07617374416155029, 0.013542375107472441, -0.04532100880672592, -0.058407520709288195, 0.04698417876716073, 0.06581849203890874, -0.006750383283035983, -0.009794021849028767, 0.004481327600376704, 0.01341986224933384, -0.009140634471032638, -0.006749132287889589, 0.0008406923649435403, 0.005460309475878678, 0.007913897308520915, -0.002470822060861751, -0.014980923140410236, -0.004104564517437747, -0.015010978839956527, 0.011603791898530847, 0.0001540746861402368, 0.053558279309785614, -0.004713764201642047, -0.07202116461478153, 0.06266030637645259, -0.0009995183892539867, -0.02597040810008254, 0.046543564999975105, 0.03912060062809579, -0.026184857586787607, 0.006011510852902755, -0.04065279334505342, -0.00672318637865327, 0.010598927422949224, -0.01928606395340435, 0.005003652112844852, -0.0055130297055380716, -0.001716068518527274, -0.060870123322301496, 0.044886923482979436, 0.03735120523534479, -0.03905717149260433, -0.004591757206977373, 0.01977782385119544, -0.013495644386364164, 0.024206757688301824, -0.02269404353272301, -0.0008853845315013573, -0.051212719278423406, 0.03101955580731181, 0.01976404759721387, 0.033270688969049, 0.03055763321298808, -0.06673823305229197, 0.029538395924849116, 0.022287932366345953, -0.025493649439031114, 0.07388168649708511, -0.0040955831037304035, -0.0051763540307521155, -0.035361049888987355, -0.018764612386230395, -0.03087183874448027, 0.007924030269928464, -0.008337988590845523, 0.01729095949853452, 0.026814638504003965, 0.037283698074534605, -0.06440588262518507, 0.04176434594569991, 0.015097957889107916, 0.0057681025785039745, 0.002984566539341177, -0.03839303107569702, 0.004485131377700775, -0.08671627895660837, -0.044093652878175064, -0.03930802732208334, -0.002504502270231912, -0.021411999235698632, 0.005441946532891121, 0.04526208305639372, 0.04742905345521316, -0.08693773629176817, 0.05311660934689272, 0.02548501761176476, 0.003535806810024575, 0.006569530633643068, -0.028134478913401553, -0.025197896063589464, -0.08771742152223962, -0.023213175804955, -0.02290418740082998, -0.010805032035553792, 0.006910368369220145, 0.03215972135157501, 0.014632778041581555, 0.0620028427026641, -0.0795103887129283, 0.06741028902745687, -0.03532349799626119, 0.03331881970242653, -0.02791374915340993, 0.03572465329937555, 0.008991027801217603, 0.01451797421681991, -0.023006130797001333, -0.003989850567050354, 0.02566875982043617, 0.014246296198071847, -0.02956203210459861, 0.004672482993234348, -0.0027458051992471488], [0.22322188308435817, -0.19938303386986558, 0.015048907716348692, 0.3846842212433625, -0.03654697922520957, 0.033537788796894764, -0.006527438955813026, 0.020874072301458362, -0.025390625875670876, 0.008730710705203752, -0.03416136595259643, 0.03000429521348282, 0.04658787285811253, -0.053438461783183136, -0.07253831083939667, -0.0011235393206815946, -0.008463845920439372, -0.01450612181566279, -0.008068954206227254, -6.393617168451963e-05, 0.006972851614663001, -0.001180373825674784, -0.00399415069741482, -0.00965339259255327, 0.009943485042896334, 0.0015618294097179224, 0.007586091647975721, 0.0006274093652981576, -0.000718948623462839, 0.002546871238362207, 0.001519238609623604, 0.01589097899956876, 0.05601761555105426, -0.10462907847646885, 0.04693832252186487, -0.01825637184723244, 0.017403980671928065, 0.022028396500258254, 0.026443036022406895, -0.003546416408949692, 0.025028904430333267, -0.012457596966360071, -0.010127432723792861, -0.011252199650133347, 0.015353942052075397, 0.05589633165640721, 0.020902410715719025, 0.0503956788679328, -0.05299689962612831, 0.00925531320985171, -0.0153073233586315, 0.017825731262573336, -0.011454796744113344, 0.03303093877073244, 0.06772787836140286, -0.054050826994552915, -0.0037281518610986527, -0.018645600948603482, 0.017090729005092453, 0.0351876927337671, 0.06085898124735112, -0.00033699906331946034, -0.008224603651556247, -0.03806505194811298, -0.045675431601093004, 0.0017739067413382705, -0.019672103507710797, 0.01932107563634891, 0.009044723653246715, 0.0033767603722440857, -0.027424625437707798, -0.014361626695537456, -0.00522369644180825, 0.011822016256385123, -0.029499597101005005, 0.03937421556899345, 0.05573925871188174, 0.025437938854168493, -0.04938626440111811, -0.0072511244193124765, -0.0013721153810432756, 0.02764957779625331, -0.00048800379003963504, 0.02051940947508876, -0.04315575990381349, -0.01627014079102201, 0.005294867916505175, -0.027879070758121433, -0.00676346403125818, -0.040169248232778315, 0.025931395629742095, -0.005056079600708407, 0.03715644475898773, -0.060131725986772945, -0.03418375765322733, -0.020868987312454828, 0.04035198861239677, -0.009810911183132093, 0.011128814964247603, -0.026555075822302435, -0.030790230781672086, -0.024042492993780955, -0.008382475574235815, 0.011988352982777372, 0.00015105289774718585, 0.04814898817685982, 0.05122487764687816, 0.007238585782991276, -0.05467264501416428, -0.008609093947783392, 0.01078829258270706, -0.007136961972616777, 0.003958612673946812, 0.03432589225270795, -0.10502554221738278, -0.028966089731355147, -0.028839402118552824, 0.045096456303874724, -0.0017131576603194162, 0.03334546846158982, -0.00011942891586739007, 0.004601379568391493], [-0.01007553689868441, 0.0221180233918359, -0.02355907198367442, -0.03654697922520957, 1.0347602062138936, -0.019620613448183975, -0.025623090559118482, -0.002447532675074565, -0.00748858994985799, 0.03388301208480976, 0.021365430918340245, -0.031084528333278058, 0.011358165949326763, -0.0041922964633277285, 0.016152961350175223, 0.0070653529459803, 0.007758051989307745, -0.015097637803775293, 0.011741271337441798, 0.025285197599694345, -0.03258791174035732, -0.012835696142694662, -0.015086311138855191, 0.00703769605092655, 0.010197315481521405, 0.0054614243736396855, 0.0007026719104784743, 0.01153816522668758, -0.0010687883397424113, -0.0018310225341933507, -0.02567679464013361, 0.08602032887070075, -0.07837504994530421, 0.04424330890269197, 0.023936953434460756, 0.03292437528263308, -0.09630395283537965, -0.006633220146056656, 0.01721872871758033, 0.037880288406958174, -0.06350058437104136, 0.029545216562857364, 0.06941212250239842, 0.031996772541499074, -0.0044108890628462355, -0.027722066930864247, 0.029987919817332336, -0.0397294619418836, 0.026131700245949, -0.008197834195359162, 0.03484251864169034, -0.01815600555406101, 0.07410446651842695, 0.015893551337627747, 0.037489326823540114, -0.03632769300304122, 0.05956274537994295, -0.078130736470734, 0.03255346665500964, -0.11994932819890698, 0.0002174261962898003, -0.036173144350281544, -0.0022643636914531904, -0.05310773362573024, -0.12426862733003272, -0.021672838239525018, -0.04327644048932074, -0.054533470476840595, 0.03503240927453293, -0.0332377487125578, -0.03713852608268526, 0.0144726380777541, 0.05958014008014718, -0.01328601685275597, -0.032190768409543755, -0.049976605985028025, -0.0031782679300240055, -0.036469025886802245, -0.057208973463426266, -0.01825933062514848, -0.01875821200926767, 0.026690705032973744, 0.1712553559129735, 0.0567701859259266, 0.017785366731311054, -0.01752249904612737, 0.036657083043122575, 0.036407453128521845, 0.01556539715248479, -0.023587262023257175, -0.0035118557920069777, -0.03463369333158212, 0.013493170555529966, 0.076260230531302, -0.061728689628721654, 0.035165539827880274, 0.08956791798366666, 0.049141596988292215, 0.0013113291094118535, 0.10263716741816761, -0.021628110070890022, 0.07665324575263624, 0.12284611087117038, 0.05881831596478338, 0.03451403714429848, -0.012762449471917868, -0.0004916768727242118, 0.018525220394385554, -0.08104237222874341, -0.08803657558582728, 0.030071976443679985, -0.04740193567774036, -0.014490101674660291, -0.0053918937236345724, -0.11184465991555914, 0.03456523584806817, 0.032846308223673286, -0.10281733988349352, 0.0384661198891567, -0.008870013696523937, 0.0008628316659987799, -0.004262825748120048], [-0.02065107447877547, -0.013576567621913263, -0.042193279270719086, 0.033537788796894764, -0.019620613448183975, 0.46915110082843525, 0.0315186704272182, -0.06152957971709905, -0.008993137386768033, -0.2202752518591386, 0.08118169043600194, 0.0011381287218403013, 0.020481919849221375, -0.01668745798364596, -0.03271056242493336, 0.00305169174538454, -0.012676311000473612, 0.006217926723497283, -0.005972332510392346, -0.006102707832196641, 0.019450441258209637, -0.004449833059847484, 0.0055636331259819325, -0.004331951630582064, 0.007271489888320521, 0.0017482635998414126, -0.002029766160848953, 0.009547998797358062, 0.008773989283097744, 0.006814042417725552, -0.005113789579991903, 0.041010653162116856, 0.012146068820798016, 0.009470667144246925, 0.020068642580697498, 0.03366846356284755, -0.06122661031701382, -0.06114354781104561, 0.009053536729098945, -0.007609115143013208, 0.043583668169955896, 0.02974317719747685, -0.09851361109911291, 0.02559468160667188, -0.026118968757168556, 0.023892028285757344, 0.03129983884330924, 0.021533481967610915, 0.009849825518033524, 0.01629834842287336, -0.0014299802764765283, 0.006837948940654651, -0.04957213189293683, 0.02941705076310924, -0.010073084740980492, 0.011972273375170237, 0.011241663109282353, 0.00943397700056726, 0.032508646472763615, 0.058693875585289094, 0.003950428911127333, 0.002284602502815773, -0.03148936653143845, 0.03372517149831523, -0.11972274399706863, 0.03461230657061863, 0.0032695665252650934, 0.04351859066580301, 0.004076442694370153, 0.029194340887572296, 0.017027936958447763, 0.0343610299801161, -0.003523974782825822, -0.008197358536962948, 0.007737730843731234, 0.022698936120573464, -0.04997810032318829, 0.0050645101271982376, 0.033463297353887464, -0.05061347551786046, -0.0385636684567711, -0.07329756153391853, 0.05198832904894707, 0.005861684672442534, -0.04507115277826322, 0.02256410817787694, 0.046703146771570406, -0.009940103307192328, -0.011683476549514687, -0.028452134238742148, 0.003951491289790994, -0.08306831100736302, 0.033888294243158895, -0.004718299541000416, 0.030246956344800055, -0.0036491627934225174, 0.006147274157528298, 0.04573476797845173, 0.009513922936497936, -0.02879592781990999, 0.01465569406811663, 0.05363875358688689, -0.02431487922272028, -0.010431680738116053, 0.05323328634128275, -0.03414363669058312, 0.027345633458028963, -0.003566740682773129, -0.06770156679738618, 0.06984642537080538, -0.03873519302249194, 0.025493111976250028, 0.00559788580250725, 0.0517987127829932, -0.11012345155919388, 0.029495829606110528, 0.004374218250355226, -0.04159089649589492, 0.004777287955115517, 0.05073811660802156, -0.011519408268024375, 0.0006601752363999109], [-0.03375773176119227, 0.035621587501372974, 0.01843833989392687, -0.006527438955813026, -0.025623090559118482, 0.0315186704272182, 0.9851798666175107, -0.012228329147648237, -0.00891215865273502, -0.01942079408118627, 0.04081768343623435, 0.005148250333885355, 0.0672761013883223, -0.012743958006644655, -0.010386643709252139, -0.0130529061185835, -0.011447387735692361, -0.0047168265651535935, -0.010860174312878581, 0.018796828035824806, -0.0018848306326937167, 0.013082435324890434, 0.006404364800691763, -0.00984009571069009, -0.024610215986246544, -0.00674860124608546, 0.0021737927133234024, -0.02145421578177994, 0.0030790731315874743, -0.0005956688044833892, -0.013889552896295263, 0.0944259630057656, -0.013206830359410884, -0.02187860479332527, -0.018861298407589423, 0.0339962529594668, 0.05959869543892545, 0.0011276706287364972, 0.01989524570583316, -0.05368095929689046, 0.006266296033003196, -0.013010592991618972, -0.05849840039351945, -0.062262644635668864, -0.10010506069200602, 0.09219791254458631, -0.10298047662181904, -0.03572879594982761, 0.04118011223668351, -0.07230597033518918, 0.016975967999849302, 0.030470430898027392, -0.07883571980749228, 0.0006579365671263118, -0.010720616632496236, -0.04910832064850503, -0.03112838288031378, -0.015396552135034353, -0.042171933776357376, -0.03190931208165631, 0.029847384298061982, 0.020248653212775705, 0.004466771344013293, -0.012472462050753235, 0.0021879440607040826, 0.03358128000309561, 0.04467931268851265, -0.08305583568102294, 0.02394312496277581, 0.043193767011447406, -0.007440622080723409, 0.017221953422294625, 0.007338480770494307, 0.053366098374739414, 0.1121973441620224, 0.027916423910289943, 0.07386283139736466, -0.03827440306183894, -0.03898413799401642, -0.011982942555811275, -0.032066276023520406, -0.028524294725245654, -0.02221998895473598, 0.022636721669229844, 0.01584209993066932, -0.05660339342574353, -0.02127873035257021, -0.045441715709403696, -0.03192406048053769, -0.048611891228197965, -0.0008499036791998606, 0.02399986855288367, -0.028716612705648476, 0.04187202085525556, 0.05753224746924921, 0.0243197805753834, 0.041146152271102576, -0.014166687320941566, 0.041881388698199046, 0.005626307786531871, -0.009643598898720534, 0.006865277082558257, 0.006663056925265261, -0.03505369251911724, -0.06720010558326629, -0.030351043888874225, 0.06573507985546191, -0.013823133424953062, 0.06260145326381376, -0.011801555465751727, 0.011021973631185625, 0.016935454905340066, -0.0411954529365772, 0.021582705505568293, 0.043724795747955125, -0.018508617088534438, 0.028388052482749088, 0.003478305796276149, -0.02269639722935536, -0.06470264255105401, -0.0018700006679398728, -0.006607961401213028], [-0.004331914024217559, 0.008707254701466202, 0.004896603098533737, 0.020874072301458362, -0.002447532675074565, -0.06152957971709905, -0.012228329147648237, 1.034097946996529, -0.0059085614974066685, -0.0013087522100621066, -0.002564842561460504, -0.015060200251274188, -0.014393802789679586, 0.00029525131289991915, 0.02843411128640617, 0.0012466317428445409, 0.0001128703583940477, -0.025600905608592527, 0.013013311310710474, 0.01880907292496402, -0.014785443118297133, -0.009340377327054915, 0.016705206177217807, 0.001479381238628485, -0.002259313128079576, 0.025784270521273155, 0.014400046071306532, -0.0006662244239309239, 0.0006207008320429648, 0.011414105069256298, 0.04514060570434896, 0.019114475125955422, -0.009880311831570034, -0.010449399705616728, 0.09397755004884996, -0.02195320258566007, 0.005009850467533589, 0.07212597791788498, 0.0015713009304691055, -0.028260080006612988, 0.0023842056736954422, -0.0012454295843745565, -0.06694187801185467, -0.04664691875885251, -0.0033742878120939916, 0.025461158070125757, -0.008654999116429998, 0.032826860519186464, -0.009653644093460189, -0.007552014490674765, -0.056577738935890756, -0.006896104166314624, 0.0181884618539206, 0.019038197683611355, 0.06567960889890108, -0.05083845805660442, 0.0013360656418658847, -0.06312194252275173, 0.002191776131207397, 0.03857775532568489, 0.04880192210979647, 0.019578210836980636, -0.019273567090487647, 0.017821615753871162, 0.013823469729201128, 0.014707686972810706, -0.02935816141244442, -0.08047605003893833, 0.04224322205879956, -0.07829282802437884, 0.007085120427858618, 0.013568101249374395, -0.017152265113236097, -0.02464965345137356, 0.005087416040058879, 0.0006281005937789258, 0.01845855569282871, -0.04933192816026199, 0.012351520326198595, -0.018052994084974294, -0.011268826450751054, 0.02948578746355337, -0.06999898028053046, -0.0015404314745770613, -0.01991519864925751, -0.029668878738179662, 0.04612441901335108, 0.11508621678692131, -0.027454841227673474, 0.07948965788366447, 0.03791860138119781, -0.07159865543738538, 0.06348386467110673, -0.005883106648499979, 0.01868726424633349, 0.05653087046681595, -0.011804688149476408, -0.09310326801489548, 0.047686002056857336, -0.028056541198770477, 0.030628563688177055, 0.0038043382097728362, -0.015063349703742004, -0.05391436485114075, -0.12489935887399795, 0.13489511618542582, -0.10674853362919377, -0.013033807120841205, 0.05444706562560904, 0.041348586873603356, -0.03793176023290282, 0.10599358689032691, -0.034499303142685574, 0.0018348335579025312, -0.011577689988345746, -0.06609724886167505, -0.0015924238047496254, -0.07724762185055736, -0.018854333666666227, -0.00792147137118814, -0.008985631015089993, -0.0029353387425350586], [-0.030114896863601057, 0.022496373264072327, -0.0058210062128072615, -0.025390625875670876, -0.00748858994985799, -0.008993137386768033, -0.00891215865273502, -0.0059085614974066685, 0.05643579663787077, 0.02605620157505157, -6.613825481798755e-05, 0.007625976244770794, 0.004711315944991215, 0.0012939109620629305, -0.006136800389874919, 0.002685290992746989, -0.0007870502820259633, 0.0023423784562754397, 0.0012436984872587708, -0.0006378619146886741, 0.0004816343653983312, -0.0007029869755048152, 0.0020460881877210025, -0.003267799584750423, -0.0002655901760814845, -0.0044706252946470825, 0.0011157079771160364, 0.005001870720713654, -0.004079001780006634, -0.006740258736620047, -0.004366153278167212, 0.01507415229448173, -0.006654270948815088, 0.004381155097258192, -0.003097971968347364, -0.008172655195360154, 0.01872710080972954, -0.006866680444897811, -0.0842569913982613, 0.0050281059701621405, 0.012839981229348187, 0.006887780985198967, -0.00493760766533114, -0.014247135923460797, -0.020955398602929103, 0.0007894617457212823, -0.011088445581293137, -0.013937896693691533, 0.0019541203921678322, -0.006090008503799692, 0.0062119691352898725, -0.002721499156461859, 0.0016285363669736159, -0.09146090734532449, -0.01678288548864546, 0.008484424018812196, -0.002743364002882964, 0.0004978448033934526, -0.01242566223335836, 0.006881272855205684, -0.006070107500328866, 0.006589761605565852, -0.005035409655552864, -0.004364530566451694, 0.005279826114373244, 0.0015478860621394104, -0.010417007629922809, 0.0016466271104664321, -0.08424605801739239, -0.0016571779043789315, 0.009422078097183503, 0.0014143093576455788, -0.0019970000650009756, -0.010531141260950347, 0.006367331932668274, 0.0034463287318862363, 0.0005804152022379325, -0.008301709850114055, 0.014061897333510496, -0.0024313894074729893, -0.002800059124029163, 0.017886686595789576, -0.006329215908724283, -0.09289805411550738, 0.0041809672261305655, 0.007234992115452237, 0.0008101678253131438, 0.019608708488201197, -0.015669988340342587, -0.005053542406121864, -0.012690587471020705, 0.013667537397149503, -0.01637719204864692, -0.01448258212682301, 0.005964292802913214, -0.011597135381486028, -0.028191736781401758, -0.02086652575704627, -0.08180219116629324, 0.02635369791368162, 0.00991099977424854, -0.005870103362193729, -0.0004371201237693414, -0.0068317765226653185, 0.007427879062194369, 9.560927140808214e-05, 0.0021441404621698637, -0.0041335316381109965, 0.002580298252863274, 0.015174875396054256, -0.014633859947549187, -0.020639699187592567, 0.0032988718460324673, -0.08219877034287465, 0.03025733564775397, -0.012893056289556375, -0.0007757664367398922, -0.007174951494497723, -0.01541486163541142, -0.0011349250368745596, -0.0013680014223998234, -9.213861846391267e-05], [-0.018338523718604977, -0.014943031546148426, -0.07617374416155029, 0.008730710705203752, 0.03388301208480976, -0.2202752518591386, -0.01942079408118627, -0.0013087522100621066, 0.02605620157505157, 0.6159487748208335, -0.044724099252238386, 0.024069591486978143, -0.04965848974620576, 0.013262743919725636, 0.005232522571584953, -0.015114666412569918, 0.0033113551441987317, -0.00031280233851068145, 0.004721207759284206, 0.010531153582360725, -0.005855538386112118, 0.008821478370633552, -0.022820092126498454, 0.010112776582035382, 0.0293975739007063, 0.0035817671243961345, 0.002228073404559279, 0.016344618450678267, -0.008839000438932305, 0.002068933734854407, -0.014270132285550453, -0.00992107073354092, 3.3664932439111676e-05, -0.017125510601461034, 0.0029754175244141264, -0.06275528373729389, 0.039061984788405175, -0.039856856921574035, -0.014667257905964534, -0.11093944755388917, 0.030075110551597277, -0.013937271167639006, 0.12316300399584278, 0.01742136785622374, 0.02273011603014531, 0.00954170883255705, -0.03932673539669441, -0.02761145170298537, 0.02306175671372874, -0.023863421484193348, 0.006450353207938306, 0.025640414880584224, 0.016175646617782934, -0.04839442554430087, -0.060279420808656003, 0.004937477465811175, 0.010052329433607869, -0.02500732692009546, -0.008634791852856438, -0.0776552218775221, -0.040357215491198195, 0.06344123856241561, -0.029067748844281753, -0.051029762441870026, 0.07869025979465813, -0.08851311091157026, -0.06753342155905756, 0.034543420172385264, -0.029381691456507087, -0.09822503055978846, -0.011806824397907763, -0.011308203153301699, 0.014497635694393997, 0.007746166223727572, -0.019043807637929087, -0.014869096916719851, 0.11698853959340258, -0.09347615571501162, 0.009801681653703162, 0.04791181548251504, 0.010443512534343669, 0.06365655278808939, -0.07845743381945315, -0.0014410827543455199, -0.13255433893235585, -0.032245016155397314, -0.009887768666426695, 0.04857885342078778, 0.041549401734793184, -0.007052278168992872, -0.03971705729070913, 0.052697769116173424, -0.029674644207738406, -0.06403415894119899, -0.031447153425600144, -0.011663411792167786, 0.0497956184779443, -0.03743730870933918, -0.0039031824838822384, 0.03583973552528681, -0.016906881298614854, -0.03371325509682591, 0.020271027529083933, 0.0359744712962543, 0.011516001833806563, 0.0366171856088408, 0.007577589348588432, 0.03536151216063884, 0.015304368393791316, -0.042841575138966664, -0.033106330238089385, -0.08318285416754412, 0.02714114135202226, -0.04770671516532632, -0.05228191710760357, -0.01878835397471457, -0.019475733911442288, -0.0373423555297222, -0.002033740555647559, -0.004524924986159891, 0.014239645215703218, 0.015418193643310462], [-0.04799452526084005, 0.037251427168907926, 0.013542375107472441, -0.03416136595259643, 0.021365430918340245, 0.08118169043600194, 0.04081768343623435, -0.002564842561460504, -6.613825481798755e-05, -0.044724099252238386, 0.13358787461305, 0.014033453372504022, -0.020388910425201932, -0.016737389242373724, -0.027170667592663462, -0.0012304371487928125, -0.0028584933078820013, 0.005101599736415362, 0.003755047152074363, 0.004988624716249666, 0.002284977788974077, -0.00581593382321752, 0.0005017309534942611, -0.0022764000454074678, -0.0005377760662891037, -0.009377819452227654, -0.0012009384735816348, -0.004021367030972336, 0.0006270804116702604, 0.0019526245217661154, -0.009502633483462154, 0.005406257507414185, -0.001398925851347733, 0.001559938333691448, 0.00603199941098244, 0.010067916549362137, 0.01203953119794991, 0.0012406171977622509, -0.0019249881190738737, -0.018344977043661864, -0.1144563075483451, 0.005879850259481568, 0.007847589820691185, -0.030192052968325504, -0.020438784947411255, 0.0017579548787440469, -0.014219028287924066, 0.002758910506450152, 0.006181914542499186, 0.0020796792027030033, 0.04023334454032552, -0.006197565967199321, 0.0030902138162329593, 0.009827606221812292, -0.0049125559481700545, -0.11825999094338052, 0.007898230213289014, 0.009123976248999884, 0.020224653904743987, 0.005583272312739439, -0.010407418916929475, 0.008225552220344831, -0.0034866413937871456, 0.0012359124456720611, 0.0030569584781290956, 0.03905473243103112, 0.031631645837511525, -0.029511381921935146, 0.01135808590672135, 0.02241358067684519, -0.10511178952037811, 0.008184438921295754, 0.017309862599137655, 0.003676057966034047, -0.021829685916041997, -0.0027867901335150904, -0.0024954189636860655, 0.011209235376189635, 0.015130972411518182, -0.0445047163727395, 0.003492991922066284, 0.007639147277505055, 0.0053369760412366315, -0.006533991226718329, -0.020315287624716585, -0.12389857163612698, 0.0067974633175497436, 0.013775257472263975, -0.007665811903338117, -0.027359495950535193, -0.020643509343234712, 0.003248099008996719, 0.004974213037012964, -0.005595519961761975, 0.016830179859075554, 0.024295283225496195, 0.024651378038111082, 0.01988671048689189, 0.007276355683272734, 0.01361970923881558, -0.08862312771515791, 0.017906940373609986, 0.019259379367669454, 0.001933589602510994, 0.021481973772060178, 0.0024437415147943635, 0.012080112376544843, 0.01112047634428009, 0.001994593564073182, 0.011755934142894619, 0.010572612879547007, 0.02747685166377924, -0.0023321831363318983, 0.0018796192027021085, 0.005250515404424128, -0.09000317553783031, -0.004088462103899038, -0.010034104297403059, 0.005604457695626326, 0.021330754703824735, -0.003467987171923611, -0.002468415110874973], [-0.0637013880331138, 0.009569465250349643, -0.04532100880672592, 0.03000429521348282, -0.031084528333278058, 0.0011381287218403013, 0.005148250333885355, -0.015060200251274188, 0.007625976244770794, 0.024069591486978143, 0.014033453372504022, 0.1730676970805499, 0.039428941150021275, -0.07109042622221691, -0.10563075665581322, 0.008092942914925502, 0.008479961933056798, 0.0027289472689057633, 0.0010358505949019314, -0.007986727972791138, 0.008823558370592042, -0.004017916938986999, -0.0015637164416537274, -0.005233680931079029, 0.0007828736807717995, -0.0019800713855817956, 0.01799179139494854, 0.003962782356208551, -0.0026040393714683477, -0.0021162434442912868, -0.012462662987255943, 0.0040806037295756156, -0.0003911255678443675, -0.004886838122019117, -0.016280890818710182, -0.012353230228784241, -0.01728596024742325, 0.014257100945206614, 0.0021409380297857735, 0.012768846970677362, 0.019618516056089937, -0.1183454954983593, 0.03597270484874392, -0.010087669126210305, 0.020384605715679894, -0.0006596180053960524, 0.005645521703442126, -0.039959091233817905, 0.015782900807790202, -0.002236473389871513, 0.0245653231247314, 0.03525845069951781, 0.0007504033294793116, 0.00648181031868054, -0.017465978353770607, -0.02109863296401249, -0.11112475886171186, 0.022947790384251567, 0.00839117055589824, -0.008845335251803806, -0.029950973178267552, -0.001784404807350922, -0.022524639374095445, 0.012502243185681643, 0.006377891864975833, 0.005453386276528696, -0.028362762586705195, 0.012174174794587348, -0.012577494631274963, -0.02575413948675202, -0.010590293606513226, -0.08979981629626065, 0.005727158031613866, 0.018411418264177117, -0.02128543204295151, -0.0007897853158013072, 0.012197096203761016, 0.028216956582719766, -0.008471932301574581, 0.0056815763232963236, -0.022877462069745735, 0.004343811650606461, -0.029684599850221517, -0.01675512800400185, -0.014990830203962859, 0.007029041532901475, -0.10411467367423717, -0.03499070933800309, 0.022855094898166305, -0.006218508897769766, -0.054941673529156534, 0.010837409559672117, -0.023325553822638425, -0.0336230449431757, 0.009379005347288144, -0.012658175162529794, 0.04213293658140454, -0.008039793367658856, 0.008867904132536557, -0.00510898145894253, 0.023442094707978933, -0.1233751695974885, 0.01844945558508549, -0.009068623937065725, -0.021823751469958543, -0.01621091878751585, -0.008048203879234602, 0.0033063648818211213, -0.01859538161309844, 0.0022306935770613793, 0.014207198206427863, -0.01130409978680847, -0.011948104511701212, -0.008115540981723004, 0.031005241558778686, 0.032756100964961, -0.11336105336652716, 0.020847982133035712, -0.010775615547737784, 0.03322480334025406, -0.011305731841021535, 0.0025059388029688655], [-0.026699925747934512, 0.06235547322474659, -0.058407520709288195, 0.04658787285811253, 0.011358165949326763, 0.020481919849221375, 0.0672761013883223, -0.014393802789679586, 0.004711315944991215, -0.04965848974620576, -0.020388910425201932, 0.039428941150021275, 0.7271004304195262, 0.01311689607975379, 0.11407342358735671, 0.010847967323085003, -0.0015966025684271284, -0.0006115277372372198, -0.005679886937985845, 0.014662064783533527, 0.006523876452144385, 0.003491237020633036, -0.008763720853983645, -0.007460484370349926, -0.005102510520110633, -0.0014830537686321254, 0.013248803275040636, 0.00017736812659785672, -0.00879903154214904, -0.009010944117249925, -0.0064587777217611315, 0.0018976833381312776, -0.02925420989202716, 0.003730097885747492, -0.056895227440227084, 0.019450200920258152, -0.031245840312626953, -0.029176637947668765, 0.028522453613140153, 0.04216218020051611, 0.03484435500233926, -0.0003371323853333509, -0.07582685699968393, 0.014291580211448881, 0.007013962443261048, 0.061874714345269664, -0.06798229132452507, -0.02352276051630894, 0.04575074349048627, -0.010819215298335056, 0.046201232524003634, -0.012598323153044811, -0.04228412878480717, -0.0028088824949639153, -0.0029516631721603396, 0.0088274565657471, 9.149165177312612e-05, -0.09681524950145334, 0.00023136480007980405, 0.00862926238046643, 0.0009132832551161881, 0.012435807708694279, 0.02025331072145827, 0.013544834298596459, -0.028686011502727902, -0.012448106638751177, -0.05857519658847843, -0.0005100765901650738, -0.00196356043756877, -0.002253013074946937, -0.00011379684642641265, -0.014247899904998904, -0.050970954289401356, 0.03321491590844314, 0.08207758558802693, 0.010656390917392792, 0.0006506579914107274, -0.015406554565214817, -0.020359812376526162, 0.017296566323726364, -0.046489393717664744, -0.03116266800278223, -0.041987936470906796, -0.011720566258145392, 0.03084881395196094, 0.039385776859303535, -0.015315995042435002, -0.09001474598232782, 0.009219021826261654, 0.06347576317629003, -0.028715700270166886, 0.006464359431852641, 0.008177904415833184, -0.05266370546229648, 0.03041712441458936, -0.04109964506370153, -0.011048560983162451, 0.0012583644157379962, 0.021257484811319467, -0.010784026469460894, 0.03721914225614762, -0.0404474501002749, -0.013732152616992031, -0.02108039217299628, 0.04243477081506227, -0.020002338293449266, 0.032106188222243606, -0.024761208387638928, -0.002361083849506971, 0.07179965649734714, -0.01614356518538696, -0.03165193755967445, -0.01873414437696195, 0.01602687595604926, -0.04788870466257095, 0.007888648038612531, -0.02328914493379862, -0.04807790166689865, 0.004837915773593336, 0.05544561091314806, -0.011086816721702778, 0.01174395523308466], [0.019840482641791734, 0.024591749368374372, 0.04698417876716073, -0.053438461783183136, -0.0041922964633277285, -0.01668745798364596, -0.012743958006644655, 0.00029525131289991915, 0.0012939109620629305, 0.013262743919725636, -0.016737389242373724, -0.07109042622221691, 0.01311689607975379, 0.14391477015219964, 0.1862240019862807, -0.0029107203297727966, -0.000743419327011104, -0.0035525829068656996, 0.0057326057542529466, 0.001677894657012141, -0.009274897907190214, -0.003229165970802608, -0.005672672699504869, 0.004783007755185608, -0.004620655119275018, 0.0003260439560546058, -0.005990612537693788, -0.003097094850806108, -0.00029176013754475034, -0.0016299355339662108, 0.01187269794323082, -0.002778178416945202, -0.0037132389603558905, -0.010423666207691602, 0.013558402345246048, 1.131879879927212e-05, 0.027135737514310615, 0.008270529290887306, 0.0017689460196368648, 0.003269426807725511, -0.020199965091215157, -0.003979187966175086, 0.002226491774775848, -0.03478275921357151, -0.025496257618532515, 0.012609222832586796, 0.003628161830388299, 0.018729695772362616, -0.011739906607798875, 0.04008802659134972, -0.0049877499875505505, -0.007706105889365581, -0.012787959738585031, -0.011465055219955543, 0.00173917020409826, 0.03288156314468682, -0.005591271901208643, -0.021956577124611538, -0.04756631991943072, 0.016299175249236773, 0.024577525173260117, 0.00966782580072523, 0.044295837884050185, -0.034692007546971465, 0.020856436565175603, -0.01642377241633875, 0.00915183621399867, -0.013734282033215486, -0.007815152016689085, 0.01412527881273272, 0.008416325250853474, -0.03276900770858939, -0.022078437393696967, -0.07046903896736263, 0.03542712401756856, -0.0020067969873723518, 0.006053542665347243, -0.006209605801732294, -0.0075907236793020475, -0.002791307984832512, 0.02415071692323462, 0.012091489165246709, 0.021990736786353042, 0.005284930159472313, 0.015103958883546322, 0.009864646839226976, -0.011446045383395092, 0.024284550577531747, -0.07352071587781998, 0.0074686373392078165, 0.025389055300709805, 0.0069299654611623095, 0.026116048318645523, -0.025438297895054585, 0.013480761069172566, -0.0065174483892126945, -0.0031711037535443755, -0.0080574716136573, -0.013788023651581372, -0.014473709357749517, -0.015152676830692307, -0.029680184980625732, -0.008517251433123348, -0.05641151093205868, 0.028326957370342763, -0.005438075424883325, -0.0016510881210600626, 0.028774989118309318, -0.010362249237157629, 0.011207694831689236, 0.004591297996545464, -0.01953775520385534, 0.016156830309989007, 0.013506708403505511, 0.01955928308103454, -0.019761865677586005, -7.86334659224298e-05, 0.0047999620580714076, -0.041198348461026255, -0.061536390169565296, 0.010526418015171835, -0.001571530777337999], [0.04509463590531674, 0.015840394859800266, 0.06581849203890874, -0.07253831083939667, 0.016152961350175223, -0.03271056242493336, -0.010386643709252139, 0.02843411128640617, -0.006136800389874919, 0.005232522571584953, -0.027170667592663462, -0.10563075665581322, 0.11407342358735671, 0.1862240019862807, 0.2968155026293047, -0.0022579395124343767, -0.0022208870339335113, -0.003919377036368361, 0.008703366002124211, 0.00423454866272421, -0.010191828869444057, -0.0025336150282209524, -0.009644451309786826, 0.006634934942832995, -0.009000694502424113, 0.00027807257448901146, -0.006798840647132433, -0.0056862031398724495, 0.0036201350204240882, -0.0005208266458502657, 0.020363078291273155, 0.002188757748644692, -0.01221381976805342, -0.013022140282850096, 0.011575832282187452, 0.005974170046589268, 0.030644872448513338, 0.010778984157334479, 0.013199764577924582, -0.003782188758522453, -0.026477946879577025, -0.010944239646368531, 0.016215887070658346, 0.025810554369587898, -0.05630505627058921, 0.026449562913995698, -0.0003220915347010115, 0.01727334818051611, -0.012984709443716939, 0.04448261928918735, -0.0057538631897229115, -0.01831863475674516, -0.004176712701014929, -0.005357811214761301, 0.01595378774325777, 0.03749229592364396, -0.0072437541712286075, -0.04058723675186563, 0.001629677645448701, -0.0013862471991098256, 0.05369582172423817, 0.016601290065880174, 0.05659795145857134, -0.03815669918532602, 0.0077761821287433116, -0.020342854189484415, -0.017564631983869875, -0.002269577975935053, -0.004907373132949425, 0.01862596940365884, 0.013128756362922338, -0.05277570303092117, -0.01998142631907395, -0.024362019979555935, 0.04294462371331348, -0.0009361644621165939, 0.01770870897653839, -0.020058108239489475, -0.0249287340842888, 0.021831055569904778, 0.030461039344943992, 0.027224281041121286, 0.027983592518649097, 0.021438737719456903, 0.01702035285608113, 0.01027633081490992, -0.025863143502672298, 0.03324960704522758, -0.03