{"inv_metric": [[0.5513488511586718, -0.31657605960353824, 0.1277629905877651, 0.28340211849978203, 0.007500394529651025, -0.006360541288518521, -0.03626137228397598, -0.049841535718853774, -0.016615409316746096, 0.015221161303141086, -0.09019450154502352, -0.059887906564228495, -0.04905008176454985, 0.008443710462814466, 0.018121876756307057, 0.0015383000983256836, 0.017409134279284658, -0.01543206104350662, -0.005078127941321038, -0.01187174605920206, 0.011599175481181544, 0.005236303443770644, -0.01113373447376506, 0.013278036924902535, 0.023631466724380476, -0.0034395981208068306, -0.007556921685817369, 0.01443542770915386, 0.0066776888624570305, 0.008027517785880144, -0.09845822244311953, -0.03174124123971206, -0.026792245506523548, 0.039120495656340085, -0.05339374567131191, 0.0050644987516748115, 0.08129966771488165, 0.018728573360847982, -0.005588838176015008, -0.02179990423920274, 0.02083526864874202, 0.00029933967038883415, -0.04677112007008476, 0.03327260130321621, -0.006197352438133264, -0.13297580798489816, 0.02359298868308322, -0.002044265573391767, 0.008660903217652987, -0.052993848487085785, 0.011505865847924126, -0.04069792984509788, -0.004217886184621054, 0.014143010316795171, 0.01784163356050743, 0.007546782858462192, 0.02080533173778924, -0.022882518832024017, -0.0025688027783182395, -0.02816986812874858, -0.09035603663100981, 0.00790876499322701, -0.016110609563742693, 0.05521430265450185, -0.039132681831559615, 0.018255382906858984, 0.03248212093161177, -0.051915860779593336, -0.016317545730327607, -0.02181523923200662, -0.019848743273904183, -0.005920064315972028, 0.011485144051017776, 0.028771418685737862, 0.0009215086885358588, -0.05751906304552113, -0.04627060999503696, 0.0003834133760082302, 0.07410151991428826, 0.011886788973258223, -0.05520891726197947, -0.02566079525431397, -0.029210510540080746, -0.028363943887154366, -0.023977726587350517, -0.017134885376712254, -0.016026564170152347, 0.05862618016745633, -0.01569718502646894, -0.026770845544521724, -0.07049600593379943, -0.11544123921993195, 0.03137065690328977, 0.029713348028885433, 0.04219845092217316, -0.053695980697726416, -0.006958697288965016, -0.024483550043566157, -0.029934542113576563, -0.01987983108519236, -0.00943175182803915, -0.015343994961187093, -0.08466872148492996, 0.026907227554757378, -0.027629298310817348, -0.09826666967306574, -0.03229262106977658, 0.015948483594097982, 0.03297104881574086, -0.06057323792161069, -0.004180573664109975, -0.04866526205133544, -0.030683816293253792, 0.025185945714840206, -0.02991970657325611, 0.01083061259581127, 0.006475327313146115, 0.013217470653084524, 0.021802528073518762, -0.016078181420671196, 0.008866874661702271, 0.005343682063389825], [-0.31657605960353824, 0.6161886586648943, -0.147100129699975, -0.23431624020459252, 0.06892237891618254, 0.045071725546081486, -0.016863241226054888, 0.034134518826323186, 0.01627142359685033, 0.014633155940541468, 0.06854401917803858, 0.014448502816364572, 0.08842029378457934, 0.025045997917996138, 0.04371552639914802, 0.005823868574973054, -0.015976503207482545, 0.002740940878697867, 0.01460945675263563, 0.013540049227709005, 0.00528411712009838, 0.017332536378409483, -0.012174046957987865, -0.0016208483431407687, 0.010322607310156601, 0.0043532370490396875, 0.011735322668591555, -0.023828942815025927, 2.7961599037057037e-06, -0.015601157967791136, -0.02918002243853999, -0.06496266024328791, 0.06175190616309168, 0.044468729908012254, 0.039821646099199255, -0.007957381577057266, -0.04517786928759133, 0.006717513250468573, -0.011849459834767073, 0.011187823614677576, -0.02724164644425002, 0.03062404177722773, 0.010332758479227913, -0.018666400403012703, -0.03224804926598528, -0.0016885110555342427, -0.028471059175579353, 0.011806247118216127, 0.03370404100227136, 0.03970342917810838, 0.009865627706673345, 0.04115378367913202, 0.014509183726761628, 2.077858681178151e-05, -0.09702854026588975, -0.021627350880657984, -0.020871033778596264, 0.03826738035448416, -0.021406152195500346, -0.0026367752677884286, -0.02775622827801119, -0.008195997400003775, 0.028911055049031582, 0.03303374012946576, 0.05044763775761902, 0.03030465249217888, -0.019861251747358533, 0.051197136943939216, 0.013557158390162815, 0.003053845696347654, 0.012519723150095583, 0.017218553819048254, 0.018540262879257082, 0.014358283454783426, 0.020685886939103636, -0.047481220914506836, -0.03466727635714121, 0.03488362455814103, 0.007635225945256958, 0.005682986886010022, 0.05541298611661367, 0.04310028169748342, 0.01124104460160805, 0.025934190098410824, 0.06294418513389753, 0.0011985897559674426, 0.014510293541535216, -0.09055568167929139, 0.0520181207285871, 0.030665559111874942, -0.055538098906878254, 0.039722148739933766, 0.028035409091865533, -0.02221420601008533, -0.06303664329558926, 0.034947458555922, 0.05721878212798682, 0.05446029388003656, 0.031674368519543535, -0.03360206612083658, -0.016835773506959577, -0.021536098655156603, 0.019498585775535798, 0.005205793843855664, 0.023979617721007443, -0.024683954988532906, -0.02226725657496768, 0.020176869395686147, -0.009378446566710578, 0.05454519256626578, 0.02514864116342779, 0.0027808154995400203, 0.07664864095941883, 0.009690007905496366, -0.005563692854043872, -0.029667588483687075, -0.01457715075481299, -0.07731456329100567, -0.005031924204448374, -0.0004289666323158222, -0.008041035827622696, -0.0012888463753969195], [0.1277629905877651, -0.147100129699975, 0.33009511584526197, 0.023720114727661244, -0.016312422705238642, -0.04886769189052681, 0.007360247675228367, -0.03905666383423088, -0.01394128137617693, -0.07276830983268397, -0.003238259048264395, -0.03621339246122831, -0.02723032396472629, 0.033610373188179055, 0.04765356029673192, 0.0033592863680789653, 0.015122095059839557, 0.0025670517052743657, -0.018388402725879115, -0.006538025913673298, 0.01693169041851799, 0.006418220491101483, -2.050212522657791e-05, 0.004190944319869383, -0.002705235742198387, -0.008943062073881188, -0.014473195237963586, 0.01771478309681541, -0.0028434571486097987, 0.0028634714893752914, 0.036613904471093604, 0.042781125575544546, -0.07340958292859047, 0.03920817841582461, -0.04549931794624478, 0.023692549784479433, 0.04760050296138734, -0.01264680054481612, 0.008294935778617086, -0.008826755583134775, 0.02367842271089247, -0.016003594264599727, -0.0419299735345488, 0.026637359172738163, -0.005812369778869587, -0.01543049670370916, 0.02336862863493159, -0.07964317660206094, 0.03271842024173249, -0.0002004513259472099, 0.019240059494055148, -0.028215635038944583, -0.009195333884773813, -0.005337914486946016, 0.008721032769498697, 0.0024255793375586978, -0.010155988348066091, -0.0573355618688304, -0.010903431585090837, 0.006487530801554589, 0.05129821489775537, 0.00124779496142241, -0.044442199920877015, 0.042293484448410634, -0.007137424551144361, -0.026689885816000323, -0.012308418023644565, -0.002070914924515376, -0.005791243054018257, -0.04706095669549012, -0.013565991202901218, -0.04083093633778858, 0.007904950441617131, -0.031144657969715096, 0.007619076447207594, 0.015989970179415565, 0.047078377246324764, -0.03812107679323571, 0.020463117668348036, -0.035238125810064136, -0.07858073665087813, 0.020344608960686624, -0.054240113056676295, 0.008923990685275666, -0.0192590692200678, -0.025728530838315854, -0.040370064553908305, 0.004240180013347435, -0.032403246193584555, -0.04150844649901507, 0.046042369893638795, 0.013372834569196058, -0.05943570381703239, 0.0512015711951358, 0.00042336259768919923, -0.007839410489892151, -0.021930409023576108, 0.012626985769787148, 0.0003941005101672782, -0.05163762190999875, 0.018907760597237377, -0.006775847191577744, 0.00537824465266248, 0.010185813438110133, 0.028778760271509902, 0.01261318489311033, 0.03303849857759741, -0.12712143885829563, 0.060310916135267616, -0.048766228244797205, -0.006601111491663026, -0.043957296222545746, -0.031091241036268674, 0.024142626263708316, 0.001905752351080038, -0.012841055244132052, 0.006432536795701396, 0.048481369584429494, 0.01882626388264349, 0.032948137618745446, 0.002634964918677755, -0.0014011885829610055], [0.28340211849978203, -0.23431624020459252, 0.023720114727661244, 0.4354393816935119, 0.01338818795928833, 0.02541142421333935, -0.06688274629769769, -0.05849929612604133, -0.016987759769987225, 0.025428995168563753, -0.06371649068292701, 0.007019625739184929, 0.02128776826412899, -0.06905877078971037, -0.09450639807865033, -0.0027577869497991195, 0.009017631446960762, -0.02023460527506118, -0.003788561015133349, -0.011910526500410462, 0.02370524296770922, 0.0011462482694992975, -0.009788872530756705, 0.0012653383180751881, -3.39010431085956e-05, 0.005361477391464555, -0.007386466343972737, 0.0006081575565037911, -0.007229180208320225, 0.006526089531073028, -0.011830606301383153, 0.04080200145465839, 0.03477739246678874, -0.10417769121676795, -0.07545648511813441, -0.002169960467034883, 0.049914099100598276, 0.014523310010813624, 0.017539105498642397, 0.019712518733117666, 0.05235729477743452, -0.0021189828478888778, -0.013088727718484287, 0.04064860161045168, 0.0427284584254009, 0.00537890823938202, 0.02972643463206398, 0.04658544530714125, -0.08899554467858757, -0.051256486444211456, 0.019967560998806543, -0.011281961097124557, 0.0300287633503548, 0.02227053457376024, 0.009007145195457615, 0.02447102842380123, 0.013259106147736207, -0.030843345667438075, 0.055754890654147404, 0.037807877458853736, 0.011107717491980605, 0.03365523375172877, -0.00921102612991656, -0.04739516446929119, -0.030757084962038765, 0.01287573586226003, 0.033155549728279825, 0.02735507999536289, 0.023659963270146137, 0.02248119473846951, -0.013892816503999653, 0.03275971552909468, -0.04194759839834284, 0.06661432426232676, -0.058817550682366604, 0.023878714703306297, 0.03691248572919467, -0.012627201080602734, -0.035104116012978644, 0.07280653344601462, -0.007747870290393994, -0.029856619928756805, -0.0194145293858269, -0.014788430547617675, -0.005968581360528486, 0.0006544982859956923, 0.005328736008189922, 0.026464878662460174, 0.0420440537718422, -0.005733103282555777, -0.011465792407049305, -0.03408155173602634, 0.07484136021936423, -0.10371888893790997, 0.029210857323754835, -0.045246651284562796, -0.04215157751477077, 0.012974032352563553, -0.0010157633291805687, 0.03199398417461113, 0.010870299940634902, 0.03353803023301301, -0.06587665858117624, 0.040550759635577624, -0.03503154560495641, 0.02923801774705737, 0.04295590168260251, 0.08333727203782226, -0.09594767532722649, -0.055124182587994855, -0.0178136496450947, -0.02427980997611656, -0.06207626625384167, -0.0007114789158140894, -0.03465498466038206, 0.01457643229263894, 0.0070014571049044775, -0.02082391086690448, 0.018376864569867514, 0.013266894169123113, 0.0015781186680035517, 0.0054001703423163655], [0.007500394529651025, 0.06892237891618254, -0.016312422705238642, 0.01338818795928833, 1.0106108252220436, -0.013962262085500821, -0.09101341500017204, -0.11455971933315297, -0.007449305730369883, 0.02895320372616289, 0.003363395486790751, -0.018965276319632123, 0.06245902503282063, -0.01808555056430253, 0.005932135256109301, 0.003951585343966909, 0.009836258747896941, -0.020047634815312364, -0.027569035431511693, 0.009897872463295085, 0.003744953415824255, -0.01945958351868978, 0.009139936182288606, -0.002851715900143769, 0.018215185556984533, 0.007071096462521637, -0.005095246462765817, -0.036127849178308, -0.02435923497866954, -0.0012328014922237602, -0.04241813012061193, 0.0016490737537587083, -0.007964316780590348, -0.004640868239113716, 0.0027200409637651705, -0.019742524909747917, 0.02897606466707348, 0.010399368619001587, -0.01101731071408734, 0.0031608643708344914, 0.03207104317509952, 0.03366297958856589, 0.08099765440764675, 0.027988454584495913, 0.017382735766411646, -0.016171690289558602, 0.0030186322252360284, -0.011614289965527604, 0.010375980436111891, -0.022467750573852977, 0.07592467235590825, 0.05833730223293879, -0.0033481673515302047, 0.04964591115950623, -0.05208494677451298, 0.014799018163311778, 0.04265622192072399, -0.034612125652977305, 0.07008760233585967, -0.009913537593092568, -0.012727187748693665, -0.027532334521989058, 0.06777018371269766, -0.012207685539604161, -0.03208040164820807, -0.007357506809594138, -0.04833113055049049, 0.03357532460558233, 0.04081822033069249, -0.04700697996389992, 0.0009471964738723997, 0.04433570523605243, 0.019275264808101163, 0.06688299091452735, -0.018781063098225782, -0.01324449800717739, 0.007625598908984744, 0.025634056089290518, 0.01190724777424413, 0.005097351860279248, -0.005367900116350314, -0.023918267734910206, 0.03930402935207, -0.007486039056533629, 0.03443502891474943, -0.0058720651086168136, 0.03526376875157212, 0.0375696821301043, 0.017763427720001376, -0.02578829574394296, -0.021813678933434458, 0.0073636560276329486, 0.03543451736096786, -0.03273183049925822, 0.050846314881848965, -0.06290952053467479, 0.012807517265482158, 0.004291543255005598, 0.0171885165701547, -0.04366729456272687, -0.00948254741919662, 0.033711604976184924, 0.05620864980175837, 0.048046952514239565, -0.0560341057864617, 0.05251930263485034, -0.06281277580395601, 0.06506251181329512, 0.010489167073815475, -0.06855281034750983, -0.0056878722622526945, 0.061398579756313056, 0.022367716432120845, 0.030090977418361673, -0.09558243677751922, -0.04439807142551898, 0.024647533667564416, 0.03479248516958971, 0.05776493270465406, -0.007617121247654001, -0.0095589332305953, -0.004102196736170219], [-0.006360541288518521, 0.045071725546081486, -0.04886769189052681, 0.02541142421333935, -0.013962262085500821, 0.5390276184855285, 0.0557557076488787, -0.013696639822786197, -0.005008772869211844, -0.14447112159408834, 0.09276831171360753, 0.008536120788597171, 0.03341341798266767, -0.015413446882643055, -0.01231405193824331, 0.000177406607792823, -0.011979834276016253, -0.0019573274076948623, 0.002759548684578343, -0.005726530716693939, 0.019719518607335132, 0.015251032072503537, -0.01573739531303632, 0.00886796712996288, 0.01070335351828886, -0.00044184426058458645, 0.002131405979408971, -0.0034925594631481896, 0.0013653305604413898, 0.005701327537083073, -0.0018151394906613869, 0.010805070645397036, 0.05252810185369056, -0.008006283758533581, -0.07519475998440199, -0.0510845327737928, -0.06473233172788957, -0.01756621445509542, 0.003582390720483097, -0.04173059410311183, 0.025027962422240667, 0.007344602910800397, 0.03595052098008108, -0.02036414838886728, 0.0019800092488714287, 0.019834807465539492, 0.03167625619715252, -0.10049584776446592, 0.041792895794122514, 0.010206801622445891, 0.0011468963718807028, 0.007711537571174147, -0.04811023324271136, 0.012140522967353684, -0.004726488260120978, 0.016598606289572368, 0.0215026339562504, -0.01609479736790872, 0.03449120289086363, -0.03210909955914718, 0.02807789972954023, -0.002498156995305339, -0.009797199643187432, 0.04608378388525524, 0.02763916362250797, -0.007606281817763777, -0.04702776170991233, -0.04513238219309663, 0.013912199139581376, 0.042713560910937205, 0.001884014704798737, 0.019901867871488548, -0.02063762373318859, 0.04581731987398935, -0.020211265631130362, -0.005893252609305903, 0.02248910732339965, -0.008934587134614912, 0.013055822535466789, 0.02381463678117973, -0.02564388440808055, -0.03393840709260503, 0.043352710458572266, 0.016845845071944716, -0.03876753357191354, -0.0013630575165668477, 0.011275705144877635, -0.012864094748638102, 0.03212871271990735, 0.001298441578994326, 0.02095067441609318, -0.062131750469869705, 0.019215103984362, -0.015031203348489628, 0.06704441197217972, -0.00029100388374726565, 0.05640457268537844, -0.007919805325865451, -0.012828451582628414, 0.012157872886524472, 0.012696436033856586, 0.016417122772267454, -0.026778860067745068, 0.006255432253181359, -0.024129884334007947, -0.0034287159511756774, -0.011497835399871155, 0.019218360303768393, 0.003625392252440471, -0.08802644148461831, -0.014775040978517081, 0.054151262694963134, 0.04901963464532005, 0.0073058718546512615, -0.054831890556993966, 0.027596349992510438, 0.006707200170828036, -0.018544299956638394, 0.03016654257989326, 0.0618301831972009, 0.002736803119323949, 0.0013047187240362856], [-0.03626137228397598, -0.016863241226054888, 0.007360247675228367, -0.06688274629769769, -0.09101341500017204, 0.0557557076488787, 0.9041951454615167, 0.0740364884713394, 0.0007061927655366987, -0.020724416109923514, 0.017023437656605113, -0.0005077679344188914, -0.06028217361464944, -0.00602765488363959, -0.013109178980063875, 0.013276777926200826, 0.01395133815510532, 0.02066567903197183, -0.0024454678432616565, 0.011404542491154196, -0.005475017271554154, 0.009267485393174403, 0.017889477665835027, 0.007674145693066303, 0.008554433999079122, 0.009424478971340418, 0.0032124977371797247, 0.012998056381821822, 0.013826659151416395, -0.0008976501599080734, 0.00433825163716828, 0.015842129714766857, -0.00210914537816133, -0.02649324706348548, -0.09440788196623282, 0.026389415690967522, -0.069373191938505, -0.027460597173079835, 0.01680354352730384, 0.017040801307779657, 0.012155559605030957, 0.002907818994256555, -0.10315607493907261, 0.010258954872817834, -0.045452985323656554, -0.007441162973506988, 0.027861143559028474, 0.0025931184970781197, 0.022568368446504703, 0.028729959014847924, -0.05060894990114605, 0.03285513168091772, -0.026394826859057512, -0.016518212805795286, 0.03775386693437847, -0.04942889760707006, 0.01626959585820884, -0.05778002082409066, -0.008263078655589323, -0.06359142940228182, -0.05359034288674133, 0.03383920267879327, -0.007681084268754748, -0.017850285835881635, -0.01241541415783124, -0.013168143191888124, -0.026957283917676596, -0.04531562096770002, -0.037606635592809336, -0.009926328795357101, -0.01299486926289618, 0.020189513091692635, -0.013660463316478522, -0.019109241988113833, -0.039634594317836246, 0.05986793043889301, -0.028872384470221613, -0.011331229734542305, 0.02369929075312926, 0.05708746138645416, -0.0010436360819743432, 0.004728589090205348, 0.08973052455342367, 0.014695658681012882, -0.024828700853205887, -0.0074659033159864, -0.001037758971980925, -0.06816710917607167, 0.04608858218940569, 0.07671047987191665, -0.052288702205474484, 0.04226389198396242, -0.04090947370072771, -0.013180214604845546, 0.03772159285730625, -0.016620188025178503, -0.0871324476916581, -0.05509693633351864, -0.020573953236138566, 0.02089265438956611, -0.006663343551351308, 0.020689841823520506, 0.004173433221151538, -0.014386676030392443, 0.0176843358760029, 0.043365996797603404, 0.014798394551867263, -0.03534344676192182, 0.05905153493215196, -0.11158867169637356, 0.01624943967021601, 0.07644582780376519, 0.04391656528519153, 0.015157597960360985, 0.008712854107851489, 0.016859930663189426, 0.012656495019707626, 0.03777835303843313, -0.02728935011379087, -0.021459050734744738, 0.0003103848590003975, -0.0017332138846119234], [-0.049841535718853774, 0.034134518826323186, -0.03905666383423088, -0.05849929612604133, -0.11455971933315297, -0.013696639822786197, 0.0740364884713394, 0.91742373982259, -0.006547156860980245, 0.03135151400092742, 0.008503360400146041, -0.0022999407921589134, 0.01371648507721689, 0.00661089862261269, 0.04432715325599741, 0.014743150433319915, -0.017457883678110582, 0.003145986434997656, 0.004116315240648244, -0.0020295521110960265, -0.04857732495488166, 0.018585646693500806, 0.0010062041848322464, 0.002203631806742975, 0.03295970457289286, 0.02466304856576055, 0.00030052948207261344, 0.01578383916246364, 0.0011627992417167117, -0.006897976000759963, 0.08205925012803891, -0.07150563661706033, -0.008495102505900867, 0.06689435671575952, -0.017013792169020738, -0.030929199559603004, -0.01885581128954332, -0.05913112620370016, 0.01937737588226181, 0.045903603013808705, -0.027587382194169563, 0.0006660604515310937, -0.09275962754544523, 0.030595943566686032, 0.016530107881093534, 0.029773365296320287, 0.017330269197993763, -0.03637993535641951, 0.0033950936237830097, -0.013582076650636907, -0.03304273098434351, -0.10584456577881494, -0.046686313040986936, 0.011261733469500284, -0.05392617647348291, -0.040621249367148934, -0.008673427349658128, 0.07341565065880908, -0.040794619945506844, -0.030171398362554013, -0.034541373682638994, 0.019291731633762375, -0.04378408753408534, -0.027518221171087244, 0.04969470072453804, -0.0002855231790494787, 0.12460259506124509, 0.03414403430002268, -0.002315999399968458, 0.004816122545234787, 0.029430467524164148, 0.0033089843419084387, -0.05578884240001173, -0.013000827228203612, 0.007024307940283725, -0.013245915167618723, 0.008997407977567628, -0.020989980862635753, 0.03196407682654471, 0.020136651476623794, -0.010037261278397594, 0.029581930540544952, 0.01513901931422139, 0.03910459827453543, 0.0008036635684224193, 0.02136762668969125, 0.017946297034723772, 0.03720234064691106, 0.016031639127087702, 0.07090864810106566, 0.04390519681646687, 0.02482548944281981, -0.00228304424434746, 0.05703013528253114, -0.027250920984798206, 0.017479063078714805, -0.05126984528101371, 0.05136447618570599, -0.0032502961988740207, -0.019180828323107708, -0.03357520985977807, -0.01429851988825895, -0.023347117109981955, -0.037975722313268526, -0.009693130751734474, 0.029036483699632094, -0.0164964124648652, -0.033346192810871055, 0.0330739184868329, 0.0436951177651552, -0.01214085393180344, 0.07474880506183774, 0.022934525939403594, 0.025791169897396993, 0.06363575831608394, 0.015258342829978616, 0.025027206047920914, -0.012588690563709577, -0.042232302562387206, -0.07905736933896323, -0.00777697985260225, 0.002726285053663356], [-0.016615409316746096, 0.01627142359685033, -0.01394128137617693, -0.016987759769987225, -0.007449305730369883, -0.005008772869211844, 0.0007061927655366987, -0.006547156860980245, 0.0455658080516997, 0.009447355228752743, 0.0007721200255960399, 0.007008992177143465, -0.0012352241400539897, 0.0027426307276608645, -0.0046948778236635775, 0.0001883066580088316, -0.004627454406117473, 0.006077944077714637, -0.005514682465889948, 0.002625180194296506, -0.007571388918243615, 0.00047793583922134744, -0.003924415318567493, -0.005483809121185998, -0.00623440689836574, 0.002873073365553802, 0.0004960030147362455, -0.0012555199615381957, 0.00033693138630103077, -0.004433787915282423, -0.012567726513420094, -0.0026560857653614286, -0.0008608174314193222, -0.003124046188456827, 0.008877301477727494, -0.00483542859056765, -0.018861646390239507, 0.0004660064714506193, -0.08025451503711015, 0.00542508220392169, 0.004332164752031902, 0.000676242982357857, -0.00885387659794052, -0.006012929134878741, 0.015841415493552807, -0.008917862860431856, 0.0009780090738773924, -0.003411392919652441, -0.013622765120064623, -0.0071485639342805714, 0.0033758538791806977, 0.008178552855865278, 0.02512589232167752, -0.07259301878785619, -0.0074390667509739525, 0.002420083770765715, -0.002716631766221222, -0.004216541893170781, -0.0008742085631812643, 0.00858867638476013, -0.008675081949717701, 0.0025430805672057677, -0.0025839809609834808, -0.0008350181848729189, 0.0004618506960556883, 0.007821610577258572, 0.003747254200307963, 0.0028373434573488207, -0.0785497364477856, 0.00987461043994899, 0.0006061359173755728, 0.0007660814841542402, -0.00025171737634403573, -0.009765117229704438, 0.008942892830516594, -0.001162935830868979, -0.00015881633912848004, 0.008660961955185998, 0.000783753782143769, 0.002208580348484018, 0.012162849540995033, 0.003271991662561074, -0.006720249366653527, -0.07892490163538839, 0.0027246516550366315, 0.0033798228440842393, -0.0043324443152069235, 0.00490607453643895, -0.005844135777288521, 0.017387706773248746, -0.016699354763348873, 0.01537201568130721, -0.01080506451563235, -0.0011704443821733523, -0.01154894394929898, 0.012784012152241534, -0.0029634887085377144, -0.00380678357301086, -0.07351926819583741, 0.0042894707555883455, 0.0022927489492522365, 0.0002795338580861244, 0.0059212040164163685, -0.013049911749129417, -0.0037805187378240506, -0.022074302573040078, 0.0006621269075456965, 0.01283548220912085, -0.013254819943820132, 0.00099900466965985, -0.012605315185037465, 0.0015182468764688363, -0.012995513502449289, -0.07935855362203843, -0.01218603681726763, -0.003890767906625761, -0.0052245155665026285, -0.020740709027212076, -0.011624307175728729, -0.0025657630562416303, -0.0017923015170696434, 0.0017638105029154966], [0.015221161303141086, 0.014633155940541468, -0.07276830983268397, 0.025428995168563753, 0.02895320372616289, -0.14447112159408834, -0.020724416109923514, 0.03135151400092742, 0.009447355228752743, 0.5789355114291891, -0.05797660254364953, 0.036180291447514924, -0.05370511328239612, 0.03573545577158636, 0.02886910010976539, 0.012816146692032583, -0.013391463834461286, 0.019214173097118266, -0.004580469680553644, -0.00794356998125669, 0.050539508006120296, 0.012212422714530508, 0.010494687738906933, 0.008377226682852075, 0.10626437744746628, 0.00634434160744676, 0.013024568924154701, 0.027696057151776428, 0.0030421284946057277, 0.014912127046242517, -0.04728304327254624, 0.009634881337387238, -0.03475099364108445, -0.025227869260889716, 0.02887401028684196, -0.024144112423533842, -0.00885942062001214, 0.02316452717468368, -0.028177006094282406, -0.12538173677318556, 0.03073118643103685, -0.019846168476482948, 0.00949152007512316, -0.008978556354153703, 0.016642306609092786, -0.0030422504143831535, -0.008771964937102627, 0.024770841814855036, -0.029012018812194354, -0.06638898379671378, -0.08335138309562982, -0.05607480500948651, -0.006099843855164959, -0.014396359787423327, -0.11647290152070053, 0.02301521543158956, -0.024990733472264853, -0.030367745273721578, 0.036199719930375185, 0.03824417750445785, -0.010273081141989002, -0.025043861865136113, -0.030225097784306747, 0.000849524635258993, -0.04230148060871101, -0.04351940061346194, 0.051879689786766436, 0.019752217820979644, 0.0086382204746667, -0.09926642732822145, -0.033752994679168896, -0.013815420744871697, -0.023401035002418948, -0.00642305011297068, -0.03146697256162741, -0.050944297820317806, 0.02397078252679654, -0.035578513683923195, 0.0011915943615821165, 0.05624485770636187, 0.026420337223662986, 0.0026755535598213523, -0.04703693241219316, -0.004966006121423886, -0.08535158902663931, 0.03408968069214782, 0.005319697579992417, 0.03539910857285489, -0.005217039810476086, 0.0016354022854107562, -0.0014634333692406171, -0.023977666147451122, 0.03703620998572643, 0.0009842858273562793, 0.007084865446755463, -0.01371387421406031, -0.010407898841702581, -3.5808691019933264e-05, -0.002656825827409676, -0.06706571373961497, -0.013221232680636104, -0.06576134718364146, -0.023819620362475466, 0.006865910627363349, 0.032520103933862426, 0.009374612691964795, -0.012252238357624647, 0.026440536061156494, -0.03881187263096676, 0.09113890145712751, -0.08033877718061994, -0.009011538529930063, 0.003704024339827991, -0.005861319133238528, -0.10797909489289555, -0.027037885692586545, -0.054899950293826556, -0.02089004668646397, -0.011965360860885725, -0.056184584041935846, -0.002564485731952303, 0.009217497764882189], [-0.09019450154502352, 0.06854401917803858, -0.003238259048264395, -0.06371649068292701, 0.003363395486790751, 0.09276831171360753, 0.017023437656605113, 0.008503360400146041, 0.0007721200255960399, -0.05797660254364953, 0.13419944337055867, 0.0053543108346715, 0.014261180983427052, -0.005675667167425854, -0.010611466242300619, 0.0016620316545318435, -0.0007446743451177179, 0.0011784936823159835, 0.0040671981412211625, -0.0014843685848613835, -0.03302544909827895, -0.00938841442149302, 0.001367342645557686, 0.007187494521689305, -0.008965130630089316, -0.00959803830018362, -0.0025527568937483355, -0.005791622736339823, -0.00348778950623641, 0.004131527087222607, -0.0011824307454372457, -0.0014247606492178272, 0.016117683727488775, -0.0089013314094002, 0.010307343843436474, 0.020652510368724702, -0.034201095204952736, 0.00877446516464468, 0.016981719085713252, -0.03184777478608307, -0.09315744913019684, 0.01239540064730903, -0.01249092819563488, -0.013680853986094423, -0.010155845160047394, -0.006980284551208484, 0.037485972716884766, -0.03711295526511003, 0.011393718755369585, -0.004473611473142022, 0.038851901312044926, -0.011154964074344553, 0.006307185079918158, 0.005749989064540296, 0.004551579089009886, -0.08781860727324355, 0.008975448543535967, -0.009327157830678529, -0.009483673031147454, -0.02033493254611626, 0.0026458921960723037, -0.0012754721050569299, -0.014209253336983745, 0.00448219301815841, 0.021657486815728717, 0.01844107232689056, -0.02180710331468753, -0.006396495204089032, 0.0027957879575048372, 0.007972788392448561, -0.09226377960531268, 0.012299967196893016, -0.014343078342975555, -0.014296554839008529, -0.00546909141838897, -0.006084453684513319, 0.01554972548378349, 0.007882057294375234, -0.015421960045665406, -0.011164068096195042, 0.017737109993740955, 0.024092386328714733, 0.005317853521609446, 0.01968798553377449, -0.010355701613687797, -0.09167816016196809, 0.004841979333621074, -0.025803905136839913, -0.004151500314919334, -0.012637356968926242, -0.008453762507640065, 0.020112259969747137, 0.002043869327898101, -0.01800789487615788, 0.011397902588198571, 0.038675260598026846, 0.02086713561601851, -0.003961268588900418, -0.0043531528562686505, -0.012274823866134744, -0.08478613106791139, 0.017379255894639435, -0.02306708705359776, -0.018386556028263164, -0.013204275874094574, -0.008620551359644084, -0.004321296624084651, -0.008964790501797323, -0.007192557135619046, -0.022047430542753703, 0.01828613999851172, 0.017166763807260513, 0.014732960885622938, 0.0009667608835006398, 0.004311131743139435, -0.089702287457399, 0.010378666206731061, -0.012308100092178349, 0.0006497481117112441, 0.032852569215417106, -0.0014450339515079307, -0.0024507053574152754], [-0.059887906564228495, 0.014448502816364572, -0.03621339246122831, 0.007019625739184929, -0.018965276319632123, 0.008536120788597171, -0.0005077679344188914, -0.0022999407921589134, 0.007008992177143465, 0.036180291447514924, 0.0053543108346715, 0.2153087672836375, 0.00484120308202579, -0.0732083399105448, -0.11945511547193063, -0.009132686684009142, -0.008620609713294243, 0.008077851446167085, -0.0049398859229396, -0.0010128950073435194, 0.005996600260950092, 0.0083813971300317, 0.01096323509760262, -0.008180804472390543, 0.0013766323803651235, 0.009205165295838627, 0.02598248611137749, 0.011128950763034886, -0.006861878310367552, -0.0017101072428493168, -0.042752368558700786, 0.00017080815646952358, -0.004597643002027596, -0.021952497888125866, 0.009338590283422247, -0.017891533284111354, -0.08441998392506513, -0.01105706825813165, -0.010398851711176217, 0.00294022287739915, 0.016953251593837298, -0.15756541804678748, 0.00843155043574873, -0.028613969027054525, 0.009839442702439163, -0.03618608766586857, 0.004531348655042439, -0.02602982893529705, -0.004941076854075793, -0.0016413026420763223, -0.017674713097955607, -0.02686888211220376, 0.03356823057108271, -0.0030904627044457066, 0.007577901882499992, 0.03127885878117056, -0.15185561078725263, -0.037013262818012004, 0.0201252706523966, -0.007957788470813812, -0.042859043071667755, -0.01566607016392541, -0.02956563341753932, 0.007565750735283555, -0.0023156761749384028, -0.014279367711797034, 0.011294123998681663, 0.02157604222553889, 0.0031974046081343697, 0.013790350984496297, 0.022637262235908888, -0.1260623479658717, -0.02039860653463283, -0.0053932452478700306, -0.033540373702544174, -0.014178586053972528, -0.002942932569030974, -0.03223074011074312, 0.021790294888994356, 0.027758833893684127, 0.0184010879778656, -0.005022310686390047, 0.002470185231022355, -0.003958613334375988, 0.021513901111930172, 0.027950175284314982, -0.09901270653336125, 0.006018876257070298, 0.008960880325676924, -0.0160794251213486, -0.035843129591559254, -0.007154798460725195, -0.03619939202162212, 0.050066992560574675, -0.01881918814994834, 0.009585370272663632, -0.06520842950904726, 0.039554219144703584, 0.008266412237365664, 0.04121869670585179, -0.011728692812022894, -0.16677673579119437, -0.04130841093732533, 0.008417729713286404, -0.025053426171458757, 0.013333917932104316, -0.012026733856675393, -0.013544626385949159, 0.04444501203119341, 0.012907078625960366, -0.010423140864868839, 0.04291191711711384, -0.05316984930183445, -0.01785856445942985, 0.013146847423054055, -0.007559719116023291, -0.16544047892681057, -0.009524726138830033, -0.04244304667887932, 0.004394522467532132, -0.008940139128884323, 0.00348263427023989], [-0.04905008176454985, 0.08842029378457934, -0.02723032396472629, 0.02128776826412899, 0.06245902503282063, 0.03341341798266767, -0.06028217361464944, 0.01371648507721689, -0.0012352241400539897, -0.05370511328239612, 0.014261180983427052, 0.00484120308202579, 0.7313601910326856, 0.00516776931261857, 0.11934614373581336, -0.005672162996933016, 0.002980457143236631, -0.006407145360978922, -0.0029837863991217786, -0.021406149104631112, 0.010680569841515901, 0.014215188769557439, 0.01379803343696918, -0.0029617217997348856, 0.013167324121281708, 0.009655381157982281, 0.007643030387772017, -0.003980344633824623, -0.01073677787166101, 0.007844227841455213, 0.01925418505296632, 0.02181271817465305, -0.007070614345541156, 0.01586205751553766, -0.10461007845622795, -0.03421503056594383, -0.018034765912007557, -0.07696710837548738, 0.028820972821949422, 0.05287290582707002, 0.015658178374092623, 0.008745026146554263, -0.026892910556350284, -0.010221565555367783, 0.007738393491712672, 0.03865574659325446, 0.009427030840176822, -0.07199808056410462, 0.05882518712921751, 0.014046067069758049, -0.008117968572726422, 0.006053545415312645, 0.043527487915002494, 0.04399422399559079, -0.02508469608398487, -0.0021918068700953865, 0.007184998807459996, -0.03270672254769231, 0.020551044213624647, -0.019451925672683935, 0.011680916326829743, 0.01337274220309002, -0.023161228923240473, 0.05839349643892673, -0.024425498892206427, 0.026942951480079944, 0.015315522591103494, 0.07198662192835821, 0.014587257653751805, -0.03682196175786469, -0.023316995301436487, 0.024448864863068114, -0.031246774979524432, -0.03720364244218142, -0.008519666192008205, 0.02488689090811092, -0.037419050942887486, -0.05197497391847935, 0.03393699711425847, -0.028397402854682365, -0.017130323638717814, 0.03954579889149947, -0.0831375473636634, 0.01898242871705039, -0.018375680615251876, -0.0457805730506851, 0.028039665655541165, -0.011653536072203867, -0.015534675690158577, -0.038209188811100046, -0.06360534070627553, 0.013547321691682596, 0.013905437381876093, -0.06235969703048785, 0.0245213794099379, -0.013095494371076842, 0.06545136441306983, -0.007399424442206065, 0.04706886757060683, 0.0584708769841951, 0.026541279589808092, -0.0015331285254179948, -0.018368904424259556, -0.012306538166835796, -0.0023020144388434067, 0.004105950662553892, -0.0284160751029075, 0.03229984870353153, -0.0011642717808385248, -0.05653872477141275, -0.03003130083863108, 0.0008197743228117397, -0.017517041734085626, 0.01737072343718474, -0.00520579215361232, 0.02968308911680905, 0.022733920206408856, -0.0646385643001443, 0.012589014290720709, 0.0030485641120753387, -0.009550429391874874, 0.0017583690223773733], [0.008443710462814466, 0.025045997917996138, 0.033610373188179055, -0.06905877078971037, -0.01808555056430253, -0.015413446882643055, -0.00602765488363959, 0.00661089862261269, 0.0027426307276608645, 0.03573545577158636, -0.005675667167425854, -0.0732083399105448, 0.00516776931261857, 0.13506207151413974, 0.1797344146435151, 0.009758423868234748, 0.00031179893994973937, 0.0015931514320317725, 0.006012105033132855, 0.0087980154130415, -0.008765218104217673, -0.00014540714368484257, 0.006491482953289242, 0.004950280311040658, -0.0016300819422514516, -0.007298127197873108, -0.008006873925836187, 0.005871996264295835, 0.0004569032091318576, -0.003629279645645759, 0.02052943594141117, 0.011284682287574926, -0.005588750096172227, 0.02255772483496495, 0.005538054987492866, 0.016514679732093945, 0.035688071602726024, -0.006714183238790661, -0.009872864917947125, -0.0159392077031305, -0.0203570139386161, 0.008875968617419306, -0.01976818776854249, -0.006008076016116822, -0.009308353581579748, 0.0026599107621291837, 0.0053193338815950885, -0.00028412195010515224, 0.008183528708475576, -0.01667611762344386, 0.014053219996892423, -0.005028751927462537, -0.03004577337452912, -0.010741049107394653, -0.0045718349555544805, -0.008107710050708358, 0.014871708030242445, 0.009945628140164425, -0.0566346583933074, 0.004087811200394662, 0.0332560819141716, 0.0069000616191359915, 0.030597302375955007, -0.013793726558593362, 0.01563338225916377, 0.018140044590023278, 0.019866230998318964, -0.012678189338330738, -0.01803555808576537, 0.005359897898462834, 0.00039454912564209824, -0.02928132843404574, -0.021913559899016704, -0.042067895368415535, 0.06739874039274357, -0.0007245813073670938, -0.003171420808740758, 0.023810129065032878, -0.020045789961766702, -0.03184983680227763, 0.004952110577360552, 0.00928850190811449, -0.009338881262809571, 0.005018400801671055, -0.013711794373954056, -0.004217260378419115, -0.0192678578308811, -0.004374499757048775, -0.054026734435634056, 0.02043655363337139, 0.03626512208065702, 0.006356751817785723, 0.014654361855679332, -0.020017800701128505, 0.033531267464420096, 0.006156668081506275, 0.009285854671406794, -0.02314032106537608, 0.0016908340485181231, -0.00887815749154481, -0.012158025373161985, -0.019411653140952532, 0.024483344517439828, -0.061056757853133456, 0.012367513272745484, 0.0021040083298248667, -0.0005229926039764057, 0.008953194927994445, -0.008661476887941307, -0.01036312434538091, 0.010520420476892755, -0.009345268591252034, 0.04308158015347184, 0.009939365865914847, -0.006987192670662312, -0.0022514778261534217, 0.012041953175625874, 0.018002210277226913, -0.01217416330165446, -0.004155968978930548, 0.008116611800107776, 0.0020069811687426133], [0.018121876756307057, 0.04371552639914802, 0.04765356029673192, -0.09450639807865033, 0.005932135256109301, -0.01231405193824331, -0.013109178980063875, 0.04432715325599741, -0.0046948778236635775, 0.02886910010976539, -0.010611466242300619, -0.11945511547193063, 0.11934614373581336, 0.1797344146435151, 0.29874631213300423, 0.012725426152008544, 0.0013927005722991171, 0.0027352296754616966, 0.010121307470057433, 0.008966463068770572, -0.010956880772790745, 0.00496509887596319, 0.0028260022900646587, 0.011225856667264934, 0.016216261793596313, -0.008153100732397002, -0.009897193184693209, 0.0025999562742262624, 0.0003890823248052427, -0.0029137025756508063, 0.03881182765312957, 0.016001595345818815, -0.009338364826094417, 0.02994055239814766, -0.015802124331487182, 0.009142656616592002, 0.061906325657467204, -0.022167504609024773, 0.004460722058537134, -0.01693003715166772, -0.025629168074665577, 0.018832094837984436, -0.0033038891403143933, 0.039891980698245226, -0.05346247676731162, 0.01600028868678927, 0.0132087561313842, -0.007590309157898102, 0.01698722133424868, -0.029075920579833013, 0.009770524523244086, -0.0010137589600366535, -0.021145060866435094, -0.0034977868660173183, -0.027157384955844438, -0.014656306178550125, 0.025510908811980433, 0.01711409906939638, -0.021640774748330375, -0.017404277525485463, 0.05101068182252765, 0.0020906600570094287, 0.0447870651186199, -0.015449102881408916, 0.006695612993806646, 0.03756987434264895, 0.0163061472840877, -0.011776000435272365, -0.009817124012656117, -0.010298340182530032, 0.003664045420701955, -0.028334107930509753, -0.01430717131539588, -0.003667434982478243, 0.050196355676114995, -0.0009477439922577493, -0.008641039129769908, 0.02428632940134064, -0.028479587249412793, -0.04201223975724491, -0.0009274884560742511, 0.016812112484674756, 0.0022539867051824623, 0.021016523785368644, -0.02744913177907388, -0.0008425425128620296, -0.013947280534407067, 0.023951893521842557, -0.021304131647318945, -0.007096341422637884, 0.03389113042896418, 0.01762781125335902, 0.0330