{"inv_metric": [[0.44040183464490934, -0.18760212014676814, 0.0798609626852597, 0.19734622198923263, 0.018068477570164658, 0.02585902481094248, 0.0009212710315667746, -0.0016180425227654675, -0.028858531666907807, 0.02326996374704792, -0.06916081493721284, -0.030971015541744095, -0.044873191461246596, 0.012809773109358009, 0.031808895692352436, 0.004871594127254042, -0.005143388250451961, -0.002050258731570686, 0.0026554498419485, -0.003982584743749745, -0.007821871579846545, 0.004620617107792451, -0.0006651526907705331, -0.0029648764482450157, 0.0043538735958182665, 0.005302814670262347, 0.0027063365542293887, 0.006665237229672575, 0.016478163450650927, -0.01967007212821228, -0.06418725217718192, -0.0497124416620937, 0.0063446339757287865, 0.04027461629507125, 0.011199632439450765, -0.008923505556488655, 0.03024759386828456, -0.012416776168170574, 0.002264663863517429, -0.061905672650790215, 0.008039280627926757, -0.046798410011506225, 0.030388919188658176, 0.0021601739572293917, -0.016176768996430602, -0.13464777752737583, -0.07828786649605352, 0.006937639045016288, 0.023947613392104976, 0.01700955348271011, 0.02563655404589884, 0.023035244158617126, 0.032463535896923676, 0.021803142448126395, -0.04705603212266689, 0.03835505586546595, -0.020463617153583153, -0.02006327328692574, 0.02593923029059604, -0.01054976927921222, -0.0903783566886552, -0.01409063557694829, 0.024496851428077525, 0.030135879594544945, 0.07123953085328427, -0.02676718580487575, -0.04373497029390752, 0.003962316518369553, 0.009033347003796119, 0.0037945515519639526, 0.023299490119684498, -0.02865157835548737, 0.04307306082570424, 0.014001272616797253, -0.016571339134860582, -0.14108922149304254, -0.058978110954232374, 0.014498113896960957, 0.0045215653345348295, -0.00515632839462902, 0.0016351182561105669, 0.0008358396547118388, 0.030493814497357857, 0.0011719226712639979, 0.009043784135204274, 0.053272008588560495, -0.016602640116831293, 0.0343621977152832, 0.024758856516095024, 0.05702924950452884, -0.08242339796901484, -0.03791384462448709, 0.00295719409766145, 0.05421712114418054, 0.009791299945154144, 0.030632026534418308, 0.000998992979885927, 0.036706824894744756, 0.031006626677739825, 0.006215379850132478, -0.0007027170585921715, -0.05051752394717539, 0.034865411950835125, 0.02139178300049825, -0.021112894225380343, -0.12233499690585536, -0.01653850843629843, 0.007373850028301264, 0.005983703322504648, 0.004823638293833404, -0.058696013491302775, -0.01966858011012277, -0.034947468223168625, 0.044625369383172006, -0.02162278585329901, -0.014774088883272807, -0.02908712826892518, -0.0007354408642616114, 0.007243496850387878, -0.043080479656149015, 0.005092893909176895, 0.00028847542932670044], [-0.18760212014676814, 0.5140547149179471, -0.14618087407635694, -0.10398951152463466, -0.03739395877809718, -0.00187218486443323, 0.053847398462294485, 0.07563935039679377, 0.018559286912164814, 0.024721437304975193, 0.024100899377879296, 0.003799365393417911, 0.02537945398947217, 0.02444616812664382, 0.028040657414868022, -0.009786261340388456, -0.011328681102407223, -0.007902301090997443, -0.007229717592179885, -0.027272897254728794, -0.01097463138004232, -0.021425085784219845, -0.007313029134776043, 0.011422079704950506, 0.005489104267305369, -0.0026866562800524803, 0.010609956557355953, -0.008537226073595222, -0.0037278903324484114, -0.019189155452470644, -0.07764078449133487, -0.021087293434952324, 0.06701362669187441, 0.00473869706259419, -0.09288448283674962, -0.002711196748546083, 0.003267179791815453, 0.08707161052626827, 0.007164778529964443, -0.036914925371030353, 0.009783196591501564, 0.012989518770979607, -0.03115574033550253, -0.020251141515853666, -0.02958663106670218, 0.053028707126269364, -0.013251096223317538, 0.034988001978841984, 0.049520198240624425, -0.010484411761398539, 0.020016382140976882, -0.03178660696220992, -0.03860292763245753, -0.02620559376798243, 0.08018372565460849, -0.022700864982615494, 0.0005451664404648206, -0.02220739896969157, -0.016061050862086354, -0.012438213407230553, -0.0497688553851523, -0.00027669526979960766, -0.0032554935904802267, 0.01936240533022321, -0.04344812581385853, 0.03300147859570874, 0.011837159982695522, 0.025964623538627947, -0.025759288536583217, 0.07889230961597506, -0.019272548278610004, 0.012756554658534432, -0.0390615088807079, -0.018338346771924974, -0.013888413236389207, -0.01877307810012768, -0.024165804227777674, 0.045984629958201115, 0.021761394566644016, -0.01670921499073759, -0.005261131957798345, 0.008809175075899072, 0.03659687581645247, 0.011626371278739951, -0.020949298628980904, -0.04291093345019871, 0.016762729778498596, -0.03314399505643301, -0.03372591640988302, -0.06006351623904405, -0.11895250849873062, -0.024890626206360088, 0.03919191180322246, -0.07136111000893375, 0.00937427004612348, -0.00376384187315116, 0.025999913714765392, -0.02339888880064799, -0.0005289557788381442, -0.01648801194097102, 0.02290097197972321, 0.004895257258830361, -0.031065322064280025, 0.0039195103791565345, 0.034406517755079025, -0.025150681102413138, -0.05977786077028278, 0.07252044194191296, 0.004773736676795946, 0.02077562699796333, 0.05918310925604477, 0.020257747824830096, -0.02675355078871256, -0.01628453753837406, 0.05028640370335849, 0.04730003091535131, 0.006178200563661968, -0.015478521755562887, 0.007105421326069566, 0.048580303948394306, 0.0033218638807229594, -0.006008119263620053], [0.0798609626852597, -0.14618087407635694, 0.34945055556957016, -0.002508733364663367, 0.015981453929877373, -0.05939915988374083, -0.043439018728030784, -0.007305618748196445, -0.026807007120661943, -0.05472646984311689, 0.009386915079772448, -0.03561559761695979, -0.040664926674033916, 0.010076018715854307, 0.012586931767438282, -0.009523629346039312, 0.029567170685487525, 0.022867854613155672, -0.007443527452078091, -0.0017655487336865003, 0.0019459754178013037, 0.013234567897959916, 0.0010368769202635368, -0.004548857373110514, 0.002807706526700487, 0.008056282525663266, -0.0025199920373769184, -0.01664956452721339, 0.001925413163943953, 0.018957030740276555, 0.009799372078618836, 0.08763602802490718, -0.09380168015628541, 0.026593013693726967, 0.03903534369537078, 0.0007521531759653684, 0.018061944525751984, -0.034431154970507694, 0.03042109191945855, 0.0002546243218989316, -0.034576446831108144, -0.01611675836782515, 0.013459999773435954, -0.001677072150363313, 0.039677423207004514, -0.043428699929908235, 0.04737125555121527, -0.073917324876942, 0.008672602873322416, 0.02300022299695712, -0.023533739633811147, 0.014304567158294437, 0.02741379874020742, 0.03911018905649699, -0.04570227490473993, 0.005300750879528666, 0.012355440605930197, -0.007123209292827621, 0.00620478933217003, 0.05357391505869732, -0.018712278175784785, 0.041205729320307395, -0.024431645043292653, 0.003947065014539382, -0.013101788464604053, -0.0415440946432346, 0.017828925439149195, -0.06330112646265486, 0.014985917018554907, -0.034075845448926, 0.008482938815771118, 0.009070971585368239, -0.011315158330019748, 0.014744722223301634, 0.026423087786977318, 0.04527639056099921, 0.03511102868906941, -0.07320300565536013, 0.06323446487095039, 0.03509473655114786, -0.01811287225930039, -0.029731074985662027, 0.015688978690848423, 0.014315680571065028, -0.023875329599778398, -0.002345783852072827, 0.005984894644354484, 0.03422076591241185, -0.013763144055974045, 0.023505837165616793, 0.05090848601051844, 0.08793731079378381, -0.11254347059783759, 0.06473649719180749, 0.002307601311329002, -0.0015443986257580745, 0.10373920903051331, 0.017723992156755554, 0.039899448349901306, -0.03558801191761234, -0.02425017873013795, 0.0094629814912683, -0.006774171627341776, -0.007608188011127965, -0.035748060021027865, 0.014049083744974444, 0.016906149537712682, -0.1387447448182476, 0.06365709026071525, -0.0781325964486703, -0.04305864069386133, -0.013771911183427871, -0.009690987654483982, 0.03264923745140353, 0.014868224642006383, -0.020148574189906652, 0.022846668462671756, 0.04543511885477544, -0.04954191250352871, -0.04920395850231663, -0.0034705623955923032, 0.0013793996593805227], [0.19734622198923263, -0.10398951152463466, -0.002508733364663367, 0.4049957496986621, 0.0038537768956660103, 0.023862596305666194, -0.05788174643345641, 0.0006392747909877279, -0.009929616574475213, 0.010385422759555733, -0.03960068820011371, 0.030989480843621173, 0.025193715045656165, -0.07306491577477989, -0.10444011756015716, -0.005447974030850943, -0.001877549556237939, 0.01675259497771142, 0.009680164197446177, 0.010464019909423602, -0.012028957544879352, 0.020721731036436177, 0.010901890712511055, -0.016761430987471525, 0.0020521203670713236, -0.008416621540946311, -0.003149249645437019, 0.0076197972989173616, 0.015830933107573126, 0.0006562815430235171, 0.04822426916806479, 0.00919243959599819, 0.07892734491416913, -0.07849393774840357, 0.02387650289419608, 0.025170710988820483, 0.0673693989087312, 0.02130983263038113, -0.011646212825357433, -0.06318257754100931, 0.016525272702581494, -0.015242976773257467, 0.05627013692124281, -0.05555177711583439, -0.06125400545027317, 0.0011100290703355842, 0.0400155576942349, 0.05904214276593467, -0.1005143920875188, -0.03677427625266328, 0.017990999228599452, 0.04784129087859979, 0.04024823527586479, 0.014554789467393, 0.0047177985335554356, 0.018469412325403216, -0.007800761358790081, 0.015064694382088916, 0.0034538308221199318, -0.02939229712716247, 0.01885750201938126, 0.015919380949705967, 0.009845341554103281, -0.06667199668922165, -0.0021491150028561893, -0.014438843128243057, 0.006723957123450049, 0.047864309206836306, 0.008598243303521498, 0.023825284003360005, -0.004744490772529298, 0.01769559297773562, 0.05018649300377881, -0.00200039869038965, -0.031118617162175618, -0.0011786860007062347, 0.010897710547155126, 0.028224559464523763, -0.09344597134694277, 0.027531483871691066, -0.009251603396739133, 0.017256548642163562, -0.001052124262566446, -0.00469195914412317, 0.02517495619603455, 0.008759228778454274, 0.005760286251392451, 0.02222759133237211, 0.02776879354724954, 0.008680944933857505, 0.03328519802418117, -0.013667360484572701, 0.06450867480241082, -0.0698763632889912, 0.025350845161646908, -0.024575618186938913, -0.05494665767306829, 0.05751393111091464, 0.01619422646224647, 0.01899481950348722, -0.01364294318860514, -0.0026501901538020507, -0.027859971944221476, 0.03536878538422759, 0.016252708788566314, 0.005786705539476778, 0.039457011270989266, 0.043734737677623814, -0.13965528126339932, 0.027174084145501428, -0.024661639843365647, -0.021614048192702753, 0.006436774078336425, 0.01182545086711905, -0.020913872562841974, -0.030887799407486885, -0.01259532582716226, -0.016001136269666934, -0.02490119572642672, 0.00742927322467463, -0.0001531011928625017, 0.009033215235341986], [0.018068477570164658, -0.03739395877809718, 0.015981453929877373, 0.0038537768956660103, 0.8759093582530176, -0.06150313484729201, 0.026935757317100767, 0.03299115530810772, 0.021292026831829635, 0.05822128467028211, 0.013163887243846054, -0.02479184340050532, -0.01304197052774772, 0.028105368855595707, 0.03814919572735104, 0.007386507426111545, 0.010739975110645334, -0.014933547963747584, -0.020314036158767416, 0.0019898408240065306, 0.019818236684778997, 0.007978944729997809, -0.020588844384977576, -0.0012394212984790673, 0.030630857901420006, 0.0007065697178909687, -0.011884918441448115, -0.018563142486174723, 0.019052512529638486, -0.0011384560897487925, 0.01554191052999256, 0.01328160641962452, -0.010356187225837485, 0.057900988122774694, -0.016680368607736803, 0.016275664639620647, 0.1611058122874192, -0.05993155779907524, -0.048576557261513026, 0.08028188254958475, -0.007257448244190936, 0.00617651213499892, 0.021153811534785363, 0.04070945307712317, 0.019869992809719687, 0.0448626548441998, -0.046052029483929384, 0.054510140562649106, 0.032360839111147684, 0.0199146606210072, -0.062351538575290355, 0.05598879358452511, 0.01999719885562002, -0.060142159811457485, -0.02732295880509135, -0.06331420967439029, 0.017147748115910976, 0.025039026412139467, 0.016197659882366412, 0.006912861577656931, 0.06429526207987386, -0.043172383607498345, 0.018423498279448638, 0.021374327581961765, 0.03074657700875959, 0.071873328631992, 0.020533814152272865, 0.06619809266056054, -0.04216486355035306, 0.12258838899336368, -0.036905279262747205, -0.021224133013528424, -0.04293740633994014, -0.014065714738102015, -0.04423670709264001, -0.013005257741213125, 0.009984220218161694, -0.027549543628128028, -0.013543141702450584, 0.0226897976438372, -0.046114526019737895, 0.005886612309809524, -0.04888298753146806, -0.03194700664218389, 0.034070224302389325, -0.05761878871571727, 0.018453497413578927, 0.054926968062240386, -0.03389500211968497, -0.09196121548001765, 0.08245105558565051, -0.06025584305391343, 0.03267753295195714, -0.006463604970348151, 0.026226242806840213, 0.04712312044350302, -0.041695305596909524, -0.14390921790978575, -0.029517563746436583, -0.0357293121212484, -0.060833472762970346, -0.01388228409465718, 0.04175239443958476, -0.06372432475638566, -0.038991174011150424, -0.032319790500110496, 0.03921048899253061, 0.005653866799948385, 0.00522459952539619, 0.031906815945350483, 0.051453687206190285, 0.024698394993906147, 0.015728161190381194, -0.04789378460724535, -0.0057558199553061715, -0.003617273178501867, 0.03822566740208143, 0.00812178955079825, -0.06311860537449668, -0.11078295191555673, 0.006323868800899266, 0.00826592124131773], [0.02585902481094248, -0.00187218486443323, -0.05939915988374083, 0.023862596305666194, -0.06150313484729201, 0.5059785757455506, -0.015600151230411901, -0.0724137757707716, -0.0031772883689445653, -0.1187834010251473, 0.07913126545603141, 0.00467298072876954, 0.06084773206224712, -0.004021498542224096, -0.006215432298864137, -0.012453474852088493, 0.02040799834329633, -0.0034937444387746187, -0.001112769234093991, 0.0006356389715468757, 0.04677992567492233, 0.04021891663005026, 0.0105808783291584, -0.004384045390350872, 0.015019156068752176, -0.003649424839792852, -0.006083282270994556, 0.003780179810159267, 0.00372804970850956, -0.0024240753683184286, -0.026249242827711065, -0.013400986399273266, -0.01292421248698239, 0.009292891030399784, 0.03301916293698631, -0.011483509518387615, -0.05787675201504621, -0.002934245971989348, 0.02339070970416446, -0.039488234278153796, 0.013686025001367966, 0.031134111648325424, 0.014357590330798082, 0.01486735559642672, 0.028790884966925966, -0.052437080480639, 0.013098076592806046, 0.010176621012925872, -0.0314354150012117, 0.021923970704126685, -0.014730768113334004, -0.0272445120605488, -0.04388518876988513, 0.018213027558726027, -0.025426334610633983, 0.029489256004224827, 0.015648422147657756, -0.01687056911670092, 0.02632846598493592, 0.004880038631851492, -0.04417070439292978, 0.06961077337288826, -0.016094925767000848, 0.004135698912653503, 0.0006751187657694467, -0.008564135455737205, -0.017533226265607528, 0.032701711441656546, 0.01584797569895535, -0.0571065380407778, 0.019766524527507538, 0.007286008197352835, 0.0187663966776393, 0.033304936476418884, 0.044570789699292554, -0.00905984140291729, 0.0010452031813548632, -0.015076234312048976, 0.007905377729618936, -0.023817457375446483, 0.002178693837921331, -0.02003968674967266, -0.047979311571439885, 0.009008669664810594, -0.0620183928571738, 0.025415454696555317, -0.014102194114572895, -0.10880078388517075, 0.05867585944957619, 0.022826457956220986, -0.03451489163264465, -0.04278289758605922, -0.0034713730537759752, -0.020979373339404257, 0.04773560061160113, -0.0415666431597999, -0.001548882593494017, 0.04998130483468109, 0.002163388633820101, 0.033149332536491646, -0.027244818945881325, 0.03310895286380312, 0.009476303094842705, 0.00972075791586941, 0.05791991504378374, 0.052192654186417664, -0.046708711913697284, 0.02759358397067858, 0.03212115232355025, 0.004514964791735879, -0.017756590413135223, -0.028884983578607155, -0.03468343508497095, -0.018821318953471614, -0.06402404978904694, 0.010866349141160435, -0.014748022492098988, -0.08600434560253668, 0.05844157851128831, 0.07567869685291681, -0.002187427478719365, 0.0030100239205156786], [0.0009212710315667746, 0.053847398462294485, -0.043439018728030784, -0.05788174643345641, 0.026935757317100767, -0.015600151230411901, 1.0115361595303902, 0.01141153879723526, 0.014083325406522986, 0.012484594556070287, -0.018464557187707367, -0.031995435917908245, 0.007495688264916884, 0.0326756200169438, 0.05085700301109799, -0.002939308819861228, -0.00650134060703143, 0.0075225958724368025, -0.022640017357985674, -0.04094906867397308, -0.029091766013254413, -0.011588796329329817, 0.013307472251623991, 0.01182118843373352, -0.030369482512604108, 0.008243098599863288, -0.031160650560439408, 0.025791821774326405, -0.008104037795859814, -0.026905550928658085, 0.03287257817104503, -0.07704620167318443, -0.037291220643697394, 0.04614319734281154, -0.044397345071664714, -0.03057093858441572, -0.09397701662132729, 0.09543536185938675, -0.046083990312600416, -6.170890454828107e-05, -0.002866842871266042, -0.03838274929836441, 0.002261938305162153, -0.005509035583830259, 0.07131617687875326, -0.03813141889785771, -0.01780820558133234, -0.028609064707543302, 0.04158798073957287, -0.023260609124920843, 0.016712658655397825, -0.07155952830834961, 0.04839506262406621, -0.02065067761828234, -0.05205637155256867, -0.02444025885213574, -0.0026654530350797606, 0.06584277404529885, 0.003875943885148366, 0.10439065415568712, 0.06816068389865769, -0.05132327512076023, -0.0310682892870176, 0.07548349448329832, -0.030666195277022208, -0.008478185819414319, 0.0640594279381331, 0.02305462992581123, -0.0431851485285182, 0.08818154237324073, -0.0014782698974220472, -0.009710920821667177, 0.06847539179432308, -0.0027296499396700737, 0.07005032141844456, -0.085047184920831, 0.042892399795829816, -0.02588542797019005, 0.04767864728097357, 0.011222258595280334, 0.03974544035920543, 0.01440458564854569, 0.06587269536111894, -0.008773762863469887, 0.05063531448375811, -0.0011450053263125006, 0.012970609987311905, 0.018410904430523328, 0.018169623701003283, -0.025092596955274753, -0.032417577556204384, 0.020303623707995024, -0.03209369486742571, -0.01324250855082516, -0.06067922285761747, -0.009280927324312705, 0.0013580333877969914, -0.029671094393081535, -0.04218321205275169, -0.040496096086162586, -0.02308970354653769, 0.016683142316910465, -0.000975264653784927, 0.05447911676804884, 0.06984614078092795, -0.012680464357081823, 0.052411745854379375, -0.010682071137814267, 0.018277246925132384, 0.0019179967952784064, 0.032475360562289605, 0.045196524567176294, -0.06302646269235863, -0.02627296076128219, 0.05276089055910147, 0.02090666683628007, -0.00318726022224981, -0.003294015569724245, 0.0069159986175104885, 0.008422028876792694, 0.0020399626481319906, 0.0027931982672831615], [-0.0016180425227654675, 0.07563935039679377, -0.007305618748196445, 0.0006392747909877279, 0.03299115530810772, -0.0724137757707716, 0.01141153879723526, 0.9583743387161142, 0.007799477258651043, 0.061017178288962554, 0.006759333728842949, -0.021771592901823438, 0.0398457660884507, 0.013782918254639925, 0.057263608001662275, 0.02175273789340117, -0.018422936763844926, 0.00434763488263702, -0.017438072935817624, 0.006277684603450719, -0.01815615211708295, 0.022475696578385287, 0.0208748971324628, 0.0022843123729144057, 0.030548773709147825, -0.02016404909838218, 0.004063370867296095, -0.0004759265355769699, 0.004072735593908306, -0.006060522598793082, -0.013111519273022978, -0.012252137562053414, 0.03890328593146041, 0.03187148141223017, -0.056788399960252256, -0.07270680491624272, 0.023604308146703595, -0.01511889614478781, -0.012472944452263619, -0.035943042752581394, -0.033161040510673916, 0.037143028566420495, 0.07029455949144756, 0.027352155383227477, 0.03743590338301936, -0.07736527624820189, 0.017710288640494214, -0.010966207974436565, -0.029454690715502743, -0.0720536065551696, -0.05285714711090052, -0.009291130877765685, -0.06457159831285175, -0.007878977352155122, 0.005701046648161119, -0.02437437811754533, 0.034413501164738125, 0.0601022395537091, 0.03992474407792002, 0.06517149568711081, 0.045746777653885747, -0.050227344090042585, 0.032647763055251765, 0.020869034117985765, -0.09567041166228292, 0.007888947276945115, -0.06275273680051584, -0.020509229462724255, 0.004006490319496668, 0.016852725734215236, -0.010877230386975582, 0.014978837144779992, 0.09612554611096595, -0.034839864299776764, 0.007617393532497734, -0.0019751162358668402, -0.06381059760751205, -0.009516861600042632, 0.0012889842775989245, 0.10553911572914797, 0.0057653883874840455, -0.04245103071394867, 0.04179837726402504, -0.015104656763308464, 0.015802000109761283, -0.040549383507252505, 0.038554010258716465, -0.06751530576714632, 0.05390405708231253, 0.021360340374485566, -0.026445044835510138, -0.011262988092831654, 0.02765347008141955, -0.017702801664844066, 0.006379689262248861, 0.009610326721049505, -0.07628043886090426, -0.024337918304460485, 0.04326265202634384, -0.06807071984204241, -0.002950074600606957, 0.017659313761413994, -0.021071239944618823, -0.0024628296874895394, -0.016690995367815417, -0.0033776746443179356, 0.03931799122155813, 0.005769333062357276, -0.013563613016738202, -0.003839564437262414, -0.043756473931840394, -0.03527674428659137, -0.12060129692859396, 0.028795565658882583, 0.004048927980590521, -0.11092165593305783, 0.012878613912879868, -0.08591104349931437, 0.07076198087055927, 0.03721327586802204, -0.0004033569789597225, 0.0055316195485096], [-0.028858531666907807, 0.018559286912164814, -0.026807007120661943, -0.009929616574475213, 0.021292026831829635, -0.0031772883689445653, 0.014083325406522986, 0.007799477258651043, 0.05348264894992289, 0.014357704386795308, 0.00830745749022984, 0.0019645055051803867, 0.004084780804969299, -0.00366841357591887, -0.00970955977241431, 0.0023740809534998015, -0.008381520844479934, 0.0009651668412791571, 0.0042021524791430245, 0.0010536290764609716, 0.0023193240803237834, 0.001076519216507525, 0.005582229379895292, -0.0036661910401680877, -0.003178341853347571, -0.007449561691192696, 0.0005283085048600722, 0.0002198145995938992, 0.002249557394740827, -0.0018593559738271687, -0.00029649698886397013, 0.012698545393573756, -0.0047352313974307085, -0.0014359754691039514, 0.004593099271670108, 6.268933615141211e-05, 0.009414787569091546, -0.013056813564782629, -0.09256744822749306, -0.004019880057436401, -0.004155320582774536, 0.0026724425863521323, -0.0013750755302812058, 0.006875739286392675, 0.010795866712154033, 0.008269124828989779, 0.015195421590534318, -0.005658865701769856, -0.0029846600103538134, -0.03897810376222389, 0.011234218436121038, 0.0032348822816399936, 0.00863476612167196, -0.09272265279996253, -8.554383589831539e-05, -0.0092764656697072, 0.0021539682291707558, -0.017602633468463413, -0.006326517033695544, -0.014830725487835155, -0.008874567914448999, -0.012446992199261058, -0.003693192874995411, 0.0036476411718765383, 0.00586166227844025, -0.0024700638878146384, -0.0268271308003043, 0.014384461499462615, -0.08273303770756543, 0.025591661754860873, -0.009233263779433863, 0.011178160580737208, 0.008627211307986202, 0.0034816439409325797, 0.0024021677181292576, -0.0022888736525950035, 0.009465639787782058, -0.015459055321739884, 0.0015248093131439936, 0.013043416487358406, -0.0004260401626862044, -0.021316120229796846, 0.01489687763503512, -0.09382510846440219, 0.010111916963363145, -0.0051105022880652, 0.011879962920288756, -0.004539906538478735, 0.0032042666567434893, -0.010652552267879653, 0.012820544640629592, -0.009361032294645397, 0.007451929402510555, 0.006512110031143533, -0.026300598706090115, 0.0065810155047572915, -0.024513887162603016, 0.010382620658689093, -0.09128211677513799, -0.0108088160278556, 0.0006195299819427275, 0.004146476959324434, -0.012330166779666944, -0.009241793786759232, -0.007640196160155947, 0.003944497418033092, -0.01281525504991047, 0.016917782030451932, -0.01485249374420709, 0.003179837062628869, 0.0025396538721478455, -0.0006333470823079586, -0.002930242772598077, -0.09040850816768273, 0.01383837985650722, -0.0025964829224927603, -0.0003604568988289273, -0.005371963334369866, 0.020996073082551425, 0.03140923190950198, -0.0012750537999740184, 0.0025301437778685776], [0.02326996374704792, 0.024721437304975193, -0.05472646984311689, 0.010385422759555733, 0.05822128467028211, -0.1187834010251473, 0.012484594556070287, 0.061017178288962554, 0.014357704386795308, 0.6388565778566996, -0.04628317253571299, 0.02574346757293988, -0.11939226561501459, 0.020955629086513137, -0.009154844593535867, 0.02409278404964514, -0.02370822962827472, 0.023888252637211258, -0.012778765264903104, 0.006999041818639598, 0.017506668330371445, -0.011461948033730395, -0.0023076520509374907, 0.023073238876715904, 0.12417354299323963, -0.007499382751101612, -0.003909543965219706, -0.025528782771762876, -0.007946841526389707, 0.0153257326511127, -0.08648422412001935, -0.018231570419674742, -0.010223001839728177, -0.010529241283438264, -0.06182214008689631, -0.007144498528555906, 0.04502248172528236, 0.03594012116852626, -0.00913788549769674, -0.1539416323198844, 0.060028130350364, -0.01067461331621505, 0.048381377564494885, -0.056548595577399656, 0.020349526593771136, -0.010419821283947164, 0.027468981858561663, -0.04261828471822903, 0.011266732726171388, -0.06675956386922399, -0.04539163703386763, 0.041162375716259816, 0.003979792170375358, -0.044104362184011155, -0.08695231477398516, -0.0342686675615095, -0.02673312535180491, -0.011211677692617144, -0.04065495753635012, 0.0011416097301901332, 0.048557663481803674, -0.010883208935790771, -0.04489014874921319, 0.07693087911273921, -0.026853858900592102, -0.04992666308861957, 0.006245553364532421, 0.014736447395004456, -0.03347939474193124, -0.09402109747049586, 0.0033665594430711356, -0.014698140289089844, 0.009605887482369534, -0.08681709586469252, -0.04467521284962207, -0.0002618109624765297, 0.0069024306202650175, -0.06342333148454933, 0.04710788026044298, 0.060559249112589086, -0.020719926351952057, 0.035281075768075376, -0.04246278108345967, -0.023503235398419878, -0.07497926728993856, 0.020434386087362068, -0.01844855743666091, 0.019497756205078525, -0.03619462669297081, 0.0026842126661112795, -0.01190634488036284, -0.07100806581499138, -0.007612558696487863, 0.015113982309887624, 0.08669133433304897, 0.02481353128464486, -0.013396707141168277, -0.08279183846745665, 0.003144701664090039, -0.10457615989493094, 0.020534010097598168, -0.014948864900762603, -0.0020180742725502947, -0.02506548043619953, -0.024851730994023127, -0.08443028343359345, 0.002825693856217168, 0.002352332179355697, -0.041022468193961305, -0.008340810428568197, -0.05591160062661599, 0.029036403372916283, -0.008963703171442286, -0.007509783712361744, -0.09323436681584027, 0.0019838419361373, -0.018868038139305435, -0.03668897301206535, -0.02134148008440731, -0.0003116882557136484, -0.0016358390926306025, 0.006280773777429012], [-0.06916081493721284, 0.024100899377879296, 0.009386915079772448, -0.03960068820011371, 0.013163887243846054, 0.07913126545603141, -0.018464557187707367, 0.006759333728842949, 0.00830745749022984, -0.04628317253571299, 0.14696102709064468, 0.0005505496980621273, 0.028635707770004824, 0.005538017342102508, 0.0009174218829124522, 0.0006873330441462896, 0.008635417216662621, 0.007284358296052732, 0.00019258930549136493, -0.005813266562350359, -0.0009743583645235454, -0.014698295668846145, 0.0019132577809649496, 0.005634668280425852, 0.009263775715661698, -0.016069097953121794, 0.0034910880069261483, -0.002117690361578579, -0.0009587987815372952, 0.01367429988927986, -0.020962511241349305, 0.05118745030146015, 0.023875262893447196, -0.04730164779010008, 0.06726593657045234, 0.039865583131694374, -0.04704055018298549, -0.01248138075015858, -0.00684461844187359, -0.007671336258430554, -0.10808150717987391, 0.01645484784563622, 0.025543030617226285, -0.02286895896265901, 0.018376518842501088, -0.025412285716781828, 0.014178960043347472, 0.004624569920141021, -0.033549901760749866, -0.005394747735273032, 0.028095875025122796, -0.022280142801862416, 0.003244464643340866, -0.0018691288810710725, -0.024711624308315257, -0.1066689943232407, 0.025724472257494954, -0.004534993411253103, -0.010829364002384132, -0.02332942436672411, 0.008139304472830278, 0.022125523216688293, 0.010432119599970051, -0.005933663903615204, -0.0025656465861336286, 0.050122413835107356, -0.023499652136317353, -0.011958332878415601, -0.016053896897010735, -0.009639306560627765, -0.10537363300714109, 0.006870983571653634, 0.007901844043862651, -0.00048067107066176665, 0.046761225695486894, -0.0029599506684884315, 0.011621083667256366, 0.013274051307142055, -0.03538321430023771, -0.02982967784647533, 0.01342417082822766, -0.002480240798352608, -0.01008920111757652, -0.0009348207200701606, -0.013386374975824459, -0.11742668702817903, 0.011446281049786249, -0.030336321473635117, 0.015642589107480336, 0.030347553327522415, -0.03157013604503959, 0.015066936395695587, -0.016369080778554295, -0.04309295524955076, 0.019969279075855606, 0.01780234059818557, 0.01131866708519002, -0.024431797581485705, -0.006731324753472431, 0.004505557517512133, -0.1203503733812455, 0.019202276070753324, -0.04231648509981004, -0.009416506962187004, 0.0024819981694065092, 0.002220324156300124, 0.010607516336425486, -0.007558174660389736, -0.028860999640869522, -0.03859807241708614, 0.049848785385869815, 0.024686573945820967, -0.030672924375578434, -0.01229487754422335, -0.03416379035488248, -0.1049045770207912, 0.008513254743589906, -0.01005960757976376, 0.009695517933169572, 0.023480002076268176, 0.0013869426117979566, -0.00011637957156124139], [-0.030971015541744095, 0.003799365393417911, -0.03561559761695979, 0.030989480843621173, -0.02479184340050532, 0.00467298072876954, -0.031995435917908245, -0.021771592901823438, 0.0019645055051803867, 0.02574346757293988, 0.0005505496980621273, 0.17243596144562356, -0.010268656379419516, -0.06190887051067424, -0.09907484907572765, 0.0019107469382962001, -0.0019013995298116228, 0.008183536136029339, 0.0016052894149603955, 0.012675148463269984, -0.01349914909446465, -0.008977631974175358, -0.003469343580279342, -0.008578315019334978, 0.0075584519075311786, 0.016008046814409465, 0.01524801630246222, 0.007808781875688085, -0.0026217624515297534, 0.0012249126547392614, -0.020409515552719706, -0.025020153743941283, -0.005170330904447511, -0.010183217813360115, 0.049511194377019896, 0.02235230920675433, 0.00505311536209088, -0.033481635677199736, -0.014160138545331992, -0.006863659252137655, 0.017306379440933252, -0.1222146252872613, -0.0141730209571378, -0.0283857480130232, -0.023280437679050695, -0.016842673263989305, 0.040787117974398365, -0.020018055450854708, 0.007790668736608752, 0.036888541415840345, 0.008323168776202936, -0.0058752340786883605, 0.016356940662722107, -0.0023292969356802007, 0.016306475778720794, 0.004052491669165338, -0.11264204355991256, 0.009713106697608064, -0.007622924505345839, -0.03674679260823717, -0.017249775298014646, -0.008835321691584838, -0.013746344693874162, 0.0077053138921455875, -0.02250415727416766, -0.036775801827100246, -0.04854632973221194, -0.018868456635940657, 0.009459746792930396, -0.03582087000758406, -0.013064162675009018, -0.10653271963875596, -0.021270888356173242, 0.006001266340040838, -0.019650603631524353, 0.010153414246361065, -0.014162055544450124, -0.0008036792312036808, 0.029871922885687657, -0.010664764834049366, 0.017539641982584953, 0.0018307639229051835, 0.0046396260764253695, 0.0025274639038261756, -0.018870881730489786, 0.005591256030306654, -0.10383729982287324, -0.009467529569385059, 0.03336697621332919, 0.03461303849481154, -0.030861678037074375, 0.0005534383575810501, -0.00668893884484857, 0.017369235782424025, 0.007346768593941386, 0.01710845630105383, -0.02084084215086418, -0.008821341980363504, 0.00017609478846070066, 0.004862289785962324, 0.004040588230387584, -0.11547748789514285, -0.006394415708153575, 0.00046871288523373726, -0.019467270966606682, -0.020785793730001625, -0.015189384001301593, 0.019006570749266597, -0.0007173119790957321, -0.00266222327181957, 0.02371013593761768, 0.023844931004223163, 0.0230681341570526, -0.006756191472933203, -0.014607561938690389, 0.010250058460277992, -0.1132636718641296, -0.02303201484974329, -0.008752947209955118, 0.01359663047782313, -0.005712111526587386, 0.0036670489924669337], [-0.044873191461246596, 0.02537945398947217, -0.040664926674033916, 0.025193715045656165, -0.01304197052774772, 0.06084773206224712, 0.007495688264916884, 0.0398457660884507, 0.004084780804969299, -0.11939226561501459, 0.028635707770004824, -0.010268656379419516, 0.7395046629311959, 0.010070581807543224, 0.1296625297755449, 0.0023866243388403954, 0.018804808382241137, -0.01684256485465528, 0.016019718011596292, -0.01719682736856815, 0.040110586306079075, 0.020519974641264718, 0.006531974500903597, 0.002505858258310521, 0.013303763732110747, 0.011663909510072129, -0.010440473127932013, 0.037076423431863965, 0.004252178335054277, -0.038102598154615135, 0.10791068119775317, -0.05122481501360826, 0.01353227066595861, 0.05150053155899283, 0.008193991501404983, -0.0016624385910555288, -0.012868191310460034, -0.032010602505568704, -0.03594505904197517, -0.019657025564638546, -0.014724910744568909, 0.027787742095278508, -0.06940716680053373, -0.009660930658874644, -0.016148102264574606, 0.011389300064197845, 0.021973624768435316, -0.05278904759282767, -0.0005631990383742891, 0.02676837885887631, -0.056125568911196154, 0.06328093316838905, -0.04302319064272055, -0.005249929663086781, 0.020742294492387046, -0.08153341046900732, 0.0010945274850372045, -0.08578895718260092, 0.0457796662839276, -0.000727974635956244, 0.02835976324747903, -0.018270464646485247, -0.03153089727419638, -0.03653994636723572, 0.05166042613779205, 0.010450504299704138, 0.0491504828348553, 0.09034462555593675, -0.0035362699792542756, -0.03787365654486634, 0.04208914350796368, 0.004638361624899479, -0.019258682764956653, -0.002400842140300325, 0.02053065035202252, 0.013974857108088696, -0.057463361157782, -0.011161578418052483, -0.003143488582826789, -0.03846390880089929, -0.06095801444564189, 0.018562053898631015, -0.048163558023819726, 0.018830107484864075, -0.05435503227262448, -0.030999792913024894, 0.0065707739568441805, -0.042055602253276037, -0.043420092693781484, -0.11511466139652807, 0.009149139486305143, 0.03783354802791836, -0.019254952504225136, -0.03530657725991682, -0.010095412790295051, -0.03387366791523503, 0.04035268907114381, -0.03145153642970882, -0.01290130979084922, -0.03190436388539875, -0.022749586074434124, 0.0297734521651371, -0.00915218860772399, -0.002548545665283353, 0.07264566750201001, 0.11592924434110395, -0.01934387192948432, -0.002082820151273802, -0.00498405102229151, 0.04686870997593147, -0.045033929680723644, -0.05102427610958288, -0.016334510153246017, -0.009497215689586705, -0.12682698574269308, -0.04991180642809889, -0.006619002102520819, -0.06633283263330898, -0.03758031171479998, -0.0023563774623961186, 0.0001965305715446884, 0.009996558940577837], [0.012809773109358009, 0.02444616812664382, 0.010076018715854307, -0.07306491577477989, 0.028105368855595707, -0.004021498542224096, 0.0326756200169438, 0.013782918254639925, -0.00366841357591887, 0.020955629086513137, 0.005538017342102508, -0.06190887051067424, 0.010070581807543224, 0.11778795336502165, 0.16374759217213938, 0.004668782048270675, -0.003455902888197796, -0.001685799213295162, -0.00035090630261230783, -0.014695670616174782, -0.016177499499154518, -0.010736256577844553, 0.006351021708578342, 0.011475852701803374, -0.007750554974329088, -0.008841630812831628, -0.005460475930059502, -0.009581212092061756, 0.0029456777811475796, -0.011460459007565489, -0.012785525662297927, 0.012154265896513609, 0.01869362750695367, -0.00998004140620299, -0.01791793055508838, -0.01106305489538539, -0.0038884484452843863, 0.019206380615920834, 0.015183238777671176, -0.005414192562382429, -0.005016468388858628, 0.006628293480137377, 0.011310992864204622, 0.008423388304963829, 0.014756731226140983, -0.015564694282615551, -0.020751369120931114, -0.004155102445878111, -0.01632036509001015, -0.033196486623106966, 0.00017219051819812538, 0.009166251658161024, -0.02656540501425138, -0.005404602606542562, -0.02231664240065797, -0.010415803961328601, -0.0007379875730124821, -0.01243656020757839, -0.03361783375774475, 0.009547885263790789, 0.008862521365631626, 0.012268012644058038, 0.020739753605806575, -0.022989792324706475, -0.0034223947329947296, 0.027865795315894386, 0.02101724418843922, -0.000477670267269635, -0.002966999017993101, -0.003945197553999723, 0.004341230610145569, -0.02553744763611029, -0.027669764102139144, -0.015842625042898056, 0.04195201604846647, -0.008151878077729532, -0.001196289032456296, 0.011110203902910796, -0.014720411554404029, -0.013997579488366009, 0.004297666335816911, 0.0005933210174241091, 0.005017097074359724, 0.019649005114062285, 0.016105142141877967, -0.011001703635765475, -0.02135832738665628, 0.010512396081092026, -0.05680944283190423, -0.02046103885142757, 0.01131075165998014, 0.021990989614026075, 0.001007901368489521, -0.030858399757241296, 0.015643945262324998, 0.0248833376000571, 0.004058640993552639, -0.03015409692115289, 0.01675389488335534, 0.018947934253399863, -0.013811508003188578, -0.021075067863952295, 0.030182297803140714, -0.03877012211023147, 0.013417587920751869, -0.0051935444802282465, 0.022129729853432093, 0.004345276682293123, 0.014529482263226671, -0.005314673879531897, 0.007452335445312201, -0.009653870852724303, -0.006726389131205298, 0.007666586340239827, 0.012210988372316434, -0.017263582593280837, 0.0016355062708155556, 0.02381496039876187, -0.006841527674278755, -0.019623331636128245, 0.009331591175415046, -0.004435303645768801], [0.031808895692352436, 0.028040657414868022, 0.012586931767438282, -0.10444011756015716, 0.03814919572735104, -0.006215432298864137, 0.05085700301109799, 0.057263608001662275, -0.00970955977241431, -0.009154844593535867, 0.0009174218829124522, -0.09907484907572765, 0.1296625297755449, 0.16374759217213938, 0.29478016543524105, 0.006731502661346063, -0.006848318949080314, -0.005965367153495448, 0.006060728738411872, -0.01737691316027575, -0.011376372024522158, -0.001277753523908638, 0.019991106477719848, 0.010517022917768465, -0.01767409440535162, -0.012496534914226509, -0.007647173683843774, -0.00870095867489235, 0.0021577673867873423, -0.029400991979989372, 0.0005493466672272008, 0.015974440885510057, 0.03282765676789024, -0.008684122703525365, -0.03181345091180907, -0.037514861862097654, 0.028331849761757958, 0.017052769499655392, 0.02379593561524499, 0.0043101927019885185, -0.011627948625286077, -7.845461803835673e-05, 0.01984260530111616, 0.09041052701565365, -0.024675210440795802, -0.011969074205201978, -0.028849797045703167, -0.009227340951188174, -0.009737660664681999, -0.02536672004412103, -0.012663068131484807, 0.018710375793014718, -0.03589323099337112, -0.009090552862523955, -0.02814295570503561, -0.025661630574330446, -0.007791923468636643, -0.0008588556207996057, 0.014182897403580086, -0.020311180164346358, 0.014162929116293117, -0.007461671989873088, 0.03172189664293798, -0.05879864778191364, 0.012480117008976676, 0.048611578141071095, 0.042067336678989375, 0.010767286396777775, -0.000511963062398541, -0.017369699229957822, 0.0322495401312474, -0.04758664270217358, -0.02401572492573761, 0.047735632347880065, 0.02307513523181815, -0.004092397437791933, -0.022735751040692892, 0.02759979767483408, -0.026255568160451347, -0.025237494312864504, -0.01587058391435257, 0.0060777429500241, 0.016334995037063794, 0.026810635315891927, 0.03329242759485212, -0.02246897090827146, -0.03587207036257279, 0.025182541567131192, -0.027876679955773732, -0.0869183610089766, 0.022869126755419637, 0.026792068376817742, 0.0046682