{"inv_metric": [[0.9197340787547046, -0.03494765037132037, -0.02008880979847479, 0.09159109903186333, 0.0261708425623126, 0.05999547269435045, 0.021325015752902163, -0.0792673300268651, -0.04962910158174938, 0.10418121980411836, 0.08203917322279126, -0.04969508900493395, -0.0475615232451183, 0.006462213631852075, -0.01707549704668107, 0.010080068272709622, 0.02095045330415194, 0.019128225239342093, -0.0020841307725563006, 0.010684266776875043, 0.020271519974212362, 0.0030337011056951295, 0.010953989168648108, -0.010495256686163976, 0.004500247147633256, 0.006704777631954014, 0.0068550856803388585, -0.018040127377627883, 0.034431555071227464, 0.004121536051352725, -0.04384673702155689, -0.02232142936262171, -0.042239586010085386, 0.03154790367211756, -0.09138548738906957, -0.07007187768489362, 0.0419419023171042, -0.0023384495606764985, -0.00014446231817332196, -0.08268625216090497, 0.0663617557125053, 0.028723124019348588, -0.06950603822534841, 0.11463585551921425, -0.01974001022322353, -0.0801373665030405, -0.0355933757240898, -0.053401368240732036, 0.04374193575310725, -0.03910206198759151, -0.0036519477028586966, -0.03884569059781882, 0.01482107257993188, 0.03939702532139709, -0.02045810319971412, -0.01781725683324565, -0.04924229765656909, 0.06823633059776982, -0.08557099943649696, -0.006337613214801292, -0.1108549528631342, 0.015064931720000386, -0.05332249234991311, 0.028004323365579415, -0.023763865272535073, -0.0655729208383133, 0.016527931153095667, -0.015311095762793145, -0.03700292433883053, -0.02559228217314919, 0.061371233909263544, 0.11105246134790497, -0.007536197005472965, 0.01759693088137245, -0.04038103134545811, -0.12311729563251386, -0.03357726836201578, -0.04383289084415977, 0.052648032385590855, 0.028058462714773823, -0.07038865828074856, 0.008617620431031257, 0.08333359597365204, 0.04832687906526106, 0.05268148358163429, -0.015375562539515312, 0.019110683515313795, -0.007015227630683805, -0.10501701125526701, 0.00230607277462616, 0.19446405075703208, -0.0390060543906132, 0.0776302350103838, -0.04966637723060805, 0.010008547813660906, 0.00823587546692536, 0.010477187145054918, -0.009120242530685396, -0.03321217155703122, 0.1175804913739491, 0.06248080632966898, 0.022774944739366542, 0.052715707960855444, 0.0282602286347763, -0.04998321323032199, 0.09108771978322125, 0.007940020913123149, -0.023403571948931112, -0.012611206295486153, 0.007655900232710806, 0.007873969408751685, 0.00022959741967694804, 0.018720480331719264, 0.023083036983289607, 0.058367542853405105, 0.01078603071045731, -0.027237100380228873, 0.043444130515951, 0.05963537222266509, 0.11706925180647416, 0.011175594502606783, -0.003577906805075164], [-0.03494765037132037, 0.6592646025228561, -0.2400763699381367, -0.24376654454946994, 0.018729945630743983, 0.04636356206054134, 0.07830867506877938, -0.005727590162624184, -0.0011336496638059777, 0.04378267773529715, 0.18361549231270727, -0.00029449544234289466, 0.030530138136530306, 0.01053585642415839, 0.06690431954960102, 0.010353723345717505, 0.008162537120666778, 0.011481928403932789, -0.009223586703469382, 0.014184597449243939, 0.0005658754421009494, -0.0011875301809543902, 0.00802992394354636, -0.015333605141000992, -0.0037769223094958823, 0.004443374328900195, -0.0077022908202140795, 0.0032111948740215788, 0.012620098346476833, -0.0030373184239805475, 0.030524140873250546, -0.0029774108705702454, -0.038687937116885424, 0.03572852759408818, 0.01796683513273767, 0.031423330859216524, -0.018984024169353166, -0.03693112434304427, -0.01237082516598931, -0.00794732214687511, 0.010726333046826901, 2.4310495711441407e-05, -0.05761824204634101, -0.0378639095609395, -0.04569332336127619, -0.06638742025450843, -0.009640299759492665, -0.018821319193071947, 0.010947815104110551, -0.0016186495104551322, -0.004344579220183041, -0.022315471804132698, -0.03959403522395195, 0.007177151553366122, -0.009947555036744595, 0.03189789086939145, -0.04344153089519718, -0.03253960318721738, -0.017455949974759345, 0.022402085295524895, 0.03352821888424207, -0.031090393446225842, -0.03755202296016717, 0.032092403454571476, 0.014576107157314219, -0.015232826412574904, 0.03694690347370855, 0.028985068278655032, -0.0016863254212617844, 0.06840808226390874, -0.0355296795429033, -0.02498284382166226, 0.0026955895610095877, 0.05461727142121089, -0.015413549898541701, 0.008682798800298602, -0.0243210797530923, -0.019120073679507122, 0.06686891156714035, -0.01415278703433218, -0.03253231758346803, -0.08572958854450294, 0.020868161899978643, 0.015791309772593926, -0.041034141646771015, 0.07390293256906305, 0.006027754017529673, -0.03798315045085986, -0.028865437609012206, -0.007152752579089621, 0.0375769505015032, -0.028343972406054047, -0.008077278965301051, -0.03776232084232149, 0.0347985403498733, 0.009330418653942458, 0.08435230541914891, 0.0816312986352697, -0.010295538649587523, 0.035626809453824265, 0.04991943587581487, -0.027527848141971737, -0.0007520993695708344, 0.0726843815276724, -0.049111567813743526, 0.042395807538108066, -0.020308068360241623, 0.037540493477243225, -0.022204966832531463, -0.034200381281169784, 0.022133258484888153, -0.04353571334068306, 0.02991048299351614, 0.012071895028118906, 0.019218414853184377, -0.006136282612378786, 0.01644369818136112, 0.012122786167661641, -0.02779766957227322, 0.008954324776845352, -0.005497033494581632, 0.004553697887779404], [-0.02008880979847479, -0.2400763699381367, 0.7252476378337761, -0.1866123376030263, 0.01159337093938486, -0.040272297930026985, -0.005426009874454682, 0.02288495533696768, 0.007179747519372851, 0.06310039448691383, -0.05817472496069959, 0.06468253285495731, 0.02176387998380136, 0.0333707229408364, -0.01605994937349442, -0.01970385683591027, -0.012274056863728943, 0.011243546965567506, -0.013864059389837648, -0.006331313636526796, -0.008916894696838911, -0.0033366465126090337, -0.008781164743523667, 0.00790955156463017, 0.012943120759993256, 0.006156658985482041, -0.00045172810161345266, -0.013496773896947641, -0.018931304206185096, -0.010376804103699361, -0.09057826390825278, -0.0033103388621929354, 0.013599446426867667, -0.009935642331577751, -0.04734017023239559, 0.0326441564262818, 0.0020741385509715437, 0.034009578999833825, 0.000828058682662862, -0.054800462099240416, -0.005571035190211597, -0.06833708718078067, 0.019594485801786264, -0.04564865484227849, 0.02190404199256749, 0.024869229804344792, -0.004990077131192846, 0.0005498918817779853, -0.016024765795884653, 0.007189647328388503, 0.04705050102033806, -0.026209079110686477, 0.049433500937249984, 0.004324419685909845, 0.020860240563943595, 0.06604702854375837, -0.024196162748865532, 0.030666689490000437, 0.005067263069961363, -0.02071379980947206, -0.036297085048804106, -0.004731774161673258, 0.003949362367015312, 0.01790295861228893, -0.06325706840984226, -0.025741678853529633, -0.08000462177464955, -0.06445817187371677, 0.004326909921208832, 0.0011599657209073304, 0.02733520963866365, 0.01161730238828337, -0.038944338574851425, -0.031220464882560063, 0.03751097120371704, -0.03274746483219591, 0.0174568766959334, 0.04588073802877649, -0.06155773537023657, -0.028060688762212873, 0.051674344112720406, -0.09597496156344774, 0.06434840905969996, 0.028274412369525194, 0.0378562994118171, -0.0735272344404641, 0.02575111335613254, 0.010971854277258514, 0.023874623743922792, 0.05283765058641531, -0.05300762380385128, 0.029958280934746586, -0.04209220940719463, 0.004720428858752621, -0.008174933907826223, -0.031974428944187894, -0.03583461183910295, 0.011748165186645152, -0.029955649391454894, -0.016093327209898464, 0.030715383879913963, 0.06518347942158052, -0.041562599492770996, 0.027517395789228658, 0.006929547496511016, -0.0015448049887055468, -0.009821729941175467, -0.02251644838887595, 0.07652913462691156, -0.003585100525028768, -0.01633990806763551, 0.03781605577350533, 0.027941437355799733, -0.0054195534994542, -0.04313853330546447, 0.01205178734014964, -0.0034323667828870343, -0.010044792336582217, 0.03592292015109778, 0.051688427379121854, -0.005695216273397541, 0.005842410661319319], [0.09159109903186333, -0.24376654454946994, -0.1866123376030263, 0.6009547852525936, -0.019269397067941296, -0.029973235948923427, -0.03501188080538659, -0.0064353785325832495, 0.005619920858554211, -0.1452982704096125, -0.1639937852231242, -0.053618703358043744, -0.02202870322463463, -0.02241508803174825, 0.021458439193261732, 0.0009324126297859943, 0.006890966865037033, -0.004220473143658791, -0.01237681286615828, 0.02046421913543173, -0.002770642362614141, 0.003246926273173808, 0.003387616641737514, 0.011784487281034012, 0.0006701603980677033, 0.012322392965496027, 0.00028167154458322627, 0.005917579609291174, 0.007103155545035154, 0.015755203033226597, -0.0033106372670227984, 0.051174873486343864, -0.05074279239482775, 0.017430514549046667, -0.04140709653200789, -0.0548399298910914, 0.07407489859776158, 0.015079118914971662, 0.0006171853140247428, 0.048399853309122214, 0.08727222346094965, 0.10324518207610935, 0.011154862919154955, 0.03513636999336028, 0.06298117137693264, 0.020550336339340804, 0.014994912200856681, 0.04724279358246349, -0.004973198967602705, -0.00924178229646266, -0.038553211446765455, 0.034075053707936405, 0.009079320154128325, -0.02875991314918004, 0.040998472042514784, -0.06508624253782076, 0.07767503045684208, -0.021055704882449434, -0.031948103748185935, 0.030767713184866173, 0.022971627642809425, 0.016359272276224718, 0.02342452770124075, -0.03331067805693145, 0.04634301115922466, -0.0017852482619831083, 0.02715533105922597, 0.012652024843327492, -0.019743243751865407, -0.021899773182324736, -0.019778213270422267, 0.01949228032032145, 0.07639972751320556, 0.039896987975497726, -0.051202159850778126, 0.05600121028780858, 0.03156154756594176, 0.033052344281162466, 0.019506606618326185, -0.031062177234807937, -0.01929768532643745, 0.1115050337131024, -0.01673381386237342, -0.053376526289511284, -0.01505478275346144, -0.03544409208664229, -0.00030383753147482026, 0.016047516869872724, 0.018420371252636316, -0.043321328818502605, -0.02281286586761764, -0.03365537380300902, 0.04658272786956903, 0.04703701302488009, -0.009601614191741756, -0.0008569822989333188, 0.019492629489927426, -0.04425521868112539, 0.03531558968780752, -0.09925259888902947, 0.03840201376038658, -0.020197183782650317, 0.019068606500507467, -0.13385815019461278, 0.035175185752715506, -0.03806829739359349, 0.036037197260578545, -0.0461451214873648, -0.031699734004996157, -0.016616709475551064, 0.01832055356703439, 0.0741647243422982, -0.03731532156452267, -0.017182226031708155, 0.032800369406715955, 0.07424812242594488, -0.02845943521449945, 0.016544628310636352, -0.01105544765509197, 0.010513704578016227, 0.016230561071537104, -0.007557596646053363], [0.0261708425623126, 0.018729945630743983, 0.01159337093938486, -0.019269397067941296, 0.9022206669844356, -0.0097704593784075, -0.006962430598077088, 0.024580722923855557, -0.018857575886821985, -0.029337409458696957, 0.009691341711520765, -0.038102044118781146, 0.08998134777817568, -0.005124846015742593, 0.05849240619721698, 0.01319295378802888, -0.005102434270266247, 0.007712420220190455, 0.005349312438271055, -0.03289728737130544, 0.006347249872415201, -0.004152517564149437, 0.019821100608965466, 0.003243931434641358, -0.023909563724138203, 0.0015372150537201596, -0.009353866804778238, -0.0076727242200819515, 0.0297309623837397, 0.0030056369436827876, -0.04303641541957597, -0.04968211816911488, 0.027469757999802155, -0.014051170459258008, 0.009057974298187377, 0.03692660570963237, 0.011646707124553334, 0.05511272518605983, 0.0683779542695743, -0.05631684416260087, 0.001593709919066963, -0.02491633581247909, -0.01660867086216279, 0.0934328795749761, 0.1148559822707355, 0.00673813377420929, 0.007284367326603805, 0.00882451129115071, -0.019464325346796995, 0.03371509644689486, 0.04655946251497604, -0.11754287862058413, 0.012719796386131525, -0.030751939661806966, 0.022042595206996723, -0.013350789715122406, -0.03437539674707204, -0.010389893626884514, -0.03754390594589553, -0.06160663724514867, -0.004275667905248911, -0.07914573399433945, -4.964489692114713e-05, 0.09305445401678883, 0.025690565968674774, -0.028595398489186352, 0.028142589182160112, -0.03931225994934519, 0.01812145618071225, 0.0030828146398275136, -0.0373115986523827, -0.14556401200008132, -0.05737847662041157, 0.05940731745298975, -0.03850779154773054, 0.04105851378931733, -0.018891761514054323, 0.031337621429864564, -0.007654311439207719, -0.10149151194723181, -0.004648125698941753, -0.05831451438499225, 0.10406681830501072, 0.011058112826106173, -0.006159725785365555, 0.02297288431521443, -0.047209345978696166, 0.03378535041822224, 0.03846098376486547, -0.051282283829445864, -0.013266461208623714, 0.06608687779486104, -0.027926777686991734, 0.07370036155241033, 0.06873053638575166, -0.026121619592467487, 0.033006083280254624, 0.08516957390543722, 0.05338913998401148, -0.07247049294580707, 0.050162927293940375, -0.078715906302111, -0.04448354978990069, -0.005444241946686413, 0.061172331361201066, 0.0057597568896733675, 0.01067845700576326, -0.00983694455029717, 0.0018781609595350402, -0.034584639340114624, -0.042898694773831736, 0.051004611723469505, -0.05594118610975645, 0.004441973512820576, 0.052214257621163565, 0.05148513584926043, 0.09949104808794598, -0.0102034503258977, 0.021348381129590945, -0.12689953602914827, -0.00023633143962686583, -0.0034476880591784516], [0.05999547269435045, 0.04636356206054134, -0.040272297930026985, -0.029973235948923427, -0.0097704593784075, 0.46250991968861477, 0.010269055415385229, -0.024471550586175398, -0.014145527267587023, -0.06614668876339905, -0.037168831585618484, -0.01601074838712111, -0.004982264400035011, -0.014287713804060327, 0.02865233081684384, 0.002044381903418596, -0.007809723983217622, 0.013392361108926092, 0.007549975534310985, -0.004279650605866808, 0.001284928184391166, 0.00988638503644319, -0.013116016244123369, 0.003987728856430515, -0.009724055784675063, -0.0050473277331416055, 0.01793661804821194, -0.008677438571024031, 0.012967160240384572, -0.013618582561190246, -0.030103008404521944, -0.10277147909421483, 0.016141301402077184, -0.004257181580528299, -0.02089988839072919, -0.055600997203847556, 0.016261924792996957, -0.000258106780344675, 0.027662178675615195, -0.05851356232478968, 0.0671011848639561, 0.012523288512505188, -0.00840257116082513, -0.015480574953515461, -0.01831335714593599, -0.12521779214597303, 0.0438204258074386, 0.005057677796400872, -0.037713551864506145, 0.004231122347790708, -0.018929432015321677, -0.06822317243471492, 0.011974032916764844, 0.03208804083203841, -0.051542121498472544, 0.03782953376215451, 0.05970270400593611, -0.058585546381154034, 0.010896226694574468, 0.016614365251920615, -0.04372096050925424, 0.01916633404375458, -0.02851076985664725, 0.001277764753463784, 0.035829482077066134, 0.04146768614896277, 0.01954443389387527, 0.0004887053616690383, -0.0008062306893095146, -0.059566091432252236, -0.04071172065654776, 0.013167890439142649, 0.01081962475571979, -0.03490236923850892, -0.04751699651221759, 0.02892939393687923, 0.05774633012436269, -0.008781432670273358, 0.0024939069028704114, 0.015645970237243276, -0.04439602124800639, -0.017080833415321527, 0.005837446671261867, 0.009850978990266233, -0.047108638589977776, 0.035784863573848, -0.000979544639542808, 0.006820313690895083, -0.010283579054366202, 0.08924809137569172, 0.060666372057113616, -0.03929889394360101, 0.03128990130584488, 0.019793396569095584, 0.035729954708470006, -0.015787491305082064, -0.017998572454505583, 0.03427725497107445, -0.0023180490675612374, 0.0005231431789125715, -0.027241244336611833, -0.014984765994981476, -0.01632105074581404, 0.022178739488791174, -0.012582899485501916, 0.08816754408661868, 0.027437428029593404, -0.016527874378097034, -0.027290926432170706, 0.04253327283394145, 0.035174551308753445, -0.002308889604169698, -0.01225155328206478, 0.01704424302290802, 0.043405664286681696, -0.021864852017342125, 0.016408667305914473, 0.03665451123092188, -0.00948317524559157, 0.023480528760279975, 0.0014390861599700175, 0.0004642865686692623], [0.021325015752902163, 0.07830867506877938, -0.005426009874454682, -0.03501188080538659, -0.006962430598077088, 0.010269055415385229, 0.9484620391862849, 0.03998080002208223, 0.008532784304367238, -0.009115477846058245, 0.0933348314424779, 0.012996533478392447, 0.00038668862882837104, -0.05889063911844854, 0.03144841301076429, 0.006257334258608028, -0.013839272626436985, 0.02655706883414743, 0.012952607295035255, -0.0043786712384241006, -0.015827669025455477, -0.023637099993659927, -0.019072804298275712, -0.01696906641048256, -0.012423681040826421, -0.0007410757352327471, 0.015603740481689806, 0.010277047176169209, -0.02149947883109797, 0.01512725199801171, 0.09390709129455842, 0.06477247493405867, -0.01894834785868992, -0.06884898631503689, 0.03371510848361604, 0.04665530763525545, 0.013870867161009352, -0.03366428238768328, -0.001756113851564312, 0.05859584044127453, 0.03210701850330651, -0.020519643913821047, -0.0883251762896858, 0.03637545202720491, -0.01830658777783975, -0.0599781944972771, -0.007038215012914696, -0.007064314522907517, 0.06310302481447279, 0.0851825342981518, 0.020799789707326544, 0.08348749752877725, 0.12780857611151306, 0.023506452507720123, -0.03772499018410591, -0.07427116338984903, 0.03590892312486171, -0.03656928256959916, -0.008217967242743486, -0.017364716158765305, -0.03440543676903489, 0.05118589001587889, -0.05315090734025221, 0.001400799205851146, -0.029647601249568414, -0.009418057635804042, 0.0744914897136717, -0.03114621389146325, 0.01682373833673975, 0.0049369078711864545, -0.018817849184538542, 0.012254115464836235, -0.06435575133267703, 0.09981993137924265, 0.0099918813007269, 0.0096822659820673, -0.03149259481485089, -0.10553385122312685, 0.05848649150015518, 0.05964481193925262, -0.028820042949049583, -0.08871895111011549, -0.0091763094978931, -0.004175387436497931, 0.011073742480294635, -0.009667512648371195, 0.0031240806017273715, 0.0525085272738316, 0.017666898277375633, 0.0015599501363781267, 0.07242987248426047, -0.025925647349106108, 0.015584335586748911, 0.06052370184098468, 0.04741853694749998, -0.003920500206357598, 0.017505129553136507, -0.03174033210208108, -0.00245873676363549, -0.03961260260276212, -0.025135673715559307, 0.07628733183624306, 0.007587816332026787, 0.005873376448897101, -0.04562337282602263, 0.10259942265897483, -0.02223188752615494, 0.034673013688556825, 0.024695087015308564, 0.013929436255914947, 0.015700798802833586, 0.050140305547887364, 0.0718930722639877, -0.00036873243843428793, -0.03541730233617864, 0.04721140035372489, 0.04309073065140605, -0.07130901749037079, 0.013697814896582835, 0.05606933455673631, 0.006580112924069121, 0.00015304750985926658], [-0.0792673300268651, -0.005727590162624184, 0.02288495533696768, -0.0064353785325832495, 0.024580722923855557, -0.024471550586175398, 0.03998080002208223, 0.8913520088303793, 0.0214977649054696, -0.0007330297979177043, -0.028284300787443997, -0.02390636054215445, -0.005660386888536129, -0.001357555455710262, 0.007011025114818593, -0.000284233000783176, 0.008424009305799895, 0.017698339274582486, -0.014860206368645353, 0.007149503402802016, -0.022265322585847857, -0.01207748875154458, 0.024463629745717464, 0.0008032241334624733, 0.00010368555383853911, 0.008990467212487193, -0.002664890858339432, -0.011073879644059965, 0.0031881618273943016, 0.007201591482422119, -0.0599133847366851, -0.01760011991182826, 0.07340031901788562, -0.006173261937083037, -0.004521986396468336, 0.023874528554773716, -0.07955502538883669, -0.07093200209670628, 0.018998892794509066, -0.08337127697600373, 0.020071972395340622, 0.0068295595285157076, -0.04053145165586269, -0.0455043659338803, 0.017088609603318455, -0.0005712774630324054, -0.03560820367202432, 0.032656508657623, -0.03656691503297164, 0.08384140331319352, -0.018464327104947054, 0.05970702921989407, 0.0959727653836144, -0.02352741328659592, 0.031542339088599734, -0.01538454441072985, 0.02961784543669764, 0.007148926181257802, 0.028799760908801635, 0.03551400618011206, 0.013334507727937109, 0.01366939156259353, -0.03638782824134401, -0.015740395105294895, 0.023028698994419235, 0.015381843473230293, 0.016764664280010267, -0.05126937565295762, -0.05035677111088428, 0.09353817203225834, -0.023204507136372992, -0.12029417704122743, -0.05415228832177472, 0.002892561104232011, 0.08374461555913783, -0.024904603245707157, 0.073034031853948, -0.041646941168440116, -0.05279160378930682, -0.04037288081448029, -0.059482560362586846, -0.08261530446650016, 0.04071576648801004, 0.01192136588590802, 0.08252660296046792, -0.11333165246126718, -0.022095236548438976, 0.010732610204126736, 0.06669624225901344, 0.029380121767304614, 0.00972997672713414, 0.00788762782912805, -0.007666480618086101, 0.03739568078791846, 0.011945854779034024, 0.028353460424035096, -0.07414439869530186, 0.029792440983397055, 0.009688635894679689, -0.055577043943477754, -0.003863302545749458, 0.008403128004511548, -0.0599476531025587, -0.04014674470858464, 0.017775067566072222, 0.017672870586649216, 0.0008387418855218937, 0.0699363689404671, -0.00865948814725311, 0.004075242628395835, 0.05398914502014227, 0.060783856134996296, -0.07467397760684363, -0.006071223070056023, 0.012036172710084303, 0.05440446250182272, -0.05097746874156994, 0.039627972401984714, 0.004213666734885691, -0.012839950004048254, -0.003729043165246299, 0.004003687427014679], [-0.04962910158174938, -0.0011336496638059777, 0.007179747519372851, 0.005619920858554211, -0.018857575886821985, -0.014145527267587023, 0.008532784304367238, 0.0214977649054696, 0.08859353038612612, -0.0008109176712842681, 0.008469979073695589, -0.007705167953793576, -0.028063789004203053, 0.004766497725399634, -0.0025179144663506703, -0.0010489084991309814, -0.0006382982537550569, 0.0015492007450576821, 0.004396639895231899, 0.0036842063119118308, -0.0057970371776554855, 0.0011275121217586201, 0.009212736548820348, -0.006307804975506942, 0.005049062362142581, 0.0030493920413974846, 0.003888739976325131, 0.0034999394217711892, -0.0016322203306685283, 0.0016814344073069964, -0.018283402367208407, 0.005197888431894204, 0.015548462893059192, -0.007144659255329954, -0.006969019532474679, 0.016328268540765342, 0.009031200611400128, -0.011185447775196792, -0.07147267844013791, 0.004726918680872725, -0.007152289234219977, -0.00852239896270809, -0.01794764637041699, -0.005019821677102024, 0.005154681903429833, 0.015172863110747739, 0.0006975668491533434, 0.008821314717839562, -0.006254258672273522, 0.027238595701567676, -0.0037269739177021124, 0.015089426800017456, 0.005804007038883067, -0.07924152398901607, -0.007631464080396697, -0.002510489025086442, 0.0025375939865613303, -0.011484282711154984, 0.001155431316132012, 0.0028640862037022734, 0.021319338636894974, 0.013455460848490523, -0.01356877584869614, 0.013495368480262868, -0.007571343481924822, 0.00267754520902295, 0.018897993574072583, 0.014825791926539784, -0.08478749139431999, 0.006809519261892133, -0.005491650211490351, -0.0010583098093694962, 0.0004231227609452326, 0.009962464225587692, 0.028870764802817073, -0.0006698204514887985, -0.02466115365188841, -0.003604341340771775, 0.01803405368313462, 0.01816708409344596, -0.004220805978781158, 0.0036868931760162104, 0.0064611314166643395, -0.08226150764640228, 0.005290588114829308, -0.0008877609541814525, 0.011159101919799042, -0.024806270224663328, -0.005299366576217401, -0.024503808687976934, -0.027451610864632027, -0.00016792344953161115, -0.018168393770648224, 0.019914086360546458, 0.00457475240151451, -0.001921134030955601, -0.0028311341194377057, -0.011687492310810064, -0.07326093824741302, 0.0010209810522297962, -0.012412747782451673, 0.019082530003806976, -0.020450806886722506, -0.0030723934687566573, 0.027020871368016574, -0.027832382165957775, 0.014603490045122567, 0.006263687668665477, -0.02522201854945547, 0.013936662333250709, -0.0030564788185137265, -0.020520546788964613, 0.0005948962074507855, -0.0680252027903143, -0.011804697840523312, 0.00804196671734064, -0.015034409637483204, -0.026080814859791544, 0.035736813487366056, -0.0001709162603598458, -0.009503858841291993, -0.0008735122796545026], [0.10418121980411836, 0.04378267773529715, 0.06310039448691383, -0.1452982704096125, -0.029337409458696957, -0.06614668876339905, -0.009115477846058245, -0.0007330297979177043, -0.0008109176712842681, 0.6139144738143473, -0.23779400897509623, 0.02967482546383994, -0.03834326091296301, -0.029886628516192313, 0.12820962490567872, -0.005339068946510041, 0.0051171513242810225, -0.01364905820466977, 0.010332904915229271, 0.0027309498698247325, 0.00895937396164577, -0.005430222714338394, 0.009905480771608039, 0.013043963661581877, 0.008511433532361877, -0.0004456032346290916, -0.015623002900290471, -0.022197490172093864, -0.01045551635634218, -0.0032639909874097608, 0.009078794996186055, 0.0016118617326329326, 0.08536928143073566, -0.04602867622567784, -0.012882020079164502, -0.016709612445154735, 0.04317693485036413, -0.021500332263065216, -0.004741023140248239, -0.09859824688828733, -0.11755900541696265, 0.004471675060915637, -0.006277702061330489, 0.06660375826331363, -0.03417290619260282, -0.02675555910292134, -0.041363662507849265, -0.029263264775822487, -0.011419128020430972, 0.02009553886498372, -0.02522931804706153, 0.05077913934993734, -0.033820166324711645, 0.010454343261760653, -0.0973595460074101, 0.036655805552108615, -0.009638895417874126, -0.00038209843474303583, -0.06752946781422674, -0.024731524062650452, -0.0328299474764639, -0.003013027824744905, 0.029924395464419624, -0.05353204975462464, -0.0655911597800571, -0.05117723007621374, -0.10381153525765392, 0.008923639577935653, 0.007363482786201115, -0.060483121219911444, -0.05678549948049982, -0.018812628259338018, -0.04566757789006544, 0.004839036598753113, 0.019259792119410514, -0.06587743968728281, -0.05245105153726518, -0.01660173360994479, -0.013161196801199744, 0.03662781901099655, -0.055273152326997456, -0.0017814910257851705, -0.04926052610218366, 0.0508775447787946, -0.08937713449409042, -0.0006630077204578984, 0.011319238448303043, 0.006903636240422894, -0.01877245093062786, -0.1080460122479663, 0.08877633957792283, 0.006167107312415141, -0.01383410996235949, -0.08624662161562284, 0.023335948345076313, 0.05362555258462278, -0.040560754503221656, 0.011006771848772225, -0.0008479200261046867, 0.18416360622334582, -0.07139064350697906, 0.04400866295334564, 0.05311193314870535, 0.05043692266997408, 0.0486366571446361, 0.05224280147651039, 0.0345106711935629, 0.006904555650382578, -0.05421165190679437, 0.05600899580350513, -0.010022872879628626, -0.08123363705548446, 0.04543316189047429, -0.00035071231342719537, 0.017659105989894095, -0.08280359669070954, 0.0208905605205656, -0.07008870937005615, -0.04302634627954624, 0.009335361640098927, 0.003969619178730312, 0.009988927976691436], [0.08203917322279126, 0.18361549231270727, -0.05817472496069959, -0.1639937852231242, 0.009691341711520765, -0.037168831585618484, 0.0933348314424779, -0.028284300787443997, 0.008469979073695589, -0.23779400897509623, 0.8043771475592977, 0.01808652481027942, -0.017925315955808426, -0.03285021055424086, 0.11158647447388836, 0.01672140574241509, -7.648325950616377e-05, 0.015465330190443471, 0.015004601532209491, -0.000310111942996249, -0.012212588857015049, 0.024118628899918476, 0.009922945086468836, -0.021480251875276527, 0.008630111482007348, -0.022176832209054448, 0.0012400949951717778, 0.032618182347567755, -0.002567902358829415, 0.017409034762266056, 0.0257876974271467, 0.029958304583336367, -0.028108228670993243, 0.011475294844870672, -0.005929050991415587, 0.011497883967197772, -0.022608836659914706, -0.0028456436062070174, 0.010778424806327945, 0.0027849235545752415, -0.0926897116955547, -0.06751969785874123, -0.015257102765809582, -0.023810496178468078, 0.02297976382020365, 0.07033796104620224, 0.03619110548301557, -0.06687434490509782, 0.02101348023598655, 0.04715025001535281, 0.00435237561557247, -0.04637702649969284, -0.039241041115467605, 0.008247240654169674, -0.013396017873751338, -0.07779391325660376, -0.09042534221924187, 0.004654391028290702, 0.03755199771525151, -0.024192571660357008, 0.06023246210305573, 0.01175662852352146, -0.030331305041526868, 0.028267484361823844, 0.0348206175442835, 0.007752484290107057, 0.03376646693364601, -0.013420986753260911, -0.05507278992463637, -0.062403285534340915, -0.06181049659904575, 0.04920439723710936, -0.013446969730621268, 0.04945983015193812, 0.04580060381465368, -0.002970101407458196, 0.028230754734371397, -0.10629259357838187, 0.00079811713262546, 0.04302900205222174, 0.013783207363404992, 0.048328168551918974, 0.06148399225993131, -0.0005742734986705432, 0.0038101894370938727, -0.12764433447760581, 0.04105035054605069, -0.0342185040730549, 0.017264220196146384, -0.0020439627925216927, -0.034112191015162316, 0.0719138936780771, 0.01978756451925703, -0.053835893123415954, 0.03042892482511161, -0.07936167313613995, 0.08261570637122502, 0.031483998172702865, -0.004414955717277646, -0.06469597891821349, 0.09306798225933138, -0.032211164809067286, -0.07658713249561211, -0.019782315537107787, -0.07827299796598304, 0.0025484313970043273, -0.08092136447726007, 0.10993962923967027, -0.01421715135127294, -0.043677755022988596, -0.005639851699274356, -0.06472253290555255, -0.07432301207330314, 0.044004239724454344, -0.10302425018158631, 0.06341991660903083, 0.03323506219226047, 0.017817415940427007, -0.03396475261000088, 0.07458389586594798, 0.015409781926733972, -0.004173055664244518], [-0.04969508900493395, -0.00029449544234289466, 0.06468253285495731, -0.053618703358043744, -0.038102044118781146, -0.01601074838712111, 0.012996533478392447, -0.02390636054215445, -0.007705167953793576, 0.02967482546383994, 0.01808652481027942, 0.9968797995047521, 0.02324942793382417, -0.04464480590393822, 0.010118086572034439, -0.014087804968917364, 0.012398844653209914, 0.030109278030961487, -0.002186385747223286, 0.020978171494743555, -0.007319688293627368, 0.00228716677105116, -0.002294046317488136, 0.0028650852182554717, -0.016902741389803105, -0.01616375853563948, -0.00105645620897493, 0.0018407507123172325, -0.007635146622593225, -0.03045447689134551, 0.013148229333387905, -0.02371170765279861, -0.02348658817704156, 0.09740806800873666, -0.0603992756840659, -0.06678572818923538, -0.022129242338134358, -0.08998080699241787, 0.031926859190425386, -0.03725781811171078, -0.009339217986332388, 0.008993052992846976, -0.047217284896998134, -0.07032389252237026, -0.0031398558654967554, -0.00856700047157507, 0.0673851745698106, -0.04752077985096951, -0.07408928703479105, -0.06799504058655013, -0.008770641689820002, -0.051362271573034725, -0.03895349403299224, 0.02816881920165931, -0.039136910139892775, 0.05451821773328225, 0.06013715467525737, 0.03621682138260052, -0.03869345607867257, 0.05683125336318984, -0.00012481447605541766, 0.04920225271715064, -0.03014492879727011, -0.045047355776748996, -0.03739038926980393, -0.07052409619540878, -0.032086345240275135, -0.11217284006349791, 0.07493906659857, 0.016782113652685296, 0.10516384289779032, -0.029986524148158188, -0.08017807638130459, 0.09550658839399896, 0.004783410475621976, 0.08551881596878118, 0.05208050175532, -0.05641314049270515, -0.027615984711948073, -0.002623597123337052, -0.05532582565233576, -0.13372297161476238, 0.03547912768061011, -0.006651783225735172, 0.04543059270849108, -0.02817935906321216, 0.02665763541787728, 0.008890479236576033, 0.06662247785118074, -0.05603521629860671, -0.04291862374009867, 0.029105948969603064, -0.027993027982995567, -0.024125058797643, -0.023448790801260545, 0.018190245319936245, 0.053350309917528975, 0.06064893701275637, 0.01730606315939572, 0.028104477567643036, -0.07387504646471893, -0.06680700094363086, -0.01686762514769808, -0.07153096336669806, 0.07743705972914264, -0.006466162973386801, 0.048676739916361046, -0.05454943124229932, 0.04577776182631283, 0.015226780450467887, 5.445095644090096e-05, -0.08439931431232861, 0.022915344610348845, 0.06742318937699174, 0.030786353338915436, -0.05630599687539496, 0.015565989201741747, -0.04859262589491894, 0.02684367058107326, -0.018643726046863627, 0.007463182928663437, 0.010080147442164454], [-0.0475615232451183, 0.030530138136530306, 0.02176387998380136, -0.02202870322463463, 0.08998134777817568, -0.004982264400035011, 0.00038668862882837104, -0.005660386888536129, -0.028063789004203053, -0.03834326091296301, -0.017925315955808426, 0.02324942793382417, 0.8674168725145965, -0.09706966699269867, -0.014676950234615023, 0.010536338577322953, 0.0005974968705700102, 0.030917958389012557, -0.02311158169808514, 0.003401183509251763, -0.0018750428495879384, -0.028076937054410587, -0.017675458754476917, 0.007345450814883182, -0.0072621640177384155, -0.011243130664424308, 0.004220503288301544, 0.006021655415637519, -0.01033648048376933, 0.002810522041760012, 0.04285124618366805, 0.015358523362362866, -0.027553002031926666, 0.07543992477375866, -0.009635672342246032, -0.0357964874260829, 0.00015796760009901696, -0.0418312136751767, 0.03812102543124921, -0.0017243074489450628, -0.02652148904405618, -0.10274370945170294, -0.0374983227381717, -0.046154732889357716, -0.02586721215289289, 0.0033579213454807185, -0.024220191978655884, -0.020437752197629434, -0.0013800840558525966, 0.05115606498290752, 0.022321235793709482, -0.10384104596460428, -0.06572434204788281, -0.024886468310101703, -0.019264179246315027, 0.0041627136294409796, -0.08832517392081443, -0.06925108608310243, 0.05020476935579401, 0.014208399709943394, 0.03869407582037463, 0.0038940240260700973, -0.0026699834737353117, 0.00854088684653469, 0.10071135818331611, 0.009161793860395912, 0.11123445121552018, 0.02305604042798288, 0.09038816374689894, 0.025085095668376037, -0.04827645608451699, 0.023941030787128018, -0.09200297499331093, -0.0049500110471662915, -0.010785134324033038, 0.01676095439639918, -0.008593914253438003, 0.10100113980250976, -0.04612467247286675, -0.09473829525345824, -0.06662196671789235, 0.05927517157502192, -0.059156358322515194, 0.00024765392776955104, -0.05100836354497896, 0.019962816371730294, -0.0941423406907197, -0.03568010199347189, 0.017038655308621607, -0.02576065749515349, -0.02332677768172849, -0.01577343890005962, -0.006109133231756033, 0.02396574209730976, -0.043846638550333175, 0.03437733033644491, -0.039987995539395485, 0.0380940885626776, 0.054461996193586645, -0.0508970828937104, 0.048034504152172794, 0.002829807317759245, -0.08027265423922567, -0.004323796058869787, 0.046020305311071034, 0.019640399652375077, -0.05895329013858774, 0.0505898132875259, -0.003634431425229247, -0.014136272905071268, -0.01908125906905335, -0.03438076109521076, -0.004800533775674122, 0.05297621334301476, -0.04888399642740685, 0.0605383797005429, 0.041665047630028665, 0.010830359680879227, 0.10008180519179447, -0.03051074276244491, 0.01478403761672556, 0.0008226662655739092], [0.006462213631852075, 0.01053585642415839, 0.0333707229408364, -0.02241508803174825, -0.005124846015742593, -0.014287713804060327, -0.05889063911844854, -0.001357555455710262, 0.004766497725399634, -0.029886628516192313, -0.03285021055424086, -0.04464480590393822, -0.09706966699269867, 0.5327699468316134, 0.2778530778028402, -0.005674610194527677, 0.0008923197977074267, -0.009397846027557118, 0.014092039009209379, -0.014557081966733667, 0.009260636123762987, -0.004294719201596531, -0.008424525376219759, 0.002005877535678357, 0.01667525195160254, 0.0031389803277178554, 0.0037294136811477337, -0.0033902402532442824, -0.008784208850025912, 0.0002665988234445491, -0.018822649471330038, 0.030673527838206763, 0.001340680159043266, -0.05738683274482094, 0.0251668513963258, 0.00278129510185841, -0.029537749496746778, 0.02532983438902449, 0.004499635253198687, -0.020168773400857216, -0.005079198852284331, 0.035421855563052045, 0.0003523606882850867, -0.08976467929154502, -0.0010440612656100366, -0.04795233838769086, 0.019637003518036614, -0.02863485606280029, -0.04074629635512299, -0.08514545429262571, -0.03606944766552625, -0.04312789759061186, -0.0006492493205017444, 0.013461558611387632, 0.06948334154074347, -0.05203885153546008, 0.004685963769841981, 0.06185450285217531, -0.12405531432417176, -0.02137920179029944, 0.004513995374824295, -0.037521610736212435, 0.013335164359269827, 0.006627382891450485, 0.016291176728473376, 0.0016147623800284925, -0.06136607455512881, -0.047179147163589466, 6.623985524611353e-06, -0.046915054353182495, 0.028039962406349477, -0.01220245425768097, 0.00043119034396840315, -0.10757437252921785, -0.017284935880456365, 0.005894216400302788, -0.012895959540989616, -0.011845275835776924, -0.0014826267686318688, -0.005090881278026077, -0.03734613779942616, -0.05840734999708346, 0.02069247010680779, 0.014175948602066413, 0.018059697801062778, -0.06846027339203832, -0.07128886828683711, 0.032993271273071, -0.060388104131111515, -0.003776323413838014, 0.03853365670715309, 0.08783932543747622, 0.01827840178175972, -0.06828473014510839, -0.03283305487626849, -0.02214923698519824, -0.030046026365299208, 0.0022639929754231106, -0.03506349016880262, -0.016009605897199197, -0.0424427899270694, 0.014817782011501721, 0.009669222007146743, 0.12663753158069732, -0.060317522436319465, -0.02886330066197118, -0.06288315374980082, 0.02644997191274043, 0.050917290104143136, 0.01587780441151073, -0.037070677442501254, -0.027848579381422246, 0.001652432690270096, -0.016583588527527632, -0.044046015712520085, -0.0892146628663092, -0.0003644818334940544, 0.07571532398103409, 0.052557886395772815, -0.0063843481871855845, -0.022942083326972063, -0.005374039474272334], [-0.01707549704668107, 0.06690431954960102, -0.01605994937349442, 0.021458439193261732, 0.05849240619721698, 0.02865233081684384, 0.03144841301076429, 0.007011025114818593, -0.0025179144663506703, 0.12820962490567872, 0.11158647447388836, 0.010118086572034439, -0.014676950234615023, 0.2778530778028402, 1.1499516856654202, 0.009289924043305461, 0.020800663975240438, -0.020326282948522064, 0.02946767380743418, 0.017122129960993028, 0.011077896126439387, -0.0015580150429144388, 0.011560970896960919, 0.01217992082657942, -0.008095995232986902, -0.002176097734347973, -0.001380696522004405, 0.004877864756129951, -0.00425605036678737, -0.0032029477756856813, 0.07527039004164635, -0.015524093487459395, 0.034103220402736716, 0.01562687598551397, 0.05748399456376548, 0.020231196903749717, 0.029508874208881222, 0.04678617204057558, 0.04523577738350843, 0.021121261085874348, -0.07231002336461304, -0.02666039608179525, -0.003575636825182618, 0.05221919875724489, 0.022319544205492765, -0.12206135405371928, 0.028938598454585726, -0.028012816622596484, -0.057772281060490045, -0.10054482437756321, -0.002542323590044871, -0.0054284574837530014, -0.07538650563868546, 0.0691794557372654, 0.01675712688831815, -0.09200656597119451, 0.012150089996371675, -0.017656065542504817, -0.14873133932030239, 0.13024089364065478, 0.02795809326749511, -0.04758186279246567, 0.060749989937809765, -0.021599181317980404, -0.006370411241093821, 0.021576600948214213, -0.05372763996550502, -0.03994449883753125, -0.02388464270356542, -0.05075072655920047, -0.10402597580860853, 0.03471960447600474, -0.07383785721110146, 0.10699978562070082, -0.07215365916505066, -0.005703556223144437, 0.09417785676868318, -0.14331791853746878, 0.01804865317906455, 0.008462835578636052, -0.11700777393749795, -0.040016046575619975, -0.05326572353929438, 0.015218975371787053, -0.03688554377148556, -0.07119009413583693, -0.0496082216993697, 0.0976935971026204, 0.055064170622714306, -0.06717380181698314, -0.019992635028404013, 0.060039492325301085, 0.07140037541640055, -0.10429434907232268, -0.030400511532057712, 0.025421029804674852, -0.04951537616222425, -0.01681164399951294, 0.004954684836055506, 0.038334842860932625, 0.0353313813809613, -0.021191517991267072, -