{"inv_metric": [[0.7082257672328448, -0.15218607937621534, 0.0861328089157084, 0.07893471924140327, -0.03905941537442853, -0.02494524531316254, -0.035784570601732034, 0.045238129876140655, -0.014961806010476421, 0.024787555456789446, 0.12429350818701101, -0.013906089665319397, -0.025701234420344166, 0.08461746606905195, 0.040452022781496365, 0.004614748850535132, -0.00891005753391967, -0.0022403985360019626, 0.009028609240569651, 0.006365837571869818, 0.009630670817222043, 0.004209978519920947, -0.01886430448587045, 0.020594425640759185, 0.0017437541550560578, 0.006364927471321398, 0.011485208544192188, -0.006869926531561314, 0.008967569335099212, 0.006891828235450312, -0.07860432749698967, 0.0025288943503867845, 0.14299549757675803, -0.11730283451786713, 0.05314192791663525, -0.005745324451964345, -0.08403645551781286, -0.03143249537605958, 0.00034437035534381707, -0.005415862649274539, 0.08044471891147978, 0.0036561242098761514, -0.03371898360613046, 0.023798525966766078, 0.07258372860692486, -0.10868342549696038, -0.030966102928725862, 0.028014150234059655, 0.015726396341199496, -0.029478511182684755, 0.06617486587233073, -0.007821809397354815, 0.030047668744747364, -0.02610737744853791, -0.01684835499610074, 0.01274541034569077, 0.027998584951200525, -0.014990860497322444, -0.0073144071443387425, -0.023538857992296363, -0.04583211536636532, -0.010423296572733533, 0.06715746531829081, -0.013210723660931713, 0.0611958297023262, -0.021106925547888924, -0.008639756075660913, 0.05166379274615806, -0.03632851151418105, 0.006175100012486777, 0.04042825800404259, -0.06372683872130168, -0.05755916372123328, 0.025603235113405818, -0.012782399820836853, -0.010634362383003703, -0.07762964614141561, 0.06094341094270558, 0.05985576295274114, 0.06865123566325836, -0.005551883466974929, -0.055979581162709444, -0.10083775999053238, -0.051675780034461154, -0.023179316300151732, -0.04280150185002275, 0.01949116681024424, -0.00434642814045281, -0.0264922058608517, 0.12119182753148215, -0.003844249805670081, -0.011271958851876415, 0.030455307009826234, -0.0036387541020336833, -0.1028580102073769, -0.00442596667812805, 0.009854146750440794, -0.027396384833199724, -0.031394727653367725, 0.03820702349741245, 0.0589556453347488, 0.02822801450821232, 0.026559560194341164, 0.05045414530119044, 0.01899230529786199, 0.08854429704444551, 0.0023408302546029406, 0.03692776972378958, -0.0010691681017536586, -0.008782270900559965, 0.04531915303373099, 0.051436768214053234, -0.02097441001167079, -0.028217112473775556, 0.003747888314109182, 0.1882655493880536, -0.057006378201614936, 0.039237978501075535, 0.056323738312158526, -0.010719424405455416, -0.016674791694090904, 0.008470277814706174], [-0.15218607937621534, 0.6925258415008662, -0.11996969256331051, -0.21628539251749548, 0.06958747439184733, -0.025051814363296038, 0.048238786526100426, -0.06854185254340701, 0.007270725924587667, 0.08691150373713491, 0.13464866150388186, -0.053190923737297204, 0.040760634053617247, 0.016031548302491993, -0.02199322597295054, 0.0030534085825935403, -0.007039436405808822, -0.020747845367159207, -0.009447987075565715, -0.004918459693788725, -0.003846061135564857, 0.0026849340121007513, -0.006919327284570849, -0.008615962525602615, -0.0003130742158625547, 0.007065137618565756, -0.01132270587376218, -0.004286804649216939, -0.004935646916140706, -0.0016385141289206586, 0.04736137897102382, 0.017616854598824117, 0.06279488867160984, -0.000798286895430207, 0.03687491042816248, -0.042183082845235476, -0.01952634717396162, 0.047439783324593796, -0.0171051383425331, -0.025449280862034206, 0.008095069782358709, 0.0023970650326712757, 0.06346562728789218, 0.0052331787030049925, -0.027301819540515287, -0.005449774268262039, -0.002062118354162711, 0.04298724155680953, 0.013528154490534067, 0.0019213161784485814, -0.05850956104788129, -0.07509170196802682, 0.028944652648862285, -0.02827856883010452, 0.006483382755147834, -0.029811405925031287, -0.015451300364034791, -0.03313474516940228, 0.0018373703959018365, -0.0028298016080434687, 0.016158327432818205, -0.0025591962576497346, -0.0036067368958631663, 0.016703453760447476, -0.01718460147428673, -0.005823158462226667, -0.019925135624942455, -0.06217809931241183, 0.01688196856321283, -0.038250042562427346, 0.03881932390817456, 0.06217540622341954, 0.06775945060256558, -0.03109701085339911, 0.07592587203694877, -0.061053194269416015, -0.053530437624970055, 0.03115621296165078, 0.04768764897884264, 0.08700409807667633, -0.04162813586284619, 0.07430042453901244, -0.02464590445107651, -0.029803969955564592, 0.03863605358826398, -0.012269163544055621, -0.07007983208971554, 0.018760928927714002, 0.02232518932147828, -0.0009531395146858314, -0.07284384328874301, -0.08183087677479707, 0.014732997088974784, -0.010453962729861137, 0.13761639313153268, -0.011464055759888412, -0.04649848005355599, -0.004211222350034307, 0.023019796044988477, 0.016770853427596398, -0.0046826312460984615, 0.04275303701991219, 0.037720753975483266, 0.06961647221556992, -0.005111499571664339, -0.06869756157342943, -0.05711907319596063, 0.05525778197801822, -0.030534719401997694, 0.03737540466047176, 0.00897661556224207, -0.021526629092881788, -0.04863501356076622, 0.013022164317781136, 0.03507996910648928, -0.01634620272387163, 0.031549867049550005, -0.004808164573410105, 0.036930837147089716, 0.01767304987943896, -0.0038064509457468878, -0.0044693670005482135], [0.0861328089157084, -0.11996969256331051, 0.5064827996032973, -0.15743639112212932, -0.06082645416098102, -0.06819381755012394, 0.028742909143096487, -0.032802192124249244, -0.02475788000201886, -0.09350648874942111, 0.03568994959810493, 0.03369109136527495, -0.08983515435021401, 0.07710060861366971, 0.006253052568771555, 0.002574579289253471, -0.006569586057034334, -0.002612612655954129, 0.006858072792638577, -0.0004693188357842876, 0.010101554899422193, -0.029079897145459933, -0.015268053888314408, 0.01707408228840214, 0.007299383514478807, -0.0008124783784806314, 0.011600700462521494, -0.0015423624285614656, 0.0037729743211957194, 0.008368387542501046, 0.08887759191294775, -0.002276886686038338, -0.013960926441743992, 0.01851042241034215, 0.05862884820936373, -0.01842736868520298, 0.013381069935730627, -0.04583523536420738, 0.009495775698254787, 0.033593437286086554, 0.00016347122062143545, 0.011773692720252452, -0.029945404665914818, -0.03149903675607645, 0.022886537950959386, 0.018395640118700613, -0.030977253215982402, -0.01962466906392606, 0.009500194593769619, -0.11616623632562884, -0.0007886784247070388, -0.09645296963133648, 0.04939024281704576, 0.027992560484972413, -0.07443937024067451, 0.028060176960340553, -0.003360165923920787, -0.0362876858448212, 0.04345385958068974, -0.04433541818674447, -0.01739718491664823, -0.0046841923361367966, -0.02966872233333289, 0.028245597598966332, -0.011302109757021651, 0.012011182443039604, -0.03293169578197975, 0.014650193500773435, -0.002528472740852765, -0.03614260360033599, -0.08043073653331424, 0.04581668981523478, -0.00017404796270014083, -0.024479455397496887, 0.04388123631716258, -0.013822337832029434, -0.02162794996249342, -0.02179388719958555, 0.043768556000062506, -0.0342983574909676, -0.019568286396059356, 0.02144524612773442, -0.009050566169745984, 0.017636713491004232, 0.02016149387456682, 0.030289608111272025, 0.01465788369232454, 0.04127480294096321, -0.08686313353290202, 0.010602014665886826, 0.0480409408994655, -0.015633450937596813, -0.02475600300538932, 0.05982334282623636, -0.04086672920436563, 0.0510229278021647, 0.0009186434107234997, 0.08006564553566355, 0.02938262605302463, 0.01903497389856938, 0.021030649474185637, 0.009328835862459675, 0.08244838970594164, -0.0021019936197674365, 0.04528969358938651, 0.0689100004676505, 0.050956000305300564, -0.08399187439551606, 0.023073358648862563, -0.03869993601768835, -0.00019110700543684773, -0.06029719236666683, 0.05545872242001384, 0.015741490933136305, -0.016857279988918315, 0.08959930349815759, -0.03288795105564075, 0.042115166043548126, -0.025942832429007853, -0.024330615807787483, -0.020666010335282804, -0.0009435495352232496], [0.07893471924140327, -0.21628539251749548, -0.15743639112212932, 0.6114776198043806, 0.006872820214498686, 0.04755321773335956, -0.020216161405029003, 0.03295763695410215, -0.0007764874627749979, -0.018246850497335723, -0.1800247538936129, 0.018257676402853196, 0.018975121750561645, -0.13849640606861116, 0.012232016951861359, 0.0074714039583938865, 0.00022494531798181584, 0.015271108923004477, 0.007782554077661053, -0.005633504879937862, 0.010872858450011916, 0.03412191413170787, 0.02715971262373778, 0.012325257251062654, -0.0005387140838819505, -0.007176875486545148, 0.0006410503631100942, 0.009456551150868788, -0.00020466932304180963, 0.004250535978098166, -0.06512214869308251, 0.023892055586693932, 0.02661196703455218, -0.05732327751867516, 0.01522276651923582, -0.022893352000020212, -0.016403439947892305, -0.0036971590648605963, 0.015381303775674699, -0.05387736721453135, 0.025016570923097736, -0.03498675374463561, -0.01554457752628551, 0.022449368363411847, 0.01096708003338113, -0.01846228031352336, -0.005788351780146361, 0.04805986072516559, -0.047670334665059336, 0.05503964859128362, 0.011002784619773415, 0.026609508257882608, -0.027432498140926725, 0.010807461010724932, 0.014461629341472609, 0.011617408187777447, -0.032237235386672315, -0.02725058918608795, 0.05404624704476455, 0.059873719835863336, -0.02374908394955105, -0.026342121340408378, 0.04144337975207326, 0.0022860707807467236, 0.014361798549345182, 0.0028205873130255576, 0.03541753784265488, 0.06994289230525574, 0.02245017945431652, 0.028005907613159995, -0.004171521802776901, -0.06393538919710964, -0.029080732793982385, 0.0028132537804010783, -0.0959679672913036, 0.03896619596960985, 0.06334610444336944, 0.04970537315758371, -0.10685281489848139, 0.06591342038741112, 0.006904372929715037, 0.011166675500988765, 0.06006694995576666, -0.0028337726788193874, 0.024203807532808458, -0.03815389112688833, 0.04666546134125185, -0.05092772984577177, 0.03772964754846251, -0.02349860628995905, 0.005428822794926718, 0.041286674528178115, -0.01291098293459607, -0.01831847338659585, 0.01995703450501453, -0.05812873947597637, 0.04742436389109559, -0.05298367270497161, -0.027052578361355443, -0.04539699391629222, -0.007968230330843647, 0.006959487241402575, -0.06872430806852675, -0.0037218209876348275, 0.0399297505896597, 0.03414959206278977, -0.010572513021462036, -0.0023810380816138943, 0.028294992929794895, 0.02058133092260689, 0.050333250265575065, 0.00500966409727264, -0.055206686693730155, -0.001234973425203071, -0.033366173690437234, -0.0405099606543372, -0.05444917746622061, -0.017335522097469126, -0.02251238562037889, 0.042075893664793446, 0.01841535529172117, -0.001176343031073028], [-0.03905941537442853, 0.06958747439184733, -0.06082645416098102, 0.006872820214498686, 1.0791415327752192, -0.05810971651190715, 0.05552939609030199, -0.11124593620234263, 0.005914974359913619, 0.023097373338196954, 0.028374314660090456, 0.07478836471123812, 0.004172005294543487, -0.024885360757083076, -0.018637818594715454, -0.0027396143142974254, 0.018468516529379943, 0.002058569241901806, 0.013185538208163311, -0.02317921542217162, 0.005444014581906451, 0.004458876220779545, -0.001766417142460511, -0.0028138241421908346, -0.02021598289426811, -0.02590159361165656, -0.00951246575631809, 0.012285143543738695, 0.01523718688491657, 0.002597415087763412, 0.03548148357314188, 0.07447628579614389, -0.010561271963250718, 0.0030460488179719124, -0.03398899207437334, -0.015601667110307138, 0.03955821253657413, 0.06257699768548076, -0.032239567084477554, 0.05067803966798076, -0.022412839831943115, -0.015126469660190057, -0.0569133451406515, 0.03875734351047968, -0.07504301501551973, 0.014932651810514551, 0.054715422207837705, -0.0296566929105713, -0.014850710342630986, -0.05799485594075238, -0.011586781601102854, -0.025473992365727515, 0.03779887775886576, 0.04119581892685184, -0.023915984529801333, 0.0010902767705637138, -0.007374991684992629, 0.04621306329784331, 0.08205077054901483, 0.01969739121348721, -0.14465396547148987, 0.0670459354410718, -0.06720931147796581, -0.013942065270299375, -0.06301426376820884, 0.011774785993460076, 0.04187025835018209, 0.0016123485209207109, -0.012538738581540471, 0.003939686581263855, -0.051617239950686185, -0.071270271414398, 0.050741184676997356, 0.07747935786684808, 0.091009645769223, -0.00337891382310731, 0.0406510819384096, 0.023368444001488936, -0.0358007222497061, -0.037115001976650686, 0.025695499556855544, 0.005297275381434238, -0.07918006291279897, 0.015322164844753567, 0.00612095559139484, 0.05580082377558444, -0.0646972049455595, -0.042493038015119236, -0.0022711071112339514, -0.07083901460913478, -0.0008068993887498367, 0.0891639760582807, 0.027555660448426937, -0.08716911868526499, -0.09784278774284356, 0.04608211399688437, 0.09036062659886336, 0.028586538002139877, -0.01866776524098949, 0.0012247153047933476, 0.13215621415594817, 0.0009269162388579149, -0.08766890790925728, -0.026785365232598526, -0.13352447774333592, 0.027692817285787753, -0.06769695094795622, -0.03569822414291265, 0.01789608775823537, 0.09467635125001066, -0.05409433025574744, -0.06622744952256508, -0.07945230613357489, 0.015394816049118297, 0.028301094309317102, -0.04176579182742885, -0.10559274019450304, 0.022079913405061397, -0.08711366665538975, -0.11049200680551939, 0.0008298913059208565, -0.003855281390682886], [-0.02494524531316254, -0.025051814363296038, -0.06819381755012394, 0.04755321773335956, -0.05810971651190715, 0.4447483326740309, -0.021268505272039526, -0.03948374392402516, 0.011784366162501336, -0.12237507073945698, 0.007010521428487981, 0.036216914097645735, -0.013694660976285283, 0.006697606797365905, -0.031606080160954425, 0.015553794431423849, -0.00922659836498222, 0.004044615788428086, -0.0019728501041325363, 0.010442152634419099, 0.0011378619714325598, 0.02724773626086674, 0.011779961052136726, 0.007061243023230234, 0.021843712291091597, 0.011167237106603478, -0.004300204515294326, -0.0020699753868225787, -0.007541283142838598, -0.022997720637050585, -0.03205545254338067, 0.0055579312017249045, 0.01561897239562263, -0.013755092105650875, -0.019643185242760097, 0.023451918400715616, 0.0027309842715440512, 0.04273479379677264, 0.004017042050138779, -0.05115053718614414, -0.008342755143642692, -0.026057263442614678, -0.024149885892945644, 0.019303691232456455, -0.005987976987311198, -0.024135216273562063, 0.011747261077682722, -0.04355796087064045, -0.00765948396849289, 0.038627522822001444, 0.06240755935571321, -0.007946289250258554, -0.02221761776446431, 0.0007859744101987976, -0.03598723984419795, -0.01148669465517505, -0.02048230167758994, 0.011832558607692455, 0.00772833150662071, 0.0410209065053924, 0.009376606445133825, 0.000915958694328198, -0.035833296363485555, 0.03748595823816454, -0.039339893976624546, 0.003866898646914778, -0.04538073944938267, -0.055975731579547425, 0.02609497190270078, -0.0035845504859356755, 0.025645884272012278, 0.03338812011005177, -0.04469763651937551, -0.030218125842685586, -0.004226621930042608, 0.03181993385777649, 0.00724921015158482, -0.007238849436538304, -0.014256373559208453, -0.035134960709090036, -0.012826282626743792, -0.052149923918716055, -0.006837779717467571, -0.016722885593688893, -0.029003991563451608, 0.024019442237041534, -0.03170282611956417, -0.059558194052210724, -0.04425428297254864, 0.029429041622060448, 0.05344932981951575, -0.0004937677578009699, -0.005148279320616943, -0.013283760079403115, -0.00661375489447031, -0.05916868370226786, -0.010021417195753857, 0.051369490294668675, 0.002029006058491533, 0.006836527556607977, -0.03988392092878914, -0.01801073645354161, -0.00328027706748816, 0.05316876632763044, -0.025674340980149313, -0.02417298204026992, 0.03252975244023165, -0.016249981704814384, -0.03006551726544662, -0.01036392960726683, 0.00521260833250443, -0.016399333076822033, -0.03311757881362848, -0.010398371099597735, -0.006583740709050166, 0.027297904292290377, 0.06369953588851157, -0.053163658979560706, -0.02611847550414768, 0.042268000867038025, -0.0012544137769199203, 0.0007506238412406539], [-0.035784570601732034, 0.048238786526100426, 0.028742909143096487, -0.020216161405029003, 0.05552939609030199, -0.021268505272039526, 1.0489669874916066, -0.00584763513072908, 0.009885021139618137, 0.04070213215677826, -0.018506881102999917, 0.002133502737372084, -0.0578221480641329, 0.003896659736669354, -0.03375723035821226, -0.005012437215187725, -0.010142379058349754, -0.010404548504940249, 0.009621993138147248, -0.0010436412282167841, -0.0013736491904504005, 0.03748525950391109, -0.018801727648770254, -0.013364466714505517, -0.0024331658104615665, 0.008151387466495734, -0.01868305688969852, 0.005550684640365121, 0.006179948420669356, 0.008580591203547691, -0.03883449552144534, -0.042189809566858964, -0.05686958244621427, 0.06707305877428982, -0.029461856494625193, 0.009454332685944245, 0.03691018629089932, 0.023741827053452888, -0.022600033800444116, 0.14821087264597824, -0.17960097204231593, 0.0444181469185341, 0.01333597558154169, -0.08988496546984268, -0.009128090562716067, 0.03652455069037921, -0.018313824276757897, -0.0028540462583797614, 0.04997662152001659, 0.0002891864630666083, -0.001216979406115522, -0.11961999698965227, 0.06010964564917956, 0.001361978832701952, 0.006760604722884118, -0.014573271371649668, 0.10931209519354672, 0.0071870363882692466, 0.02018863084693909, -0.09643920227423054, -0.040375036848311, -0.008278141762939817, -0.039127294961839, 0.06320498522837609, -0.06817853358262667, 0.005406506488256983, -0.02273589628835149, 0.012154886731026613, -0.02907884918548385, -0.011430967181560772, 0.02826542844209798, 0.06376351873586449, -0.037668877227702034, -0.06411707427351192, -0.005079799418307043, -0.04084569995429305, -0.042859989041174405, 0.04163237092081917, 0.0024662713119935585, 0.01269918074112265, 0.008080396335131863, 0.08594104810105481, -0.018908326526575925, -0.044963666740260144, -0.020126625544355816, 0.05962410510169133, 0.04093555283872266, -0.04192020233146313, -0.11517791389754026, 0.05095255075671287, -0.024779182972966936, 0.010626302084697857, -0.021227450911253776, -0.012658310476658406, 0.0335527492830686, -0.05335524091463596, 0.16489105669419674, 0.00024445872172434, 0.047308349951406016, -0.08227699736662814, 0.04750022784947023, 0.03681178108322483, -0.018106720135215575, -0.02822709928749235, -0.004925925424073236, -0.040788668211657976, -0.02579839455272039, -0.04333575984248513, 0.021077419086736444, 0.02288897398789025, -0.023959858709688645, -0.02119321124607556, -0.014647290345078837, 0.00561285318580604, -0.04227039721268134, -0.14206570285830833, -0.03161461513930684, 0.006194309425320188, 0.029223925957540482, 0.015547930063383753, -0.008097315117082185, 0.0029123252247968386], [0.045238129876140655, -0.06854185254340701, -0.032802192124249244, 0.03295763695410215, -0.11124593620234263, -0.03948374392402516, -0.00584763513072908, 1.0497402049564157, -0.0045838943975379885, -0.0047869769729243705, -0.018543606177706663, -0.009042228452364076, 0.004589057785008262, 0.0003954515509149439, 0.11052866544822243, 0.03283292810271825, -0.0036316537789041195, -0.02553346294495363, 0.005983132243150351, 0.0036662897777728866, 0.013996015536154347, -0.021655147713010862, -0.009278449017616592, -0.0010598818668036867, 0.01931782085118963, 0.005571262895512847, 0.0030037225085341518, 0.028028713016900925, -0.006293704038026292, -0.006318305763028313, -0.025821914309306512, -0.055595776386280965, 0.01774918837527313, 0.03443758645157801, 0.030741622229619358, 0.002376095788457553, 0.051587103252639856, 0.012043563948439879, 0.033873135391617674, -0.04402912492293667, -0.03916259555309259, 0.02320542527259098, 0.14005542300125906, 0.04901640028520588, -0.043658728014695766, -0.0038734675561680133, -0.008902796270338955, 0.080669115348347, -0.048948667276666406, 0.0017110486950572996, -0.06545883487397465, 0.046690209364204295, 0.0172400664592414, -0.004858780581775805, 0.04213397232376725, 0.07099283872754578, -0.08811120014389066, 0.032948127984064816, -0.0392734600826987, 0.002106289560452453, 0.028019476702008835, -0.02131714143378306, 0.06774750680612703, -0.048274573125946005, 0.09708465605987021, -0.07513011892335038, -0.02822484852870394, 0.07580508915056985, -0.016040299857938523, -0.010972900298074205, 0.004257668617245367, 0.03306759372648002, -0.04711105441573929, 0.04781253474705596, -0.08554334505544789, 0.04086086325091136, -0.034068120886402764, -0.058252038435070465, 0.041677508153028654, 0.0195320778188867, 0.039192959414469195, 0.024289144100693907, -0.007961527162125727, 0.0034773210650423086, 0.07871910082076199, -0.06324967851807183, 0.02712446928713795, -0.059850727018121844, 0.02477609030412808, -0.08811898525412326, 0.019364702047965334, -0.014706509809571377, -0.041899795705338826, 0.06288948843309303, -0.017688481483388255, -0.009418524612457705, -0.08932502878713511, -0.012058220122474624, -0.018360345490801698, 0.029692833709279273, -0.01568763795775969, -0.11575672694150825, 0.10785770175675793, -0.0496621623122269, 0.013637776653787115, -0.02236430373109846, 0.007051963703515705, 0.03610234484433991, -0.019898034650187614, -0.009278857532236812, 0.030190994750867103, 0.09685098526333216, -0.019156141929702625, -0.016424328487149285, -0.08608005412438749, -0.0003479560292702121, -0.07931165611632679, -0.010691126914183023, 0.09847017833322469, 0.013142672077390295, -0.003732365083328168, 0.00970390185214783], [-0.014961806010476421, 0.007270725924587667, -0.02475788000201886, -0.0007764874627749979, 0.005914974359913619, 0.011784366162501336, 0.009885021139618137, -0.0045838943975379885, 0.07283212011989558, 0.0125376082832532, -0.01024274344225571, -0.00017477705697923788, 0.0023134708642108615, -0.004978255381550984, -0.029895217962819555, -0.002460849256071965, 0.00906229218601202, -0.00016295798919826424, -0.003211627186263642, 0.0016605591808847746, 0.000393382926635575, -0.0022690876807249807, -0.0009357093256418174, -0.016872395878811196, -0.001178426659372223, -0.002153022871659629, -0.0027194523592793778, 0.002259385377657998, 0.0032723703829305633, -0.0028985082152614638, -0.02800597047542968, -0.0023140030980913747, -0.019442152529639857, 0.022176169531652235, -0.013037680288086006, 0.017069326385491412, -0.009336753774343546, -0.007328393055203991, -0.09365003665200909, -0.0015541768150581813, 0.004483850631551938, 0.006981760506506501, 0.012831441798911856, -0.010462893972846632, -0.0016966247154240886, -0.004068913817024446, 0.010110363079665388, -0.009841137778894785, 0.010145842741945927, -0.0017488385841874807, 0.0032837223077844886, -0.0009592873690688923, -0.006922010800513008, -0.10075538315163385, 0.01441376724295149, -0.009405596096536835, 0.0009255190120791105, 0.010765190804154973, -0.001292713866674682, 0.005896479469038069, 0.012627781117562754, -0.01592372496838975, 0.007822872248282181, 0.016520681527343435, 0.016680863280840376, -0.005076476019531052, -0.013342942023497032, -0.03378227626217772, -0.09663157878316982, 0.01943960784268802, 0.005321034786565745, 0.008516407985762288, -0.003705468290676648, -0.0040597740772380896, 0.004533864136844272, -0.02454775451302186, -0.006723362453350827, -0.010366380657814046, 0.004415442351773439, 0.0029714811802238807, -0.005458847214716504, 0.01629450247224509, 0.022266618878914686, -0.09166161553979697, -0.0007904133637327558, -0.006920870484869672, -0.013493507742510373, 0.014373477116018399, -0.021157936132344967, -0.018869272576729504, -0.03286151704751928, 0.00521299272250655, -0.0006026356466690756, -0.018109370348690847, -0.0037587201313178916, -0.0042655123940597214, 0.008503735648673183, 0.008206749912370748, -0.08667899754215946, 0.00022923599826834645, -0.004881945198447384, -0.002255680658334309, 0.0048941290075360565, 0.00947640416680312, -0.003241557478618651, -0.009572919878989354, -0.001950987735277437, 0.002940049097078923, 0.006754432456792829, -0.003344323484356892, 0.01451334911006658, -0.0032160687344726766, 0.01092161351231179, -0.088172714635142, -0.008047131975282186, -0.006332337801065002, 0.015385421043721847, 0.020722065539010383, 0.019271812395390032, 0.011273291520953915, -0.0005263396147288811, 0.0016464037495829715], [0.024787555456789446, 0.08691150373713491, -0.09350648874942111, -0.018246850497335723, 0.023097373338196954, -0.12237507073945698, 0.04070213215677826, -0.0047869769729243705, 0.0125376082832532, 0.4700411585591849, -0.10994572069807214, -0.015681580069256743, -0.010543927183221712, 0.08566020249559252, 0.014495718519370804, -0.0048454865715378236, 0.010850884444722219, 0.012783066439348949, -0.003356265922887767, -0.0029830972820932616, -0.017656931251883494, 0.0073986773467118235, -0.01735007597035062, -0.005104527338861139, -0.004937567042205025, -0.006544046079225177, -0.008364645147108586, 0.016447412307867705, -0.012405450086553247, 0.008114705926126682, -0.05183104680139585, 0.012141420562994523, -0.011052023024864289, -0.0027503930601908227, -0.05858068318610309, -0.022702078440345268, -0.007279637589378339, -0.0038070375290392687, 0.008348551613626812, -0.05163134438652301, 0.0022934714176523724, -0.035884691385773354, -0.037355415746849356, 0.012337162925331897, 0.028297384466762467, -0.005991093875806336, 0.03502197946454771, -0.019644360607143006, 0.018518035220530964, 0.05118422031607936, -0.05219058981730763, -0.0037983585632053066, -0.06406920157882366, -0.0008855426306068658, -0.06953620954066542, 0.0015172180817860795, 0.005408562553125292, -0.06033885981400684, -0.03780835022109484, -0.021969054436943403, 0.008564616050631331, 0.04135524649889484, -0.05853400240143802, 0.029200044327302936, 0.0645234282738882, -0.02640321241267893, 0.03319067417815653, 0.03199156976820122, -0.00038512191293689615, -0.029019704594157092, 0.03670814508857903, 0.020864963219222144, -0.029014629619099112, -0.019312763953061612, 0.030363141217079552, -0.03421967644753136, 0.03678936520121965, -0.055653113483644774, 0.023602766779932557, 0.03311999624829092, 0.01847264859955362, -0.013875062430603807, 0.018602433343004012, 0.0034054969924285617, -0.07567837569726824, -0.020649546588149353, 0.04856560094637802, 0.0141371170656551, -0.014768197798974364, -0.05453445941272129, -0.028925443478640102, 0.012426532946409611, 0.028086206613778367, -0.019675572128318435, 0.031955083896325356, 0.011671238134565677, -0.012624644644558078, 0.033897953697153094, 0.004496704129592088, 0.028141092518455455, -0.08207340272472657, -0.004994150998638124, 0.02395274026544989, 0.08500930084991705, 0.009879721784687935, 0.017192476394986295, -0.01492315548241987, 0.002774344193294375, -0.009006369066212171, 0.03239217077631662, -0.04595194062772071, -0.01839463715402238, -0.01378862239495557, -0.030820253229791022, -0.0367933048704224, -0.05071981371622209, 0.013423912704563166, -0.003899530807704457, 0.07234262225927363, -0.026729503625251564, -0.005067789030012857, 0.01436889784346339], [0.12429350818701101, 0.13464866150388186, 0.03568994959810493, -0.1800247538936129, 0.028374314660090456, 0.007010521428487981, -0.018506881102999917, -0.018543606177706663, -0.01024274344225571, -0.10994572069807214, 0.55973640091513, 0.015497596735773993, 0.0023309785842828305, -0.12607705484008405, -0.03633794534246364, -0.005058220878867055, -0.0018877580036129307, -0.02611047133287134, -0.005943597944319932, 0.018108173590732777, 0.010509258016302425, -0.020643296403355414, 0.0022797380232102826, -0.0117327801601447, -0.0024236701812968054, 0.0061834386406584, -0.005788698665870855, -0.017291617370736857, 0.004955365676704676, 0.005028279828783824, 0.09510569758921956, 0.021178695816550706, 0.08829078917208616, -0.09969835532688211, 0.014313473375730426, 0.04226579874065066, -0.02102500297694007, 0.048260446276603045, -0.0059185179649524095, 0.03704777448177799, 0.02834735675573542, -0.011403442458525348, 0.02337456951137429, 0.00017517394222553494, 0.0008877685761657639, 0.02730075573027429, -0.022285052768882513, -0.0053629234498647725, -0.01398497138465223, -0.06911339647014499, 0.06127460058058049, 0.0438976335905829, -0.008843681124743584, -0.014804253563857828, -0.07398774058312349, -0.16361459267471704, 0.064140667800752, 0.03665209160648388, 0.02262815921957445, -0.08215062018368922, 0.037395389529048, 0.06149501023365117, -0.012646023826815797, -0.04703688452414565, -0.007700406344955955, 0.04574771095318035, -0.0320199120595404, -0.029302899891343496, 0.0064576739671065855, -0.023274001401544755, -0.06679558054029887, 0.04595937542997673, 0.056730920228511, -0.0010898257191326803, 0.02040933853115673, 0.00959972141074616, -0.04903415764525986, 0.057245313593968554, -0.012689547917061327, -0.03996756672466628, -0.0021542400852984345, 0.008877535556799513, -0.06308044252121232, -0.0079620544072684, -0.04185719912722563, -0.1490837484318028, -0.048834110370717915, 0.013067768378720116, 0.028401150864826114, 0.019994860207523835, 0.03676267116985773, -0.03398931280797695, 0.0048738743012211655, -0.004598703699361293, -0.015342170647780944, -0.02008926807267849, 0.007646537278867215, -0.004918429468619062, -0.006686292435527744, -0.06411918894279801, 0.024932365649168845, 0.04880003559793974, -0.03135212326008304, -0.0366381299587505, -0.04057018003096222, 0.07004712567611722, 0.014446509923355492, 0.017636708666074037, -0.022968482361354382, -0.03416458906888136, -0.023411847198615336, 0.03682025067706824, -0.008675176938659086, -0.007171226607638897, 0.04204630442945281, 0.10992262631087622, 0.020902746096953636, 0.06685287885180154, -0.0005922195441943884, 0.017367380198564365, -0.00927946095801846, -0.0044757944550808245], [-0.013906089665319397, -0.053190923737297204, 0.03369109136527495, 0.018257676402853196, 0.07478836471123812, 0.036216914097645735, 0.002133502737372084, -0.009042228452364076, -0.00017477705697923788, -0.015681580069256743, 0.015497596735773993, 0.8833618352469885, -0.07458770051103669, -0.09744318195490402, -0.03404558249825888, -0.02044973798887284, 0.005344182764452597, -0.022201623452212587, 0.017589198963813127, -0.0005698043089505025, 0.0006648365690014903, 0.01938452904196063, -0.0019105751710365689, -0.0017679083391211189, -0.00596482089801226, 0.005756184188481426, 0.00041036625510213306, 0.003438669835195652, 0.018838382803763275, -0.01871490145248595, 0.006464248920974556, -0.07862714111533768, 0.07465437306852436, -0.01162478194397429, 0.09504910901627256, 0.027441425304244017, 0.024342716825612967, 0.02759233389801978, -0.005324272426793206, -0.057441351386659234, 0.01859006814244329, -0.04901137419217391, 0.004361601709058379, -0.03652875603117662, -0.02620248459286486, -0.08679056963880655, -0.023257267378016627, 0.00271176084922342, -0.042082489031781, -0.08638288481807362, 0.02459010086978685, -0.024419440407578954, 0.0025480726017030157, 0.01014353554203426, -0.07812648891541996, -0.008735481010595235, 0.07868062980866296, 0.01687307557765446, 0.056867886026965124, -0.04901706710663821, 0.027354467008313878, 0.04809210922709812, -0.022102286533914176, 0.02988971176768994, 0.0019524359193768346, -0.023995357786455392, 0.0014271507882110737, -0.051254582957286306, 0.013826771989844864, 0.034804175246358995, -0.03960908863248768, -0.020240288897144406, 0.0001702332331460097, 0.02229981053385404, -0.0385912076862769, 0.08201184902947492, -0.03744508755121231, 0.048323583154990704, 0.002876936473165709, -0.024813537005159675, -0.003888347760209239, -0.09544137867810025, 0.01385881796400003, -0.0011731565611941951, 0.025574514434520766, -0.01220149414662346, 0.07842154894883177, -0.01444619639457383, 0.0736385292693938, 0.026648987025301222, -0.06093173175135689, 0.037248511739884735, -0.002502861067917592, 0.010115153804434139, -0.08849890303096324, 0.035833443571187645, -0.004129572268605325, -0.03845585651683271, 0.02107993689637565, 0.0290495181624328, -0.048623184637552073, -0.053003811201698135, 0.02237019206487252, -0.08329175527481912, 0.01947969127725369, -0.014152647234629823, 0.02390464529927805, -0.028614628940889737, 0.06682409111232145, 0.04933800664098428, -0.005825773475091899, 0.0028138639193441913, 0.02813278113193935, -0.0035718165678375723, -0.03140639900997363, 0.11970542191790606, -0.03133401636862211, -0.09089438569207729, -0.10510554866863482, 0.01818724204144981, 0.0017762379769514884, -0.0074658183820448375], [-0.025701234420344166, 0.040760634053617247, -0.08983515435021401, 0.018975121750561645, 0.004172005294543487, -0.013694660976285283, -0.0578221480641329, 0.004589057785008262, 0.0023134708642108615, -0.010543927183221712, 0.0023309785842828305, -0.07458770051103669, 0.7343566353291483, 0.009949957377387814, 0.060328989289301777, 0.0023513998815753103, 0.013636212404068952, -0.002557045727499509, -0.02569628970546383, -0.014632030360074339, 0.008473340949310881, -0.012499423657965823, 0.007999286574220258, -0.007179130784501041, 0.005112430517302024, 0.002561066312440083, -0.010660514484405489, 0.03294563426567442, -0.011309386776442257, 0.009324818936347424, 0.0008287703971774927, 0.056115032725256524, 0.005634101650126048, -0.0027326177030954266, 0.009806992502164482, 0.00019044628197327252, -0.03070842431912211, -0.0028515382514200725, 0.016160246032344377, -0.13469655529449281, -0.0038921164693055455, -0.02915127473791232, 0.01703908901259789, 0.027750592703859555, -0.03125959949017922, 0.061960670546780026, 0.05087873405310185, -0.017398929205207816, 0.0045246451936390595, -0.005534845745178139, 0.028120333729023846, 0.08572116292483693, -0.022305560716626805, 0.009954099838062683, 0.05206730301980914, -0.04761760865596351, 0.031147914320056005, -0.022381354493160296, -0.00520430510880218, 0.009747840665792396, 0.080177667406476, 0.017843343436657173, 0.0036286923563669895, -0.017976424440807475, 0.0576110467066611, -0.003307562876085963, -0.05046733332239073, 0.018671169234436808, 0.022000897487914346, 0.053344887405626255, -0.02958085981590757, 0.004614936626487104, -0.0020233248020348166, 0.001479959125556533, 0.0028646934820519905, 0.017307462417317, 0.05871050986127388, -0.06889426586781361, -0.0641028181832849, 0.018638058216488874, 0.008882686245666165, 0.07305352559971491, 0.020545704812284096, 0.027905094135282436, -0.045473031853458044, -0.05646780107556166, -0.048057634526238416, 0.0071391699151198895, 0.06738998177019695, 0.002792349162455895, 0.06261353710325639, -0.017281631522754335, 0.09103835747477525, -0.09109415361946188, 0.028125435785914546, 0.02463464614696419, -0.07817847904737671, -0.05851531587543412, 0.028323326979726827, 0.004132363599168914, -0.03834795072723227, 0.08002613598317539, -0.036762118830953115, -0.02137434785679847, -0.09196149934057501, 0.003081974876748966, -0.03337595766902902, 0.0454316015502897, -0.0029377171921094146, 0.013113297383590348, -0.015182247708971362, -0.023409652173448158, -0.012674227708067871, 0.030690477458134895, -8.403847578942156e-05, -0.015735830180249644, 0.01772836362508238, 0.004816809102151884, -0.024511614701179543, -0.012387492582929803, 0.0063827020660382795, 0.004138905235536956], [0.08461746606905195, 0.016031548302491993, 0.07710060861366971, -0.13849640606861116, -0.024885360757083076, 0.006697606797365905, 0.003896659736669354, 0.0003954515509149439, -0.004978255381550984, 0.08566020249559252, -0.12607705484008405, -0.09744318195490402, 0.009949957377387814, 0.528206079744659, 0.31246714171350937, 0.013091932766152259, -0.0009492554064730257, 0.001670771950829952, -0.0003074697959882712, 0.008337603170115664, -0.012625396209156745, 0.000972175513246173, -0.014954654622591266, 0.011854228169886665, 0.003968953117596007, 0.00878972431351713, -0.005517900307492603, 0.0050774985457947945, -0.012575035934367512, 0.0028828213450966815, -0.02274764567236693, 0.06649143359931892, -0.036084757582140164, 0.010705556291728946, -0.07856450013631294, 0.004432814161167411, -0.06030479346656297, -0.016589424473622216, 0.0008909192187745546, -0.015190351607632128, -0.09139375466811205, 0.0002862362674574816, -0.013113958186935913, -0.025528684024238225, 0.016885072858424763, 0.03170830120194389, 0.040745445605389716, 0.04967263705745329, -0.029956308099256524, 0.01740110812882789, -0.009816554247063443, -0.04646601356278314, -0.01621310530934284, 0.0002027096600864063, -0.036705004604245875, 0.09994559381476659, -0.007646058452592815, -0.06770075417543413, -0.10466255604531194, 0.04753978567557421, -0.006476420950831114, 0.05908019057717957, -0.023509788354465672, -0.022149830209915403, -0.020444496476403663, -0.038243932864582865, -0.00928939940664224, 0.0672386056436062, -0.004912204258885955, 0.03985681106217712, 0.04758728391826296, 0.009115027326394845, -0.07660448413875198, -0.099153482034269, 0.12027976556045242, 0.008342856117412386, 0.02179137253256164, -0.04021479240563726, 0.009324005776614387, -0.010702820839072997, -0.009023151494595283, 0.00968881547598328, -0.04145769142853016, 0.02131178537284087, -0.015784111560571204, 0.02871992532817407, -0.08025972255514309, -0.0470574461360568, -0.05825455022691983, 0.0800230709065485, 0.05562831724280685, 0.029062885937987153, 0.03693349069279282, -0.05770526551988707, -0.04567306283902306, -0.00316742789693136, -0.04664376181198269, 0.06056273038991866, 0.016413592289713085, 0.08309124924379274, 0.004641599369143657, -0.05290496447555211, 0.09444719707036596, 0.07907082398707051, -0.039433604205074774, 0.006874810868270081, -0.015100310194803282, -0.0003247970058381577, -0.04501991706024792, 0.02337047569556761, 0.025807100249093093, -0.05096528622588441, -0.022894458252792647, -0.004847330117385966, -0.01637470054356612, -0.04150512056141118, 0.0018837011102362724, -0.027944355201691168, 0.031787681857257374, -0.06478417905090866, -0.0055330182902335635, 0.006550884092999219], [0.040452022781496365, -0.02199322597295054, 0.006253052568771555, 0.012232016951861359, -0.018637818594715454, -0.031606080160954425, -0.03375723035821226, 0.11052866544822243, -0.029895217962819555, 0.014495718519370804, -0.03633794534246364, -0.03404558249825888, 0.060328989289301777, 0.31246714171350937, 0.7911538022594815, 0.011225180738088257, -0.0030893637357951777, 0.010672668967860443, 0.010397144581927807, -0.004510881492933211, -0.006334836911251002, -0.014275828130797858, -0.008860075847690465, 0.006372619630543779, 0.025427360301814292, 0.026164577882379813, 0.0014271534330686133, -0.007725595673147745, -0.0015829739380285978, 0.0033344820412717427, -0.035761104342007966, 0.04897901282277273, -0.04652557708248635, 0.04881528120778623, -0.08756889024975437, 0.022036922476933205, -0.016883804912740365, -0.01912594705918864, 0.042675320436520815, -0.03467486928944746, -0.04631865281555987, -0.042047734890915074, 0.013061467861251107, 0.03169240221457997, 0.003980610661268144, 0.003033337370944297, -0.001492847084451089, 0.051608370568621595, -0.04127697627966032, 0.021697480726247442, -0.007993737820483062, -0.044517789417536556, -0.0572189863335981, 0.01911881863731542, -0.11093979956739262, 0.09178576181618509, -0.03950870483475368, -0.06407510218345643, -0.03640032452487773, -0.026392112194491828, -0.020073202978071823, 0.0765425040119791, -0.025824576139026476, -0.08536402198369389, -0.04514951244790742, -0.08401172462252042, 0.06796252334179081, 0.09602438238937266, 0.03979184690890664, 0.008053162832673792, 0.03457615753914585, -0.030649781143099724, -0.05778845444789028, 0.04211864984321189, 0.06752875637247681, 0.04661383065198781, -0.035360384901099065, 0.01522545479730372, -0.006624493166711251, -0.03555839118050819, -0.045407190310142696, 0.016359344043768254, -0.10110121449482111, 0.04827017550436255, 0.007891276706630257, -0.016718970668057782, 0.019420462519181534, -0.057355978568543464, 0.09881974827747482, -0.0023190678444253566, 0.04502572703128494, 0.0344267328137314, -0.0697058754828024, -0.002589020222499046, -0.09711515505706202, -0.008960282811354687, -0.05968323359335