{"inv_metric": [[0.3952309251972514, -0.2283934444254865, 0.1051411808411033, 0.1582047266439647, 0.023729658679549317, -0.01627343157641097, -0.004222292571775442, 0.009551076284731702, -0.01845883408147535, -0.02047417920827303, -0.056590442896453805, -0.05188283056020585, -0.08936591798259533, 0.019719307542171785, 0.03677720041459254, 0.0038700329264138287, 0.0010856824225423793, 0.017020296947980084, 0.013683183050821222, -0.0018049804475103637, 0.002907684307263328, -0.00981199486764703, -0.008700675706652937, 0.00832812295490846, 0.0033868558048392662, -0.006487459845761684, 0.001753440882369302, 0.013205889895160321, 0.0056810203121683955, -0.0042997361880306876, -0.07514939769490098, -0.054244524140513846, -0.01807556821016296, 0.03549228087270795, 0.011545922833943893, -0.014100025562160492, 0.05671971406974983, 0.0011023011085078487, -0.015025292349666918, 0.027312862566871987, -0.007992971826611552, 0.004233027996989364, 0.03366941824591865, -0.003719451386847808, 0.02148459478120899, -0.10940079020175543, -0.046263943411419185, 0.0003800003397610564, 0.04123580360165688, -0.02638002602766707, 0.019971285075298804, 0.02169141154106145, -0.004956280183317873, -0.002961241161455386, 0.03735502074428684, 0.014156225047528429, 0.006842100752282145, 0.0008370094559685702, -0.016154681037634976, 0.0022953859753740043, -0.046955182375580176, -0.03534036930015144, -0.0014022557225248488, 0.04353285794114988, 0.014446956590015657, -0.01813303530455928, -0.007052377740673954, -0.0422604898487866, 0.007654372138286322, 0.04074392542951809, -0.0145898848665335, -0.02029347456475676, -0.06598431704185537, 0.013977096352387622, -0.050582697918055565, -0.05366599315832019, -0.03205887134019278, 0.017212141227585756, 0.02368599076110611, -0.03716407401704309, 0.0014931873768391302, -0.045641464981303545, -0.05393146460128697, 0.008659781545977765, -0.030055738193051882, 0.01057188576401579, -0.02006903269521473, -0.024184119988780062, 0.01333015290804086, 0.023687061285022647, -0.024489671669642832, -0.075095260343906, 0.027191571329015635, 0.06474740200058812, -0.0961501305914494, 0.023997406985097388, -0.04918783449862669, 0.05044645681542836, -0.014830412619934197, 0.02236043735377848, -0.0016299459412908884, -0.023659844253601892, -0.007770758137218974, -0.01029424923632124, -0.018132431019779946, -0.06848345238808175, -0.054864681766290196, 0.03967890844421963, 0.023025478791153055, 0.0543054351381329, 0.029384886962983348, -0.04601356313901997, -0.014534674129770801, 0.004292485568359913, -0.03771322121376996, 0.0312570120340391, 0.006209427359111053, 0.0356906316688127, 0.006530196912069466, -0.04065416449533174, 0.006769101007165428, 0.00545435928972398], [-0.2283934444254865, 0.5445358735649081, -0.11503488137500473, -0.16761333340496246, -0.020733275230510353, 0.015278992919716251, 0.021501905931456098, -0.007748944537572866, 0.010927388284935105, 0.03132855433535651, 0.05090568309117622, 0.010863981680012624, 0.015188844151919453, 0.01170777224052871, 0.004968063483826083, 0.0062465221224389505, -0.016139406175290614, -0.01716524229190807, -0.009123578849336659, 0.003349948002956641, 0.005249175655109565, 0.0009680596843325368, -0.0009470088051344163, -0.012565220849401908, -0.009182854990032682, 0.003993450166068114, -0.007923836919095293, -0.014173828927334563, -0.004435122885915009, 0.011275913631368671, -0.10023257884166092, -8.039343206503765e-05, 0.04467577022273257, -0.01655045981879085, 0.011524263703743237, -0.017423245920092152, -0.054638899178147474, -0.01689920313915176, 0.017757443450365562, -0.002596702985649662, -0.03729750761050521, -0.006287758586492137, -0.027821871891030605, 0.031396530710419, 0.045099287260333805, -0.040395745014135696, 0.02084522557596437, 0.024135422673801952, -0.005264010074251876, -0.001988051747971801, -0.02432175362289915, 0.0016826629758322463, 0.013630471598161368, 0.006943023549902706, -0.021197888916290056, -0.02760593148808632, -0.006362862272389295, 0.0018306359923030385, -0.004123486394084853, 0.043843125929292674, -0.06192296794775418, -0.07082447339532001, 0.011074522556606157, 0.003901581487996866, 0.022552273052963014, 0.025194924000410013, -0.04310445075249169, -0.00947304108624243, -0.005249671200104865, 0.015063698323168232, -0.009593031228544133, 0.009828874025823135, 0.034980253572511166, 0.017636133752043284, 0.08085659836796202, -0.04424260353005812, -0.02146073311644938, 0.02341695063278697, 0.024173744699177498, 0.034466720040762594, 0.0036848931587031113, 0.019379345911293987, -0.04775381917652508, 0.005638303256486702, 0.06774431029566891, -0.0020211625200705825, -0.0029374458900149015, 0.02595590929061705, 0.005629823876904426, -0.04087198136805537, -0.12841803920290568, -0.0038795924370609754, 0.03520634836600692, -0.03888513162650626, 0.03352824038428251, 0.008566049886173384, -0.01260788187444115, -0.007177487336801211, 0.006314724298159503, 0.00951203462407719, 0.025835650579185663, 0.044503172703612634, 0.01724065671327376, 0.04424818923615368, 0.05142377270199909, -0.059344971632614166, -0.07011707962933311, 0.01946377885162966, 0.025247083361627783, -0.030442272863811896, 0.026011982965245924, 0.05988409316102034, -0.019373973869593816, -0.002232945328605716, 0.04022141785404056, -0.016586124396857433, 0.006414999451453474, -0.05807078401584376, 0.021894106601882502, 0.027910525155480738, 0.0010832872933659833, -0.0072198814212830415], [0.1051411808411033, -0.11503488137500473, 0.33102899802172703, 0.001121052376010167, -0.016091652878243382, -0.038469363712217715, -0.036053325116086665, -0.02271169092013936, -0.01469915289946866, -0.1477523270725187, -0.0049356275939260175, -0.04340281979381997, -0.04806909189262584, 0.030241115427201565, 0.05069795675737912, -0.011277772105639851, -0.004741544003070493, 0.01099175931841397, 0.006158600989148631, -0.0026254952747312246, -0.00216398735520134, 0.008229450072632373, -0.0010901332904258933, -0.005477062036123307, -0.011970826816996452, -0.0024212236918720715, 0.002378750406707859, 0.009562484290559616, -0.004612635276295825, -0.020244678055385903, 0.027966342215655172, 0.04063573214802803, -0.11240818512166705, 0.02301476592048605, -0.008642719584925499, 0.0020217092588831254, 0.028955956291138157, 0.02350216401309264, 0.005276992052781792, 0.03898153025178403, -0.016912407302606354, -0.0031004405473151475, 0.0029908636886267826, -0.013848164080513172, -0.038771649218490446, 0.017268596241754534, 0.018808263970477808, -0.048742643696997816, 0.05518730990851429, -0.029530000172642616, -0.011860534935554525, 0.02513081554538818, -0.010970601896119828, -0.0038684328816736913, 0.03436858370853188, 0.02374243543388702, 0.01798765901401776, 0.03308126630691515, 0.0081875721027389, 0.024546241317896764, 0.02839731746733748, 0.031792264794484826, -0.05624639354000163, 0.0009071496863469907, 0.03748155191579733, -0.05502350379920047, 0.036487224430695, -0.0033089907791980554, -0.007585867737529819, 0.04562027249793457, -0.006236200629442489, -0.024377437401636608, 0.012823443758468975, 0.01080286696351511, 0.0657612182282392, 0.009836969189127912, 0.029501548396067365, -0.026936843925541028, 0.01705080626226828, -0.012262241857155179, -0.04906360997749726, -0.020083842391881324, -0.054805032025363014, -0.010060488172200451, -0.008210739342555838, -0.004554855871501991, -0.010843345933117034, 0.0075165059035885206, -0.025332168056985013, 0.0008994652782893973, 0.06422444625327686, 0.02576128218734925, -0.12372731474515669, 0.06817468764254526, 0.03523425212026131, 0.016112228187838324, 0.019538083342851446, -0.030230204399693626, 0.00906067322835183, 0.00848146150337958, -0.019916310332948155, -0.02530604797703183, 0.014415142332127165, 0.025790741028396128, 0.013159845088098834, 0.06532658550226138, -0.018322036853864812, -0.053581278575034724, 0.09497908864960669, -0.008662824297359662, 0.024459762191967393, 0.010596913545667221, -0.015379543238836571, 0.012047781334466297, 0.022001419574067264, 0.010439079369493186, 0.0036859527374993608, 0.04617258679838282, -0.0063325236736882845, -0.0646294643241993, 0.0013092284050545463, -0.0038934109305321595], [0.1582047266439647, -0.16761333340496246, 0.001121052376010167, 0.4105291227729601, 0.008050528773931543, 0.029111880953930098, -0.015971860893976567, -0.013573745070760571, -0.022528747660345603, 0.053241342369694654, -0.02767878961102591, 0.03995251295282161, 0.022212983455182852, -0.05209412416616438, -0.09719933487346544, 0.005283426879024364, 0.01238798578013622, -0.002969336477338875, 0.003035979511823894, 0.006519738014818366, 0.002755984491006726, -0.003700486725628986, 0.007966415955260053, 0.012167533882925557, -0.004102463851448234, -0.002370437276927209, 0.016281306888217953, 0.0033060450617820192, 0.0022214205413194944, 0.0031557452603889306, 0.04056286216983747, 0.01589937249869862, 0.034327661254054745, -0.09818829413264325, 0.044628875637580695, -0.01264108562337984, -0.011295411539919113, -0.0029478641010320856, 0.02026766530075665, -0.05218058097569078, 0.010320751914186339, 0.012034759974953893, 0.009857148394228753, -0.03016127977634346, 0.005704920097717133, 0.03584495111957021, 0.0074599809226464095, 0.04643077794966418, -0.10078288187451807, -0.029079432672429375, 0.03606546711688092, -0.015683465159897093, 0.018376100940063422, 0.027542160197187075, -0.03261740028863027, 0.003016007718188664, 0.019883708536033745, -0.015030025135490887, -0.020586840049605017, -0.06564002013466594, 0.05882816071511217, 0.06175557861774111, 0.004231048732276511, -0.08212699538225961, 0.05894414888467262, 0.014704629834856717, -0.009764587916410456, -0.0658142888919169, 0.024893355360943874, -0.00872991719936842, -0.03644251441280314, -0.009421243679027413, -0.04340892339729586, 0.020497642355205507, -0.014280280682775138, 0.07116554351894804, 0.0692435846923632, -0.03780863826080835, -0.08388128029804011, 0.04724946818668736, 0.017415801398167254, -0.03959798338537472, -0.021520707138570773, 0.0260123547475783, 0.0033544771038452508, -0.02882520230020118, 0.005683550573700787, -0.0511169655781304, 0.026124728211697004, 0.01301430530742647, 0.09759558757167283, -0.0010487292593625104, 0.04328642522983744, -0.05968638140561946, -0.03732859977769731, -0.030959914520066308, -0.0038929512290779822, 0.008368265277725507, -0.009977888769423094, -0.0730756934585059, -0.03976867682628478, -0.056023639420528536, 0.009199271985159569, -0.01053209116604368, -0.018182185371235365, 0.029794996157582524, 0.057849126655671816, 0.06998118704177313, -0.12401324138433326, 0.054693046730339805, 0.014645069508590331, -0.010347265276802683, -0.0397058363665547, 0.03705702972375059, 0.004193437546363231, 0.0011981989961802701, -0.009278020939300321, -0.0009484497378956378, -0.014718489978869936, 0.03187563013364363, 0.0031142615368723136, 0.008295393871220278], [0.023729658679549317, -0.020733275230510353, -0.016091652878243382, 0.008050528773931543, 0.8793376937765214, 0.01003642380219433, -0.06461595279438785, 0.026700518407490076, 0.004703149939728722, -0.03380581982067693, -0.03632698881656298, 0.028879439810110593, -0.05365269094265865, -0.019125551633055154, -0.05012576542460971, 0.001993968326211092, -0.01401609717588791, 0.010262849106490139, -0.0002920768490490185, -0.0071828969955492015, 0.00456977075887008, -0.011393850581933993, -0.008953816873263867, 0.014116805672610781, -0.004807730870748466, 0.015071759414404778, 0.010440983517305536, -0.0014284391549195306, 0.02575439171974163, 0.010478870351424762, -0.0082404743877885, 0.008938170297954427, 0.030094932977486232, 0.022433350445049943, 0.008842071182126833, -0.003261191251471822, -0.04459478685299417, -0.0751074175694064, 0.003968734386011564, 0.03791742552821674, 0.05558088158159541, -0.018860416270688237, -0.06112816374561224, 0.009033231934513091, -0.017574059212671717, -0.02225193635739683, 0.000263552489932668, -0.02720358925575655, 0.041778386040490084, 0.052712695708516354, 0.051395648521415496, -0.011311096559080787, 0.01243604074772076, -0.004723783983558705, -0.009828273936356553, 0.026846603019122516, -0.002246341427760677, -0.017851416142392877, -0.035192540394857134, -0.09118936480365691, -0.04296236076183333, 0.10843606991456103, 0.02096535720624194, -0.0014083431005578676, 0.019666393188724218, 0.008512039622339979, -0.0439543787277457, 0.03771423781988997, -0.01264990200089416, -0.010391541338174383, 0.06624125621142815, -0.036938088980319174, -0.021999156785582626, -0.04711172159932512, -0.013257867141601654, -0.040543926627615794, 0.018724099317536175, -0.04958129162382119, 0.013217949742102136, -0.09149307301540266, 0.0025176900933783636, -0.07695168904934326, -0.029136209031722895, 1.3215153420546803e-05, -0.026869577627075147, 0.03190442133272435, 0.00379108539412333, -0.02337896406099973, 0.022412319398886254, -0.013067535701869679, -0.037928359142170666, -0.0033992834545089473, -0.011080154428046149, 0.02262961859001651, 0.04534989077121503, 0.012307470759602313, 0.014882438453417385, 0.01262719005867722, -0.014950171151609513, -0.011033598534739526, 0.045023079940212415, -0.04147202935418525, 0.008639994644725039, -0.030535331344565923, 0.03109119160743206, -0.04274907537130944, 0.05830340684028596, -0.002092563509805124, -0.0025892544796429205, -0.09274984763981364, 0.046285602693678936, 0.08366387882485653, 0.05201649556633845, -0.00803808719829344, 0.014130654538101663, 0.08119081024058661, -0.005940962259955285, -0.011014234645398626, -0.002921671733704205, 0.03862907918864224, -0.0004490885830227321, -0.0010329185192695673], [-0.01627343157641097, 0.015278992919716251, -0.038469363712217715, 0.029111880953930098, 0.01003642380219433, 0.40309585530524433, -0.04947453995067272, -0.02536197276595819, 0.007096244957075004, -0.04954409431439323, 0.07298015701699613, 0.017401336339331257, -0.056724192733189155, 0.009060584052603455, -0.013006780249149103, 0.010698713944325075, -0.006719210404996783, -0.0016064026860807795, -0.010205874438896279, -0.0070140948975821946, 0.011344895995750538, 0.005964376335369328, 0.0008841971007609688, -0.002195232357658056, 0.0030937293222629597, -0.007690290023949276, 0.012506460850608093, -0.0017942527640876236, -0.006586749447638769, 0.0009030351387010898, 0.02490563582013725, 0.006607323657748364, -0.006029730207966907, -0.0047135320366227555, -0.01500398689781033, -0.023433430288608104, 0.02334358129168364, -0.003442019222384155, -0.0025738422748521916, -0.09232865193656536, 0.018235897231215253, -0.0015172756813146614, -0.021065278649049606, -0.021672814384550793, -0.001139289305929442, 0.004031848434686948, 0.013665337211491107, -0.0019088745421328094, -0.049221366466421945, -0.03497307035978493, -0.03100026257491318, -0.010302597789688443, -0.05036329781658296, 0.008075481057580484, -0.10851986894656007, -0.004106425486777099, -0.015092080893050459, 0.05961491819974711, -0.015089964425384808, 0.08461132009252016, -0.025115121469553175, 0.048754584402681544, -0.009377354843404687, -0.01824846718461341, -0.014766470267276939, -0.0028155648880686243, -0.01564605245514317, -0.017811013057948223, -0.020451474055769532, -0.09521365556758579, 0.032301899329153144, 0.004244782135630748, 0.011242740374787051, -0.004560366302189687, 0.017031121659359962, 0.01281856699394535, -0.004216094443760222, -0.03774948046849194, 0.021011967993195026, 0.011791262668885843, -0.007971444503204216, 0.04404429275529378, -0.01107480317506666, -0.013925187227876541, -0.003968402307986866, 0.04032382486905624, 0.01623227898101775, -0.008979570521933995, -0.012182585193754324, -0.037717111981387386, -0.0052451408377442955, 0.02703703678383259, -0.01635682733881573, -0.01941268621153248, 0.06652832105090345, -0.025262729719081903, 0.02380843219994508, 0.01945110850030223, -0.00018260830026926479, 0.03391338291606906, 0.013162925667303545, -0.03909856859181898, 0.0024239381104077043, 0.008858551156082332, 0.027857026570462105, -0.02338953200809013, 0.0014161591856208947, 0.05603163168446377, -0.037540683073932414, 0.03864951743577952, -0.03711797854796406, -0.031659518229086345, -0.02251585249218078, -0.004604879833734067, -0.030984604207925016, 0.03551618163274693, -0.012961513863582571, -0.02303478935937607, -0.0028137988601433968, -0.017743279282116844, 0.00037523182547735944, 0.008488111785739202], [-0.004222292571775442, 0.021501905931456098, -0.036053325116086665, -0.015971860893976567, -0.06461595279438785, -0.04947453995067272, 0.971025144050328, -0.01726855865918794, 0.006445723913711315, 0.02617990911070259, 0.004031479339740974, 0.021764633189070407, 0.010226003767163865, -6.362860973245949e-05, -0.023641870163233117, -0.006780124751483181, 0.009079099516201228, -0.003140708679871777, -0.015354568791966661, -0.008472110824184068, 0.0335485334363573, 0.0046615368234770626, -0.0022649134565988892, 0.006360082889562334, 0.0032520951833172793, 0.0009830973917423578, -0.012917270077623777, 0.015332024698438296, 0.015163641228246387, -0.004085699612587982, 0.003848418336686497, -0.013658187207705353, -0.0032668262445509338, 0.005325376012066076, 0.01936302388014656, -0.016526195517508016, 0.005136369080435584, 0.020425156289199883, -0.01792447950547747, 0.06419437271422791, -0.06212310282423081, -0.023804368081110087, 0.013503539489103407, -0.02914367238253253, 0.08105419854985588, -0.08966141529984842, 0.044640362983430444, 0.03003960449394652, -0.03502113856661172, -0.05331146718254244, -0.028917255433815507, 0.07469074250901726, 0.11337938637839025, -0.03480949397402947, -0.060981211407493026, -0.003537830369327699, -0.03406578764238413, -0.06264044941404777, -0.011547770868079132, 0.08342095508033938, -0.0032745256190500433, -0.050305752677296645, 0.04606498659139694, -0.008650137574539099, -0.05061582772401639, -0.014174961484038066, 0.04209046844603385, 0.04322464113208023, 0.004304796967200986, -0.07106735730043662, -0.00030524700862031017, -0.009821164678312393, 0.11193680630468371, -0.09271130887877742, -0.02755835131369435, -0.010750364983401286, -0.021664807892202022, 0.004345923825427859, 0.020196988095207292, 0.018339036318547365, -0.004939223161965436, -0.025016697678605627, -0.0932632268307435, 0.00396467208519865, 0.036056606985081764, -0.04987045832627199, -0.0433702385270691, -0.010223146615855877, -0.021664274871877366, -0.06060283740041195, 0.06262153842074454, -0.012499937366382378, 0.03212959247149031, 0.019848862686398485, -0.03342126507482802, 0.014695323704809898, 0.015126873782824722, -0.11165154112377611, -0.014811109655088877, -0.10314678710753122, -0.04453507400626618, -0.02025875878442202, -0.029933317997138928, -0.05155621243318673, -0.052368179863922074, 0.02129898814323959, -0.05672155300808968, 0.016857598782879714, 0.04040471694092798, 0.031247713988127934, 0.05104784419652069, -0.10372261732126843, 0.06507820765200334, -0.024130283431476964, -0.07825590245015392, 0.02959531965164684, -0.021136869311323612, -0.014991447070950922, -0.011586043127329772, 0.0860719368414317, -0.0034915633469929613, 0.006906940636099114], [0.009551076284731702, -0.007748944537572866, -0.02271169092013936, -0.013573745070760571, 0.026700518407490076, -0.02536197276595819, -0.01726855865918794, 1.0903596996489544, 0.0006538323434933178, -0.04000182782067276, 0.03197366026968144, 0.0059791726714164845, -0.09403762918204114, -0.0015033690944294032, 0.04373045308138186, 0.02430347746522251, 0.009022726634487659, 0.013979671626454727, -0.010882197445315364, -0.001694851269665077, -0.0178359072605608, -0.024917481298095942, -0.016724696446489874, 0.029357892643803243, -0.020733040546552485, 0.003835392942404844, -0.011258354669140548, 0.027925320610840666, 0.014602799752012766, 0.008596854329682095, -0.02448816712521341, -0.017752154678820763, 0.004976915606272509, -0.011701875236858787, 0.03194740112295561, 0.04807298217064371, 0.08851895482717784, -0.045681848265528326, 0.020080404036825306, 0.014169935648021059, 0.02525595894993785, 0.025936986719991943, 1.1721578898093977e-05, 0.03652368164705189, -0.04266270614908429, -0.04752186661106222, -0.04936425955239466, 0.011137546774265646, 0.017853324913136365, 0.05440239592649527, 0.0030996393396704697, 0.021532733736439876, -0.060675637860055406, -0.025855173417201532, 0.11544200423524417, -0.007764766189720025, -0.016254795371934406, -0.04752382906932388, 0.0256105913960793, -0.025590365676807253, -0.10984813315157374, 0.10983417033646828, -0.04075455180373412, 0.03791585616054292, -0.1414913198584346, 0.014212791550901065, 0.11908967911738136, 0.056341771217081796, 0.006383871072310253, 0.04232310455063624, -0.03814517967854907, 0.026694961123092338, 0.11554528316037793, -0.050012417259506406, -0.14457619840541228, -0.05275684760389291, 0.02342763060506442, -0.0946630288274185, 0.025432099904790784, -0.011138545248461168, 0.02266995219365628, -0.045099079322349765, -0.041789811932790306, -0.010107962122863015, 0.044388993722201855, -0.07025273269151235, 0.00165261990566607, -0.027615971967448198, -0.04727685811960108, -0.1308342400114405, -0.12733325193560885, 0.03775826469326481, -0.006520357964641576, -0.09324865753179867, 0.012649854322665861, -0.0076945759956188135, -0.07907657189540211, -0.004876142787736712, 0.0030480279010842767, -0.022138850844907205, -0.012062968867296795, 0.03454804950255834, -0.005624361558592661, -0.05829680396251094, -0.035337426095869415, -0.039184358541082, -0.06887532636831419, 0.015572027836780161, -0.06814577710749002, 0.005031096485707078, 0.056619558328259406, -0.04266010887477057, 0.1880343338237924, -0.023891304381925355, 0.0214362736991754, 0.022341638036091155, 0.0015366678336070456, -0.015676503534253833, -0.04525019189519728, -0.02247079057552946, 0.003407822551598859, 0.0015315233124542271], [-0.01845883408147535, 0.010927388284935105, -0.01469915289946866, -0.022528747660345603, 0.004703149939728722, 0.007096244957075004, 0.006445723913711315, 0.0006538323434933178, 0.050304356478630026, 0.012255632506461023, 0.0015659399553147463, -0.0008943956436675439, -0.000303473409987409, 0.004018913068285723, 0.005796318952701473, -0.0025669918637195926, -0.0013352789977417472, -2.1262153007795775e-05, 0.004667695389091075, -0.0021182884309727777, 0.0019027575236908892, 0.0018769714305021164, 0.0006316919113711036, -0.005767208112579488, 0.0077495886170352085, -0.0013976777622077242, -7.744494198802449e-05, -0.00368860446610537, -0.00045505236279152876, 0.0008348945613047705, -0.0016358786277306668, 0.014449927590845868, -0.013362919505390128, 0.0036010678171705755, -0.015804402980526214, -0.008105775259091029, -0.00326262270289907, 0.005108954863512357, -0.07733587942345588, 0.0056271683023500045, -0.012651652721843095, 0.0016236382447048859, -0.0014109586885324627, 0.004983265593539324, 0.01695449335857164, 0.0027243262038303194, 0.0016180761178753251, 0.010255875980576996, -0.002556877776098519, 0.009426100120177526, -0.014827135135452226, 0.016188939806432392, 0.005048543787992458, -0.07902784962996792, -0.01030049565433881, 0.004044470139539593, -0.002334738233684238, 0.00010400799841149083, -0.004411977965494639, -0.01841523285474757, 0.001349354728629855, -0.00019251293004232022, -0.002055465900441851, 0.0014793015666626978, -0.007847715317873724, 0.003588797435021071, 0.0048160554241500125, 0.005137640982277431, -0.08371527478509018, 0.008622500924286087, 0.004855609086697154, -0.006161727252099928, -0.01320391980005311, 0.0026026323986840143, -0.002649983667583641, 0.004444335118213077, 0.004000170274158307, -0.011511959789898942, 0.00679156237484492, 0.0016137430543421531, -0.008986453797533257, 0.012592045150982608, 0.019985614477323718, -0.07973686573814054, -0.00015126753317657398, 0.005807824371784471, 0.005207305770659879, 0.00799583011133575, 0.0012551131462839016, -0.018046435656193224, -0.006882073447141332, 0.008987273911935904, -0.0014808243597213239, -0.00021749337027821786, 0.02836584274113403, 0.00917769491767869, -0.008814123745742065, -0.015201732203002546, -0.07715261269821724, -0.01021911488260375, 0.013552046382257729, -0.000704410938462343, 0.002499070004890372, -0.0004866260710477762, -0.011686036126385036, -0.008941518527697026, -0.005639057428281637, -0.007721091128649994, -0.006975363600898546, -0.011438013639714553, 0.004256081119017127, -0.0013560303531518815, -0.00774695145267396, -0.08446248992534655, 0.005604642296940727, 0.017462395422418148, 0.004790381020057076, 0.009159069472921923, -0.005857678690693629, -0.006451591892145383, -0.0016921476297267145, 0.00032916238961528234], [-0.02047417920827303, 0.03132855433535651, -0.1477523270725187, 0.053241342369694654, -0.03380581982067693, -0.04954409431439323, 0.02617990911070259, -0.04000182782067276, 0.012255632506461023, 0.5163138738427588, -0.0256504165074326, 0.023313304115317072, -0.04817828957080794, -0.006970666373160057, -0.02887646278023366, 0.007301558886989404, -0.0021453024028582836, -0.0014186453936509363, -0.0014053561815049994, -0.013953707307864159, 0.003302036714607682, 0.008109304238911026, 0.0018473951869574829, -0.004895761655640141, 0.038666250267905065, -0.0048190491122708425, 0.0007038225378827935, -0.0006153713448868824, -0.008510541680895238, 0.013864953968409715, -0.03726375208846032, 0.00786641419949828, -0.001317646125831619, 0.0017232490554736826, 0.009617771562404877, -0.08988673453097178, -0.10195588190192637, -0.03863737899011264, 0.010658404702672725, -0.12162320610358048, 0.01071950075872765, 0.03360952085535764, 0.07266961626825087, 0.009861246750634592, -0.024042217199058497, -0.03156099616417389, 0.014268393794476216, -0.03294828873749258, -0.03243556385210705, -0.0350457557719088, -0.009619320437119282, -0.0151892297903197, -0.008945749207823452, -0.04191630307697428, -0.06695863592971796, 0.009914232757939335, 0.0023969461857080293, -0.09251432004016392, 0.01972903045480215, -0.014420308877314545, 0.0041557871957121385, 0.025827826966541286, -0.06790115973777545, 0.01425275204994017, 0.0013691023455386637, 0.017142830372612338, -0.028614100987188622, -0.041565381248608806, 0.006653555636323922, -0.08940390625680761, -0.015304985834278355, 0.005624408581465929, 0.014872322527036892, 0.011714365523326123, -0.038726041449525156, 0.0017252930059599722, -0.0017035240264691386, -0.08165889352414579, 0.013706237930498437, 0.02840209133513719, -0.007034782985528699, 0.039903211271496215, 0.030989965077489186, 0.010018481230169102, -0.04619761256134397, -0.027665965857011646, 0.017823319386765162, -0.029174178939136104, 0.07705505830704902, 0.006874222724145981, -0.005673419713232321, -0.04189003495392236, 0.055929424221879624, -0.020189343243321597, -0.08140833394684487, -0.05410169182788633, -0.052160605122376684, 0.017605721926463248, 0.0018787662678221774, -0.10715654297920911, 0.0013655718425528544, 0.000945964104600575, 0.02979811163865979, -0.02217281548059719, -0.07502642981768863, -0.06353932004139425, -0.003358874776531339, 0.014464169239687113, -0.061258910776723546, 0.02873625492804069, -0.05186854408513035, 0.046520459837587215, -0.04562172887822254, -0.006230621449843343, -0.09441388941100409, 0.0040151567980940646, 0.005366720319485515, -0.004167800971790596, 0.025196998397518308, 0.05319162644529282, -0.0010055614828385624, 0.011741414846918383], [-0.056590442896453805, 0.05090568309117622, -0.0049356275939260175, -0.02767878961102591, -0.03632698881656298, 0.07298015701699613, 0.004031479339740974, 0.03197366026968144, 0.0015659399553147463, -0.0256504165074326, 0.10781608306845104, 0.017085753692507637, -0.007705302552831259, -0.004484322252561804, -0.007438671384741534, -0.0025114157935182293, -0.0010319777814844975, -0.0007426183342680438, -0.00561688448540879, -0.002837718773313173, 0.0019197886379665045, 0.0026475080061420667, 0.007573172023926259, -0.005483492333028342, 0.004680767003006738, -0.013642074423499254, 0.006787876646691922, 0.008995651497337465, -0.003695188385475852, -0.004718860357070268, -0.010889422999370563, 0.010266283128791739, 0.00024026643916352853, -0.01926872694203154, -0.030333160472167744, 0.024706645207745646, 0.020070322104588072, 0.00832010002706967, 0.009336421252825926, -0.010905036883464829, -0.0861693621481674, -0.003055196307972073, 0.005055870838991994, 0.011954870670874727, 0.0090873211436575, -0.0018385066858871786, 0.006343194842431644, 0.005070342790275755, -0.03783868329517607, -0.0031613216748228906, 0.0087326042359308, -0.01922301524367391, 0.0071646853399481595, 0.0003617008832776665, -0.008355500631895005, -0.08397366699320614, -0.010014630560513547, 0.01613411963045063, 0.003855429139884069, 0.021287582588736892, -0.025168798076219755, 0.01015554608635104, -0.014716601984770957, -0.03050580305595589, -0.024841022842276756, 0.020973175625298827, 0.028486265162563116, 0.0011838827688925345, 0.0021347444412449347, -0.019281137275884336, -0.07846979796883442, 0.0005247367415461922, 0.022963983555484468, 0.003781021931394712, 0.007348625586834936, -0.006716977889734409, -0.004706903214524303, 0.015500790978043749, -0.021762505076635956, -0.013053806953169806, 0.00965977032485622, 0.001013555565196869, -0.01856499877367282, 0.0016512036450916235, -0.0038512067003690104, -0.07287191725153286, -0.0003815989658161472, -0.0021135262285184903, 0.011889811302320197, -0.013126520425553808, -0.02006237378326813, 0.03254151427851072, -0.020770034872003358, -0.020863361737975282, 0.013607434326793002, -0.0066373822675137775, 0.00643938939248415, 0.0027214401518462963, 0.00307400210460113, 0.008782077632556052, -0.08015961367255169, -0.00792049371504958, -0.0036252397837542067, 0.008501364619661668, -0.002025459830139031, -0.009499742969994576, -0.000677234459049952, 0.01094216080964534, -0.016327932836557525, 0.012171989278232084, 0.008744081422842324, -0.008515531587815588, 0.020143784575598286, -0.010672443234805075, -0.002024300729477532, -0.07341752097736412, -0.008932535624972692, -0.02279506017788513, 0.00028980702023737915, 0.0037975213078502517, 0.0010563430830286958, 0.0015580230046505531], [-0.05188283056020585, 0.010863981680012624, -0.04340281979381997, 0.03995251295282161, 0.028879439810110593, 0.017401336339331257, 0.021764633189070407, 0.0059791726714164845, -0.0008943956436675439, 0.023313304115317072, 0.017085753692507637, 0.1509276431630063, 0.036526903898043736, -0.05835573250643711, -0.09432987203913151, 0.0026251819267612856, -0.001633361518606352, 0.00019557625407533525, -0.005020314778569469, 0.00347892071735261, 0.001084981123108764, 0.0035630938489378023, 0.012352023011447187, 0.005539402124685211, 0.0047163247974088204, 0.0009143940547375668, 0.006591440447880796, 0.004183739691087166, 3.1955121156992935e-05, 0.007533011454940319, 0.009484481872213662, -0.0199322359075161, 0.005144411427245415, 0.007494570131100992, 0.03994789613555791, -0.003184383228482612, -0.000597250347963673, 0.0008648943531405672, 0.008278589219935125, -0.03138045925454528, 0.014468535650384053, -0.09915734528798764, 0.001501971717172199, -0.020754968495037017, -0.028375123889504583, 0.013018446974000713, 0.017693249428165417, -0.02676088366125233, -0.0026967787792903488, -0.007171418207714446, 0.016205964284191236, -0.011746311173491241, -0.020834676995124306, 0.011053432352657813, -0.002981081695494073, -0.011787023842314155, -0.10739711070783406, 0.0013051643460761525, 0.006711531491044492, -0.021065619299426325, -0.018834433519709412, 0.0023295557555980443, -8.169920535357924e-05, -0.0005631460631206891, -0.006453901618918639, 0.008722098400206721, 0.011243891895117935, 0.025042656785469217, 0.012922617538808696, -0.04782240028216267, 0.00861117351952859, -0.09129409766937654, 0.011066680694754128, 0.0019042691074712178, -0.022227323071200882, -0.012121038580958771, 0.02222526427217658, -0.023608491539793944, 0.0030901161132675615, -0.009372380901366203, 0.01675408771993161, -0.0017723992517629243, 0.00040020343103961195, 0.009102239880128616, -0.013681868888013508, -0.014802191382251225, -0.09501246916146125, 0.007592059827173825, 0.01174212669090687, -0.03205115683461397, -0.04248639235906037, 0.01966155001803946, -0.00748068881367762, -0.012876069677971556, 0.021382592237517737, -0.014851121102474888, 0.012366697668849179, 0.012027140942881775, -0.009718122151259261, 0.010613445145664334, 0.01398611358853192, -0.1046327505162148, 0.03134696267532727, 0.00856707952863029, 0.02350451427531802, -0.005948703464411443, 0.014418484372644792, 0.0041400703063312555, -0.012352151967679274, 0.03323816289654464, -0.022772653525378547, 0.003297730544572473, -0.003064347906479576, 0.007060887412818531, -0.0280788250265916, -0.0208507455452272, -0.12120890214602434, -0.028636403684469406, 0.0006699082128747313, 0.03937422324945817, -0.0025499780685044092, 0.005045366197650114], [-0.08936591798259533, 0.015188844151919453, -0.04806909189262584, 0.022212983455182852, -0.05365269094265865, -0.056724192733189155, 0.010226003767163865, -0.09403762918204114, -0.000303473409987409, -0.04817828957080794, -0.007705302552831259, 0.036526903898043736, 0.7338852073476569, 0.008176411111593975, 0.13447233562965755, 0.011546967734022327, 0.005490021910621589, -0.016418299342640167, 0.007176633870734018, -0.008150782159285878, 0.02133035605007328, 0.002633800417399668, 0.0038005288466081946, -0.01727430554810789, 0.022207146267986567, -0.002588745910764621, 0.012200581479445622, 0.00879484345595575, -0.018802509468617404, -0.014545755213926271, 0.07770999509072567, -0.0062954222802818075, -0.014325667827547212, -0.033064263556310584, -0.001142616307756535, 0.028865678486780337, 0.03751059187419919, 0.012000120902959323, 0.009959461679568111, -0.12036174552226132, -0.013205919728378437, -0.028326508142482266, -0.01476906593011038, 9.975109366119253e-05, 0.049912640522439856, 0.03597042147310098, 0.040616231847641654, -0.019668510916886452, -0.09921337372551713, -0.019744496225006077, -0.03754425156218086, -0.06527055464747139, 0.08888193522434792, 0.010143657886634698, -0.0651125485141728, 0.020785272126185476, -0.021854316042046927, -0.05017660912784199, -0.024690673016084925, 0.011714638107316601, 0.02899491764002733, -0.009602644361103823, -0.0001932438824700941, 0.008682746036912702, 0.05057485174153894, 0.021821835064422423, 0.06349595765156302, -0.015925609277654493, 0.0068558437654939, -0.041067390704940185, -0.026678174722204812, 0.009840944125749628, -0.088984954947458, 0.021605193434895555, 0.07478898668827787, 0.03717046839823691, 0.039105569640662065, -0.013555047966410464, -0.021663165994905136, -0.04172088705428605, -0.044352794819876494, -0.07161425116824, -0.056334977636630104, 0.00023824346138154974, -0.04797880141551276, -0.01819705485741331, 0.03095510413102734, 0.026863993319933704, -0.02759452472213357, 0.07770855344117855, 0.07266125305277786, -0.0010351742265225442, 0.006668434879924343, 0.07540357653988401, 0.0035207529569016897, -0.05351474109764377, 0.019005594025533874, -0.0418787798136114, 0.014343673737568353, -0.06690013197213718, -0.001253944174574878, 0.04312276401843857, -0.10069869090623684, -0.04710836318716306, -0.006632919044241676, 0.09772478802229063, 0.023709599100868093, -0.04333075327864691, 0.015452605859304285, -0.010250070938240437, -0.061237316821586195, 0.030192858903425695, -0.10393162496360579, 0.00493511052841081, -0.003636911844765058, -0.0348364811712057, -0.003538401701296305, -0.05534380538626967, -0.05774747200913493, -0.0650433469534787, -0.005282641306984962, -0.0005086066783367818], [0.019719307542171785, 0.01170777224052871, 0.030241115427201565, -0.05209412416616438, -0.019125551633055154, 0.009060584052603455, -6.362860973245949e-05, -0.0015033690944294032, 0.004018913068285723, -0.006970666373160057, -0.004484322252561804, -0.05835573250643711, 0.008176411111593975, 0.10309526571929227, 0.1499931287168847, 0.0012795982098419325, -0.005183162809367981, 0.00915658591029783, 0.001746814468630912, -0.0013035238052607296, 0.007259388874619149, -0.000915906692629489, -0.006259418862426975, -0.007138751718983579, 0.0056082724729617775, -0.005092523998000431, -0.006558521666393802, -0.0011681319832962946, -0.0017429956769836642, -0.0025895642939511953, -0.012267514559720877, 0.04103130613137399, -0.013700704798876156, -0.012537049881026337, -0.0016524401388677112, 0.01821501551716162, 0.025032012639950623, 0.0004708495118553871, 0.0036627434840285724, 0.00647177663178, 0.0011604183467051736, -0.0070704469061385064, 0.02366232118552845, 0.0027755618978731224, 0.020197664248459937, -0.011324478494195444, 0.009464408438845369, -0.005508275966202564, -0.013993096347229022, 0.0005584377415136642, -0.00829837296890246, 0.013591451868102296, -0.010157937410560905, -0.013170273747303694, 0.0048335010202365915, -0.006621827817459388, -0.012490398023779648, 0.009150833819102562, -0.03619472256880993, 0.0551714162827712, 0.013749743452173661, 0.007785204627083411, 0.010746518992941071, -0.02286107368964791, -0.004646945668368892, 0.008955898119782936, 0.017122058168929363, -0.009323201571321436, -0.005081187854202577, -0.005750580738999858, 0.0007598464677752123, -0.029907003179395982, -0.011294090074130604, -0.03522844703544645, 0.053172339366964465, -0.0082869453166007, 0.009690628447296496, 0.024193700018705494, -0.0319400339522743, -0.009170001444933802, -0.004196076259467423, -0.009161514460865017, -0.0030005117092420193, -0.009374055291323237, -0.010630433254693305, 0.0099762673864161, -0.012000116332076814, 0.03235358496287913, -0.072001172656889, 0.014103634490947736, 0.0161816282960958, 0.0012062921385370454, 0.009619376622725552, -0.0016640931411298445, 0.011931177136720185, 0.006185571339625565, 0.005802102362921215, 0.010411231216632793, 0.009876933370293021, -0.0021151519707218332, -0.008391426124243062, 0.00744198199648413, 0.020890357935664523, -0.08474015796125912, -0.01962625625793705, 0.007133477321075308, -0.03667705395257256, 0.022034638236546434, 0.0042257998910717005, -0.018833046674969704, -0.008791818311235298, 0.009162239214757872, 0.03614019378232545, -0.004379724791318465, 0.021494693725527817, -0.0173995217551453, 0.005968588780101604, 0.021175166257719327, -0.035766742395780364, -0.037076797325511834, 0.004470656130772509, -0.0023782617693918736], [0.03677720041459254, 0.004968063483826083, 0.05069795675737912, -0.09719933487346544, -0.05012576542460971, -0.013006780249149103, -0.023641870163233117, 0.04373045308138186, 0.005796318952701473, -0.02887646278023366, -0.007438671384741534, -0.09432987203913151, 0.13447233562965755, 0.1499931287168847, 0.2962553768455337, 0.005293368885927958, -0.006806366644709422, 0.013621095183830648, 0.0072759016472504915, -0.00673189732044556, 0.009901956508942659, -0.0009858317148205404, -0.01060605396483337, -0.014571743642888104, 0.012513666916885347, -0.010696929044974242, -0.004711879164816489, -0.0018446500040503763, -0.009297852376333078, -0.012496751439673893, -0.006215055523626334, 0.03994741784676616, -0.023448205426575403, -0.0183255018390391, -0.024428065060333407, 0.03015581175580468, 0.04385914696007295, 0.014415173310599645, 0.0008968170417396758, -0.010874300462445578, -0.006510916516239485, -0.02678753098467685, 0.051261053118940074, 0.07082744649304125, -0.003702660732899681, -0.015760078943802994, 0.010397506245321143, -0.023123485228196173, -0.02185850545091001, 0.011696017759771962, -0.02249378511399035, 0.0059006299882386, 0.000271257049553101, -0.032090356660574124, 0.04148020474416034, -0.009667749898412742, -0.028752126588358743, 0.017529088598555554, 0.003151638726757467, 0.05249293295297281, 0.02159578982941688, -0.0017200253737845962, 0.012504359627521276, -0.026439679989795378, 0.022358234857539065, 0.014257482898966809, 0.045266435960627176, 0.0010372815857161374, -0.008173337960919649, -0.0009109336891494925, -0.004312037713533591, -0.040099657656201305, 0.0001278881209533955, 0.00855571814784215, 0.048803689041504277, -0.0009973104345135206, 0.008162829389977998, 0.041323818313654025, -0.051596311785419915, -0.024935211531326613, -0.02430166332549306, -0.02260190851185068, -0.0015945442131608744, -0.0212204092624945, -0.03808282281391815, 0.0074899885513149645, -0.015771265294030782, 0.087358385410