{"inv_metric": [[0.3954840410296022, -0.2214570641718172, 0.09027688893172725, 0.1919054671871179, -0.0010593169512587547, -0.0019635259620543206, -0.037091407003451385, 0.0033950642474436595, -0.007777175720597034, -0.048599157385860084, -0.04044836647774885, -0.04337003026747057, -0.008881389948939179, 0.0111393890749437, 0.024729260648993247, -0.005886819499444926, -0.002713150352597059, -0.0055812517301421965, 0.009769334527970278, -0.008366382291352252, 0.01273569757182127, -0.00047682558008278904, 0.007573141780073241, -0.00015552840288288636, -0.014748879359584905, -0.0014724604917988606, -0.0032457346886155193, -0.0014247563955526157, -0.011512559704775585, 0.008700142815274382, -0.10175472901049751, 0.003933145645317253, 0.01851849506940448, 0.02523970965254195, -0.014746811824987417, -0.017598160428434737, -0.008390753122236624, -0.012374564232631105, -0.019289148489673377, 0.04371030431398084, -0.01491390072602578, 0.015927992121081362, -0.05800393850770935, 0.005456110473404436, -0.016846803596969103, -0.11291179522921234, 0.001305783455446108, 0.02529763266039612, 0.03073451356953137, -0.009939503892810378, -0.05618348431565804, 0.03329197927379069, -0.04204236358085144, -0.010169297541689997, 0.04848013938637725, -7.053797242043399e-05, 0.015165064617788875, 0.03355583582612458, 0.0007217089344830544, 0.05003159764591613, -0.08243260400945804, -0.06398779059389616, 0.049197120314086795, 0.007216543292437783, -0.07355704247302682, -0.009996174888711108, 0.03215788743794272, 0.0026949150305679292, -0.0070969272278353845, -0.006047004873697429, 0.004930313997982347, -0.0075154906209085, -0.015930676744569813, -0.013711531224675463, -0.017143034098896483, -0.07105285956463862, -0.041246495834549625, 0.04852095463758605, 0.01606420927137433, 0.04192343275427836, -0.02174389232084983, 0.00024266587329199043, -0.009266249319864745, -0.021670448156717117, 0.018441985699448826, -0.00795376429279465, -0.01770138028401202, 0.03741763374978165, -0.001272056980384691, 0.0839750914111996, -0.02425724548452215, -0.07001099665140659, 0.03678450736061955, 0.07880090811846303, 0.06114639405936711, 0.005144960311990655, -0.017572838928121563, 0.03802005221656455, -0.019776760732471674, 0.018830617180540434, -0.046146915189466654, -0.006741279647786738, -0.021894039281054378, -0.003055009074561158, -0.055073366947028086, -0.03492107582885818, -0.04152661666773608, 0.028347885414590292, 0.03308773234718883, -0.021012475022604258, -0.016496332062188535, 0.005947427487797805, 0.0385681724284373, 0.008689918516317301, -0.0003003705012889819, -0.03259206315261749, -0.021067616332759182, 0.0019505635976898475, 0.04108510818871571, 0.05201851846611924, 0.012828321494343306, -0.0013016226753052732], [-0.2214570641718172, 0.5298455363677781, -0.08790722394085533, -0.15862965829166728, 0.003527739364859436, 0.03141947196381452, 0.05231663462164823, 0.013556471317315126, 0.002127944740346412, 0.00721347672701333, 0.01900716635813333, 0.013632182386832132, 0.06396220549530611, 0.033892417129735286, 0.04015518735809608, -0.0010729502008249873, -0.014798081904896374, -0.017585890799460217, -0.0025089431454896707, 0.0025010168440043243, -0.019693272577378896, 0.012337243099942068, 0.005553932500988561, -0.006367129957256797, -0.020296321242481232, 0.0041458661129084185, -0.0032903791637452365, 0.007084695551166554, 0.013442923133837464, -0.0171127828741134, -0.04822695800630365, -0.06408301787883332, 0.02274338011730685, 0.012522711334556867, -0.011230258808574622, -0.0287080656246153, -0.05038731418567425, -0.013007936422118152, 0.01957702100340737, -0.004858599312028692, 0.009031428104042618, -0.004602303028705173, 0.06510906106900359, -0.010899161609139073, 0.07014918073894134, -0.0561862043999754, -0.01985479208875535, 0.018656387542755566, -0.0007583839417005387, -0.007414370904809422, 0.02909054978141209, -0.01497066518392122, 0.012707591766136528, 0.009548194187769409, -0.005273830827664311, 0.02247346551362294, -0.009184661311815247, -0.009807801355733415, -0.07717239597963624, -0.08425203883249038, -0.01900682126075654, 0.06308813855617593, -0.02542507439551294, 0.013040647531821777, 0.09526920317642383, 0.047458013584616106, -0.0037138430854358174, -0.06203373723305938, 0.009480699003754057, 0.011156828300356079, 0.0029816016340391306, -0.037511578466158824, 0.02560834691262477, -0.01811373003610512, 0.05199225892731679, -0.0011626978046266848, -0.07015745442900882, 0.01186233352119501, 0.03937999959555267, -0.05655153061666474, -0.030838027778448015, -0.04312965115372586, 0.01854884303631289, 0.02253240438724856, -0.0024443489504442696, 0.013610907902538853, -0.009822518186485656, -0.030658535021032204, -0.03165387845837311, -0.040196195930940516, -0.06611663788988043, 0.02521335175669614, 0.002947562929995118, -0.060064591962915956, -0.018304614257526757, -0.04132632677270643, -0.02311308449611048, -0.030096965460531422, 0.027124737849442415, -0.0295770848266785, 0.037834926261654515, -0.010226396266982532, -0.015542483765729883, -0.029627015018668643, 0.07742106397434784, -0.05274027833198126, 0.010125676603081717, 0.009715840263076432, 0.03738863233887471, 0.008412074360808888, -0.00018441240669937707, 0.05370523560558925, 0.008504801865670859, 0.004163522088104889, 0.024179465783654455, 0.04185004228639036, 0.006565617542570471, 0.02566647357625447, -0.06633684785000074, -0.020016706964308722, -0.001183997187991968, 0.004031433272331605], [0.09027688893172725, -0.08790722394085533, 0.29438257757275244, 0.017764955214122857, -0.034555995341001226, -0.0312590532227197, -0.01124797465589895, -0.006526921698109892, -0.001770530792004058, -0.09798374243813103, -0.0033008802467122188, -0.040167748324566065, 0.014078585087289595, 0.0259454927595988, 0.0468152215906351, -0.0038249326440623526, 0.004191985091670104, -0.003820672033945509, -0.005630699452633706, -0.002640529733561449, -0.002548727254274723, 0.000769738598743306, 0.0027235331828308527, 0.0013124487377964655, 0.013388044658915183, 0.001737614173933107, 0.011296874954246115, -0.003565029274914028, -0.0020471804977079226, 0.00809126604051475, 0.05697101127594683, 0.02269710511500785, -0.13156702470708162, 0.08782116197890248, 0.018370537029169503, -0.017066587622241537, 0.004481549855367548, -0.03981107182472728, -0.004736158860405766, 0.054353777703985195, -0.033504697047729855, 0.014926982220568662, 0.0039100323826382925, -0.016247515382886633, -0.048985780667605505, -0.0018479254481104611, 0.05218709958484728, -0.09806968167910987, 0.024270580397415475, 0.0179690532398518, -0.022601591877782073, 0.05630687531930361, -0.05633623146324424, -0.029176447520553584, 0.03489989465590359, 0.017717964317100512, 0.011653562227580154, -0.0025816030867735055, 0.009590713199283544, 0.04452483719376893, 0.022990023445797547, 0.0023565604078866747, -0.01596820523981828, 0.021033967117126566, -0.001843324468675593, -0.04570731786390905, 0.025178935310460976, -0.047051312642779154, -0.026092214352513965, -0.02607520216371178, -0.006094341279196996, -0.010337484348218053, -0.04065542893789515, 0.00734715492507987, 0.035218272627889076, 0.049855094605354866, 0.022841502983519304, -0.014631047352784346, 0.039390311202508396, -0.008492135746455238, -0.053392472560471124, 0.03217471058627354, -0.05867819529130494, -0.032235296028272915, -0.03369588978653452, -0.01532882198325265, 0.011259124522762972, -0.003889946102947118, -0.024572737611813687, -0.012917099713360351, 0.022160215606701977, 0.05916329625166652, -0.10314722150485055, 0.05154367483322565, -0.010767441047432975, 0.02404775392247168, -0.003964460152561503, 0.001717822342332736, -0.001166592031122365, 0.01972154168682826, -0.026024946028063857, -0.011545962334870747, 0.009818529392520531, 0.01721282438197677, -0.012267614151865192, 0.04735925060204228, -0.01539775892563696, -0.07655923085067555, 0.06757532461652643, 0.011788157438626405, 0.024911387541764855, 0.03358997690820811, 0.017322788153342237, -0.01173374549876468, 0.00019841073298773612, 0.015311463926654084, 0.023922391324598995, -0.0431747088759822, 0.010840845759779642, -0.038934507752892596, -0.0010722687175176578, -0.0012644403758905612], [0.1919054671871179, -0.15862965829166728, 0.017764955214122857, 0.3868233150794302, 0.00023809017765359105, 0.001159309552586634, -0.06713285451714111, -0.054291311043652125, -0.013933714425689778, -0.02657501406331864, -0.029868289155678004, 0.015617283947864788, 0.0004854725702669599, -0.06721507798004907, -0.10308385788530583, 0.0025169900127415866, -0.0037892987238890854, -0.014235292766860351, -0.0007690250895948329, -0.004419120066478696, 0.005691184670799631, -0.005098201337249198, 0.013690536158072078, -0.0016072170993854584, -0.027159847379138742, 0.010969905328247482, -0.0016072419446036105, -0.010637610195834025, 0.00034313621013188955, 0.0068456071140552376, 0.06428263939278268, 0.009158309813770417, 0.05350732914355977, -0.06993223520422334, 0.0012094492225695405, 0.006637235896822968, -0.03316713499132064, 0.037589679989868736, -0.016177842086614967, 0.01025363888117536, 0.012405336936587777, 0.006337430743887131, -0.03072094377601983, -0.045862051744829095, -0.0303858921818089, 0.024496628903601568, 0.051431282855853, 0.04880521042331537, -0.05412028003132222, -0.02920668735496804, -0.019875472691311263, 0.015084453717537877, 0.03661248173471429, 0.00968526664084511, 0.02617538591549144, 0.0019716351604152217, 0.023256263168404064, 0.036087134128162744, 0.003552780017089386, 0.014061787896549677, 0.049316872370933275, -0.03400611823873992, 0.040639498903424116, -0.049398364439107806, -0.0187628008593351, 0.020577697526053703, -0.01193993338858895, 0.00345318444728599, 0.012920798428232627, 0.03582907635501697, 0.0034206200928378126, 0.006379535700845162, 0.03253328465215659, 0.020765633498524966, 0.015235794426865124, 0.0073465939977457135, 0.0326024834896354, 0.06676708849315385, -0.08464152440161214, 0.04492246006434109, -0.0028855872879928078, 0.002107641810587546, -0.0960564611886052, 0.004127760243075472, 0.02199028443281443, -0.019603587426735875, 0.017556371322278864, 0.0572852163714523, 0.033983041713002864, 0.05930382278706548, 0.03395715389379362, 0.022069550806196773, 0.04486164835053342, -0.057620379178637715, 0.004370003695272415, -0.008503305014663712, 0.018719160897822815, 0.06033573136071802, 0.011791530292802879, 0.016225172646173954, -0.023711796086724093, 0.01349897111606167, 0.04816546987672793, -0.0036781172940026363, -0.04850791227203534, 0.07153906999882784, 0.04561606190471832, 0.02636905804112647, -0.08277058407860771, 0.00942853888621901, -0.00494502073802957, 0.00728447063464678, 0.0006671459771165221, 0.03130617779094126, -0.017652406304661483, -0.06105767288837563, -0.01975515394674402, 0.010310914828529846, 0.0021463866423953627, -0.0015597711187341026, 0.011913083878361545, -0.0009296946568234157], [-0.0010593169512587547, 0.003527739364859436, -0.034555995341001226, 0.00023809017765359105, 0.8743263661983626, 0.025343278702533775, 0.005659288928099815, -0.02093724982804022, 0.000585816666112804, -0.003366369924016539, -0.0011479955766185873, 0.026517640603033504, -0.06375678995949488, -0.026170912818369904, -0.0461474456019392, 0.025390643121942447, 0.007004328258111423, 0.013136326730260698, 0.005503507487062141, -0.008055973994443036, 0.010358819302644472, 0.016466553771295356, 0.0032496252448128353, 0.018220704772782745, -0.027024871696468344, 0.010434298854083805, 0.017963027419190217, -0.00034476193155797135, 0.0011601858703946257, -0.010756294886900702, -0.035752818965183064, 0.09412172259000853, 0.023136421838698185, 0.015882486257451752, -0.0023443687767136547, 0.04621890772855737, -0.06523050276441776, 0.06504292234342383, -0.017771146058369488, -0.01148759034542615, 0.005003411362971527, -0.00025432148927697734, 0.010837403188081648, 0.006492047105620241, 0.03486970605526078, -0.0015063721006191393, -0.004761460030459591, 0.0627264246978564, -0.005665733967375165, -0.038464428582671156, 0.01705091404433606, -0.006044150130447223, -0.08769825732678603, 0.013972201882445, -0.04373438435996474, 0.00523100659266664, -0.017918149866970476, -0.046933391151400626, 0.024788489743206722, -0.007838752582492205, 0.00230398176982501, 0.03762041989555866, 0.000980411583553525, 0.01048454681210979, -0.022655366984857102, -0.004161369126238755, 0.013965945013627697, 0.026754815125455498, 0.012516207728069538, -0.02284449589901611, -0.004539694609793832, -0.015026742665603155, 0.034514895790501834, 0.010811227108508592, 0.00584535364181063, -0.007143288468015388, 0.04225319810647456, 0.006200566883518448, 0.02164781360838079, -0.033681366485428424, 0.010074183776084466, 0.04102260149059841, -0.04123695846079678, -0.010142279972294435, 0.0110863783569959, 0.025119341790256853, 0.013913812245900981, -0.021600826214503387, 0.016087881820202554, 0.04909827911681352, -0.0032113755179467157, -0.03863761246331287, 0.07130317474317038, 0.026560260123195067, 0.06055798877688743, 0.049017109811435304, -0.06825953062313388, -0.04509562439352126, 0.018130731440857265, 0.0008209342937718595, 0.03135232198921645, -0.018323689827160105, 0.11810402558011794, 0.03436521592480281, 0.08579340637450848, -0.00826641921734277, -0.003410905875264722, 0.02489063368574803, -0.027168565004455324, 0.027495694221355355, 0.0551906833389547, 0.007350155862893425, -0.01910778237500325, 0.01371707049687947, -0.008756956100657886, 0.004449727580613375, -0.009036285359407986, -0.03380280518980438, 0.02704741040323967, 0.06071712027105412, -0.0015440077574151866, 0.004147428926183415], [-0.0019635259620543206, 0.03141947196381452, -0.0312590532227197, 0.001159309552586634, 0.025343278702533775, 0.4023828736760938, 0.01255862261712568, 0.0012651694069546412, -0.013514045445686546, -0.10209056129897455, 0.06464544404103105, 0.005258047499430103, -0.01712677138012272, 0.011535254843209337, 0.008119412734917971, -0.0051939511000137035, 0.0064241903852366175, -0.0020950193034889554, -0.0051400770152833395, -0.0014731101428728445, 0.0037468792258565924, 0.012289363641174588, -0.009163386127575966, 0.00318676868188051, 0.014280940214468203, 0.00405649874428793, -0.01565157673299332, -0.0020308244627166047, 0.005865756686757776, -0.008660216020370771, -0.00143404528709393, -0.019832715903793874, -0.020458904417825653, 0.020454008145132395, 0.006077384451952713, 0.009242990487496498, -0.002038734894718025, 0.06991400327633095, 0.010127081792571, -0.05287749184773062, 0.036398741209055445, -0.018730279139352206, -0.030203783891686476, 0.016303142104671018, 0.037972816087348954, -0.03191027480952994, 1.1935003009988666e-05, 0.027470015168107927, -0.004394363528903244, -0.022800505025279187, 0.026434304841891597, -0.03646172632844456, 0.009161299513274717, 0.03141639927863991, -0.05890173543289979, 0.06849679935120996, 0.0006581560569659879, 0.030059518321660296, 0.01604069781121629, -0.01568679151038707, 0.015961108305025517, -0.01095996658908579, -0.014428792110893117, 0.0032079687582662417, 0.05949512063206204, -0.030850992900894412, -0.06150823947782432, -0.03376028758795777, 0.018708257648469978, -0.05704343118259758, 0.02580171055624314, -0.01974441230997639, -0.032351425597635736, 0.029594341143576418, 0.0347085168328625, -0.029316539119497307, 0.03409052038630357, -0.011416790353591022, -0.0027227217621994602, -0.00016211013922754484, -0.015068638258220702, -0.03349348825106839, -0.03207068503856235, 0.015292415709201257, -0.020177101595158915, 0.021840676351111765, -0.023027017183733584, 0.051285022806570525, -0.012296326430473318, 0.00408442523492279, -0.05589996968124556, 0.001308738257248005, -0.02773729470253929, -0.06819897708403128, -0.005359603565164471, -0.052637821760583965, 0.010301579865867482, -0.01711922409913326, 0.05783104620184929, -0.02074423621075006, 0.02002698931511378, 0.01514262995994701, -0.0024193340492024112, 0.02242019330847238, 0.0633292519445563, -0.014393352651368561, -0.0023813811724137553, 0.011112223913757218, -0.003675285055675596, -0.0021890041259112875, -0.010338893213347832, 0.01714206992096016, -0.027139426213714513, 0.030588185702782884, -0.07452131427708078, 0.04380624882223963, -0.008696742763504317, -0.021261992761835328, -0.008490719364554505, -0.013389017685339432, 0.0026667270574829184, -0.0013989157980820689], [-0.037091407003451385, 0.05231663462164823, -0.01124797465589895, -0.06713285451714111, 0.005659288928099815, 0.01255862261712568, 1.1124770536368123, -0.016939029684953255, 0.01328721081213144, 0.0072644256540281334, -0.027634790010974335, 0.019207595495805342, 0.07030481315155424, 0.009542171348069289, 0.033000761599371126, 0.01403128917207853, 0.024968928429044326, 0.01554833299496622, -0.02573357118152017, 0.003615874257832516, -0.0033713952505943705, -0.01535438374187816, 0.013951149007566966, -0.023674471326433428, 0.01532194310557192, -0.01031874914570014, -0.010224145495305174, -0.0063520791814549015, 0.0056282583957670525, -1.8719264949289465e-05, -0.037030625698804574, -0.051763620646107456, -0.00020790087423136735, -0.00903860578939808, 0.11115660167892079, 0.05164847630870554, -0.11537120324877276, -0.04541782298689731, -0.034463210647515, 0.07314089049773463, 0.12191605812892756, -0.02043155063620897, -0.042310414578438794, 0.0760752041163671, -0.007834462940062703, 0.015492385802483327, -0.0005109936941267739, -0.036843233323072606, 0.03282600634169112, 0.12426707665647185, 0.00739040988782876, -0.0670136966895628, -0.010480592055480811, -0.033335862256899, -0.08568540448540703, -0.0413639681996728, -0.034586178088958454, 0.013610102905674876, 0.013339489883250647, 0.06009738005180688, -0.03430854786713866, 0.07221656943669794, -0.038325157147034744, 0.019481535800249545, 0.0296716085853592, -0.02349185289572317, -0.04764292793130729, -0.023092919220752284, -0.0051708595168601795, -0.06035163259576144, 0.023453882259439267, -0.027045346906071237, 0.02882471403260096, -0.008049302442557374, -0.09637263662170675, 0.05436777631773337, 0.007130250107731175, -0.05796080217574648, 0.09742008520444324, -0.07679964861452117, -0.01822157942824886, -0.04097110413297366, 0.023561064016785323, 0.018370815336443976, -0.1119288935994617, 0.002416460691407554, -0.03342617123101499, 0.018717377465454613, 0.014989096401363332, -0.06978884542723685, -0.07141593674117902, 0.01193649178539196, -0.02973044282797268, -0.022997856594296862, 0.02873554830775119, 0.06656854620334213, -0.04820577719271804, -0.01863354275501828, 0.007124709860125018, -0.10293649881618638, 0.07006594581416783, 0.014684919406515862, -0.03511523257227527, 0.05233145699695201, 0.04443214790692845, -0.06731028481710742, 0.013179903226667828, -0.03138774635292633, -0.03912631079763646, -0.024397624290871237, -0.0782494680321518, -0.06328744812796146, 0.046436342674712326, -0.026702417152266438, -0.07922038279789033, 0.08848141375395036, 0.009832379884281903, 0.0075553996948907335, 0.002592989257494882, -0.011408924870790182, -0.0019948161304091778, 0.0012341740360472678], [0.0033950642474436595, 0.013556471317315126, -0.006526921698109892, -0.054291311043652125, -0.02093724982804022, 0.0012651694069546412, -0.016939029684953255, 0.919714398257847, -0.0018261952691862103, 0.007032474184505037, 0.017443676289000766, 0.01822732744341478, -0.11260084194107545, -0.00026286907173817334, -0.004967137688727378, -0.008329171752479375, -0.008094800752916322, 0.006578324244967153, 0.004976064246602327, -0.007527633613820433, 0.004806518785854521, -0.016551569238033408, 0.011956233112652823, -0.01128447478605165, -0.002140231161478129, 0.011967012266881039, 0.007001619253363229, 0.02215136561581211, 0.006651650210075448, -0.021758633894956785, -0.014884526681003683, 0.02923245528706702, -0.02058385046399191, 0.004318505140353902, 0.049355826944885786, -0.03511734429637094, 0.0025849026876041572, 0.03297018892417036, 0.028266806242137257, 0.06272995755076294, -0.013748242419810066, -0.00275411357969848, -0.04553659451990031, -0.02337528586160777, 0.033670704653125744, -0.038883792241452005, -0.014161092232127708, 0.030187688720271083, -0.03022071092756061, -0.09191832168399881, -0.09426243204761328, 0.08335140393164998, -0.043111078919309265, -0.0062529589052116846, 0.008692825074017266, -0.012426442447478505, 0.0033945397292518883, -0.06600399487628467, 0.009763527578865075, 0.05606600138115435, -0.04807632387169426, -0.003218056287111894, 0.009200756055507825, 0.039783741924906905, -0.011878497091321914, -0.05203499545687792, -0.04841925386218835, -0.07283892029095776, 0.006900235634026268, 0.04004997862857893, -0.009343976939186371, 0.012198859154473584, 0.043104557836627304, -0.04890661403545593, -0.04963156354371664, -0.056120511467273676, -0.037618794827462505, -0.03127192905346087, -0.011836902409773012, 0.05817593730555176, 0.016327794556132286, 0.02919509470170171, 0.09226960053178526, 0.0005432276111973867, 0.03444432590277302, 0.03592205337883673, 0.0081772421984185, -0.037331168365303896, -0.04678021272717899, 0.05817949353189198, -0.019159184748685124, -0.05273988100457403, -0.02596654300495392, 0.02396080977998908, 0.07319697696080107, 0.024922427231423884, -0.05231801811237263, 0.030560405910518423, 0.03427808549394509, 0.025058177117515533, 0.00398900968304062, -0.00974707646900455, 0.03770070958815936, -0.026035810707867053, 0.08143286660717257, 0.02799780925298548, -0.09394516640128818, -0.01054297866201982, 0.07474910793828586, -0.025047397645777646, -0.07267674724778578, -0.025870227346543276, 0.03888901204411866, 0.01309394866551167, 0.08696800871072997, -0.027119045429988137, 0.0032447487097133553, -0.023222452382769335, -0.06216995328879978, 0.016156537044575297, -0.00522915017680597, 0.0034492957750330007], [-0.007777175720597034, 0.002127944740346412, -0.001770530792004058, -0.013933714425689778, 0.000585816666112804, -0.013514045445686546, 0.01328721081213144, -0.0018261952691862103, 0.05935477378630789, 0.016270707153333504, -0.0034632985799866564, 0.0017688671678778697, -0.00962166463423961, 0.0029236980108356615, -0.0027814279296040265, 0.0012343848280357, 0.005847530385172547, 1.5391368878738474e-05, -0.006338718769571072, 0.003267824625310297, -0.004710421975759476, 0.0017797575914104686, -0.0007836455279879445, -0.00012221427651480145, -0.004504200542087861, 0.0012934977639534307, -0.0016837913437839505, -0.0020682005351951244, 5.5429750366229676e-05, 0.00041370828836318537, -0.01466089173110129, -4.779547223850053e-05, 0.004976200858781845, 0.010401136456421557, -0.004150750542743005, 0.014340697469022064, 0.011215871854660832, -0.001641899746485109, -0.09397052497763449, 0.01749690051045043, 0.011808009886018449, 0.0013734092921249708, -0.02017877935218966, 0.01445380690610977, 0.0022398274049214616, -0.0024352424303061204, -0.00606508853280989, -0.0035407740465310017, 0.009410379593003167, 0.02324792714245113, 0.0035265726605129507, -0.040226699020796466, -0.0138249450300904, -0.09553633983077611, -0.01941172113977245, -0.00622456434861009, -0.002761201054859999, 0.0015368442047967602, -0.0010663872829399432, -0.006599747971625732, -0.020283699960919187, -0.0037901119643263723, -0.009362996980587533, 0.002118601215912088, -0.016621176299531238, -0.007688282854108334, 0.007024887568090445, -0.019692666243844085, -0.08992320301922566, -0.005985637767496292, 0.012102727130492057, 0.011858464984594348, 0.016741493679368717, -0.00834641851467518, -0.01996751370987039, -0.024412108390314078, 0.03936105062516917, -0.020142176262151954, -0.005044689162380089, 0.013440986342228782, 0.010356988357087748, 0.006152076299171501, -0.0070379890335827795, -0.09538287647760514, 0.00399662612580209, 0.006200060334466784, -0.0017137512345732546, 0.01943617243025242, -0.0044841009170601305, 0.0017620367996506422, -0.00704022714169249, 0.009651403338094847, 0.008117790018725094, -0.0063865461086498815, -0.004763684229320202, 0.017960371527117047, 0.013710002081380252, 0.0109923592355522, -0.09156909015741663, 0.0024548971795678768, 0.014391880278042378, 0.001321324174564353, 0.008608107356284244, 0.0012351087651346795, 0.02330105018248759, -0.009753604962728459, 0.006221619655005799, -0.01009655049512116, -0.003249383783629415, 0.008472264841262518, -0.008080085859308039, -0.016963199220886058, -0.006828058161396568, -0.09200451443361778, -0.011775342040118618, -0.00570045557315492, -0.0029313408213542474, -0.013860529949946859, -0.005148258810233708, -0.007114036984926355, -0.003714997187724581, -0.00032256266108409543], [-0.048599157385860084, 0.00721347672701333, -0.09798374243813103, -0.02657501406331864, -0.003366369924016539, -0.10209056129897455, 0.0072644256540281334, 0.007032474184505037, 0.016270707153333504, 0.5017222341103377, -0.010850580035492314, 0.03727133871346061, -0.011765150854404369, 0.012031977995773357, -0.002168552822854755, 0.007234324739730434, 0.0012382092718836125, 0.018926447160338845, 0.0008996539591693064, -0.00438429760820401, 0.0077032120925166914, -0.011112861556562178, 0.0006060599872160897, -0.012867656296338667, 0.02400972240268812, -0.0028754346145378573, -0.0017753460059487134, -0.008976468293454254, -0.02605689860607834, -0.0036164494932442197, -0.09535141481457458, 0.08060508212908624, 0.010905950040922404, -0.060581484207323025, 0.07986633149542938, -0.008832761078804827, 0.022096934697944003, -0.025066198010221863, -0.019128422754247757, -0.21058336915939962, 0.0320767009483776, 0.008474832994976046, 0.003952115233069426, -0.0067496160143960685, 0.025982219711629558, -0.022192026728791968, -0.019617013957864336, -0.035353960080159466, 0.02487947305097328, 0.03301974200513876, -0.007950922911871928, -0.012201964992935825, 0.0581095829586787, -0.012450171076401286, -0.08940318900561595, -0.06417488764983209, 0.0009632758042873146, -0.03991941630791815, -0.016962585099793145, -0.08005467573422033, 0.018857613648433254, -0.00890451685543688, -0.02485590444239025, 0.061753739321367615, 0.03478105658580755, -0.030154812866153204, 0.002981267265446143, -0.019331836404423042, -0.013600650293267067, -0.037272246509970394, -0.05413663075457253, 0.005387230850765125, -0.008247627849742149, -0.014279492565636782, -0.03908842427274937, 0.0009861215158394926, 0.006772134860415618, -0.06630143359598915, 0.03172619542285008, 0.025962586356163678, 0.031058060514653162, -0.026594641395556107, -0.02204709233701859, -0.015588793013537456, -0.0490114352830029, -0.0018680096781893796, -0.01862154899794835, -0.07645063862932305, 0.03366305213822471, 0.029217062814630837, -0.0007629218231090946, -0.032140949091051856, 0.030270212110077705, 0.03643821269342845, -0.028765435481513193, 0.008283939006447515, 0.014933157791926296, 0.064820135506502, 0.014276545447941453, -0.029885746489422837, -0.013709537554880828, 0.0033385523906572993, -0.01789938514211333, -0.027039255083061542, -0.08101338584070142, -0.056737660040770806, 0.05260896114682202, -0.004911901884742276, -0.013985941504626148, 0.0062987314193144696, -0.10729631700550578, -0.046653780824206965, 0.02377961015626575, -0.011380739736782601, -0.08116463280720043, -0.06256684757224833, -0.016934323637514535, 0.012377114363574212, -0.02330993765249168, 0.022129208485095486, -0.0063211301253479945, 0.007836764150269931], [-0.04044836647774885, 0.01900716635813333, -0.0033008802467122188, -0.029868289155678004, -0.0011479955766185873, 0.06464544404103105, -0.027634790010974335, 0.017443676289000766, -0.0034632985799866564, -0.010850580035492314, 0.09797502011795282, 0.016729573778179997, 0.01963583898643347, -0.007506433735193074, -0.01074944258379245, -6.519723709375662e-05, -0.0032051420462152697, 0.0003711987982338787, -0.0047281483934986995, -0.011731538045536265, 0.003629565500394189, -0.0037325091757541744, -0.0005797626197583921, -0.0005099367768550151, -0.0035907779028956552, -0.0036149859296434324, 0.004525604508754881, 0.0036437541668774558, -0.0024861202486377806, 0.0011821492413994223, -0.028985232489164615, 0.009872145544450555, 0.012920891329270346, -0.017842417349893797, -0.021961059088714815, 0.014337567311519899, 0.007698305114548006, 0.026247799256473706, 0.007562838738419541, -0.022310001103738326, -0.076113033777492, 0.0024660844664948912, 0.024727490027483204, -0.010366327735680416, -0.0010175757020548402, 0.0011512695360917649, -0.017735527551484123, 0.00973325558937966, -0.0037639370517880996, -0.0024016398176211055, 0.014108687344371445, -0.011594658050432107, 0.0068990739470309904, 0.020798362415843694, -0.012942485669026305, -0.08470133528332492, 0.0015406941306710246, -0.004214113510020454, 0.005710369320639319, -0.0033541818057750018, -0.005618086069096351, -0.0058292966064490154, -0.004527646792335261, 0.0036056126476804837, -0.0050316333392052565, 0.025830111472845498, 0.010967926789421264, 0.01562890540777269, 0.0004070472583688773, -0.035584117894499105, -0.07640043687409616, 0.0057864992630986415, -0.020682698477752625, -0.002898124114754251, 0.013122618023786134, -0.002777957387833614, 0.0011729403805851469, -0.0018319504533351398, 0.003286147643029667, -0.028405395790408582, 0.01587656379558395, 0.004399718170938862, 0.01132171295001573, 0.0036168264126962913, -0.02129469100034429, -0.09045026044067118, 0.0013920082851435736, 0.017667479663151124, -0.0036333212823378746, 0.022489735506826713, -0.054512801720877586, 0.02291212169918249, -0.0170239359997152, -0.03943828620689916, -0.0017228214746096446, 0.00624325535014631, 0.006311800258402378, -0.0019448419788369415, 0.028547630452398103, 0.017547210201305816, -0.06955947192511154, 0.004676975596024045, 0.017640785606845868, -0.0024352737915175164, 0.014868670613987268, -0.020037306926333064, 0.006167190787196721, -0.0020262175310879907, -0.00171250799972886, -0.008426073191152274, -0.011107030552301299, -0.016627192550874907, -0.020538615855711397, 0.009815207436534714, 0.005624435781489478, -0.0756295633148922, -0.00019741017687311703, 0.0007796183618359857, -0.008809959100949054, -0.00248260406683071, -0.003463320994142362, 0.00016830299973818772], [-0.04337003026747057, 0.013632182386832132, -0.040167748324566065, 0.015617283947864788, 0.026517640603033504, 0.005258047499430103, 0.019207595495805342, 0.01822732744341478, 0.0017688671678778697, 0.03727133871346061, 0.016729573778179997, 0.1620520055645596, 0.03302774063814102, -0.05745586125004878, -0.09235632544748079, 0.005321713704194559, 0.003829074167904799, 0.0014322624695136997, -0.004881955001116296, -0.0012891361290228885, 0.0001840894609186502, 0.0019239066375863966, -0.001496702856149396, -0.00014824222428128333, -0.0030526519803795444, -0.0009981118024078328, 0.017587714845027386, 0.003952589586679109, -0.002498645568217649, 0.009387527209805614, 0.0057424878010174235, -0.026871157714335264, 0.01607351742828525, 0.021349290233122643, -0.032019644048905574, -0.0011368223229370712, -0.012246572200034946, 0.02906698896538847, -0.004869313208587126, -0.006606372123765579, 0.018894020390170473, -0.11407522263356966, -0.032902785795774867, -0.030275765353468185, -0.028103709349150435, -0.004435611477021324, -0.03593927095220804, 0.014558353292376805, 0.011295728648042989, -0.009563615566121885, 0.003082306054930381, 0.014231509089103452, -0.008737330005127032, 0.01107041097883772, -0.02766613747267594, 0.008086743595967442, -0.10251681341279541, 0.00800700352385947, 0.002676112315304445, -0.04384353849695368, -0.016389878061960652, -0.016304696874262177, -0.02102056319920534, 0.03377012212254946, -0.02866954135482623, 0.004631835923793284, -0.014379980510371317, 0.00997510441390254, 0.011046651146880677, -0.005875239111264859, -0.0014585617090068178, -0.08737021199352815, 0.0219659293037131, -0.005972606365345308, -0.044092415182174736, -0.03999942454904593, 0.01260968931844207, -0.03231357636384506, 0.01637677331438492, 0.010203921415916807, 0.026219955359868773, 0.00119554474511735, 0.0019058588938046387, 0.0030297850270667734, -0.016224827488224423, 0.013530676585570845, -0.0759550927852632, -0.020676279034167754, 0.030279446373766835, 0.009526346219657708, -0.06763050767165966, 0.05051713729624734, -0.03351936767041813, -0.010614207062728288, -0.008958133164347876, -0.012223031772700493, 0.024646861520053475, 0.029606995716104915, 0.01063231930438754, -0.012020690600044582, -0.004442271508151815, -0.1284760664837152, 0.001233290576451961, 0.004808188362790423, 0.022595899993132326, -0.031207953303035087, -0.015537825019388132, -0.021173029157631598, -0.008981548603136807, -0.01719075805504608, 0.007480480153384524, -0.0288017582339382, -0.033283399946692833, 0.0075671644693617295, 0.014884920003499797, -0.01363360602484483, -0.11590178213622485, -0.021529480379093024, -0.043148187773280326, -0.018608390052975564, -0.0077028814110360385, 0.003154225521003259], [-0.008881389948939179, 0.06396220549530611, 0.014078585087289595, 0.0004854725702669599, -0.06375678995949488, -0.01712677138012272, 0.07030481315155424, -0.11260084194107545, -0.00962166463423961, -0.011765150854404369, 0.01963583898643347, 0.03302774063814102, 0.7614078686202086, 0.018572521721347404, 0.15127466800949904, 0.0037334379472769774, 0.01118423968204525, -0.0031260555558716313, 0.008400887668843133, -0.01890589503757759, 0.009215149277824327, -0.003384664681861196, 1.2913482740305632e-05, 0.00590472643882516, -0.015572484615091668, -0.00794230696606816, 0.030279685698236403, 0.0006614772963507596, -0.0078035365544261125, -0.00562497413165102, -0.0467711415078555, 0.029871964274912816, -0.05477446012063581, 0.003385436583651037, 0.07820254201776719, -0.011917970526769624, 0.0023047370449071802, -0.027013086780343934, 0.02575110054037985, -0.027516606310416428, -0.010101210340141565, 0.004480081608197836, -0.009760351739534325, 0.04199516436707833, 0.003060194179326734, 0.05904557608836413, -0.04589261341231445, -0.035106555714717116, 0.08532471619244786, -0.02981737548356585, -0.010849823717945156, 0.03887294789832333, -0.024277901615054828, -0.011374608731972744, -0.016248290394481574, -0.0374658122704068, -0.002745035816534362, -0.046780283990713815, 0.011738724379507303, 0.037417068673696166, -0.014373998781335894, 0.04250213503319378, -0.03050542182695193, 0.04436104059921578, 0.10672911950356855, -0.0006329019839972638, 0.03175559640855347, -0.0021225766121887287, 0.025145267816332757, -0.02551325612205708, -0.014068197412078142, -0.011220476359748995, -0.04050479043091988, 0.029383474248036535, -0.005071092427904077, 0.007760258304890831, 0.0044283504699356825, -0.04040630172157257, 0.005450769382874616, 0.04070086114540752, -0.023741448600723074, -0.04051524578365603, -0.036728273876418166, 0.03502562878881877, -0.09321139830226875, -0.03720342671773169, -0.004266383259323089, 0.025031007002178352, 0.0011725111120969647, 0.0023194012067849273, -0.0802133175581326, -0.01268224333458752, -0.04319137402299122, -0.018799795476371593, -0.046742661346550696, -0.03679551286310617, -0.037947225981256, -0.030838723720099995, 0.04632168350703597, -0.023878079072167775, -0.023272573389245765, -0.03531250474188969, -0.0256939438937017, 0.004955796140081183, 0.02178166668095622, -0.06206777732291204, 0.03642364236654044, -0.03824895165431362, -0.010104844294151412, -0.005847662525654204, 0.05516840598249341, 0.01958311210474698, -0.08565278169716455, 0.022136873718725695, 0.018587325868545727, 0.01995285835636142, -0.03370502549162121, -0.08947547002555394, 0.04243749604602278, -0.06586185203536622, 0.004388925175472429, -0.002450154472913783], [0.0111393890749437, 0.033892417129735286, 0.0259454927595988, -0.06721507798004907, -0.026170912818369904, 0.011535254843209337, 0.009542171348069289, -0.00026286907173817334, 0.0029236980108356615, 0.012031977995773357, -0.007506433735193074, -0.05745586125004878, 0.018572521721347404, 0.1075662009140087, 0.14996993649609439, -0.005029916822331642, 0.0009147383145207529, -0.0010646929593623581, 0.0006703112932666477, -0.003341884140462287, -0.006498209314144139, -0.002079714608428536, -0.0040393081742715895, -0.002026746407454483, 0.0021328540000439163, -0.005036140977902389, -0.00014693211699382065, -0.002717806203018105, 0.004146969181467645, -0.0006849759241794626, -0.029051301591385956, 0.022491159540488432, -0.01690119410451778, -0.01408683288737183, 0.03759037547309001, -0.0017035051906259795, -0.010873888195868809, -0.006672844874884861, 0.0001797397890605365, -0.005432717795364695, -0.011872437564986535, -0.0019860056627474683, 0.028128360265357744, 0.0010175998156968305, 0.02500203551277637, -0.02684194115371218, 0.030073277022346873, -0.012896273649331227, -0.004858409772040176, 0.0073453314696001835, 0.001001560629135698, -0.011068093404971937, -0.007496805020933676, -0.012759718088500727, 0.025925046515591826, 0.00029629742538181647, 0.004000548767161004, 0.008975302171776757, -0.042181122717883636, 0.004148181601390772, 0.01308128205895661, 0.013524670631181719, 0.02593154044970566, -0.0322963074412217, 0.019604299136543477, -0.0028113834404236092, 0.01410697586438056, -0.027992403588739962, -0.011475785003240844, -0.006115778110637913, 0.002685704787284869, -0.030399267889815153, -0.03443517574179194, -0.015157348972951814, 0.06468587927818469, 0.0028455995213925267, 0.013340184843193874, 0.0097115405586877, -0.010058254392496023, -0.010828248803855097, -0.00946809433121054, 0.002249447474871424, -0.017666686258082515, -0.007748753778317021, -0.00616356145144642, 0.003253038473585842, -0.011792111178551468, 0.002998094771389365, -0.07134293359733937, -0.04052425156181333, 0.03619767353846653, -0.02790015813785752, 0.026979806170035203, -0.007666917413356103, -0.015075780254989244, 0.009547738550166312, -0.0068074136297306955, -0.014886529104474302, 0.0025149206263910375, 0.0017482412834413732, 0.010190816399607066, -0.017052188139424353, -0.007349465034284353, -0.0624933766878595, -0.0299173753812337, -0.006305267893325742, -0.003037368640255116, 0.0065055395897777365, 0.0031255381059338357, 0.011228659483014707, 0.011127858059064574, 0.0084266227335229, 0.005678545567715377, -0.006818783607866945, 0.008753609459923322, 0.019780561248875998, 0.0006749816630100932, -0.03508787098034177, -0.0099155567083033, -0.024966181845532613, 0.006462926673594478, 0.0001062878876363193], [0.024729260648993247, 0.04015518735809608, 0.0468152215906351, -0.10308385788530583, -0.0461474456019392, 0.008119412734917971, 0.033000761599371126, -0.004967137688727378, -0.0027814279296040265, -0.002168552822854755, -0.01074944258379245, -0.09235632544748079, 0.15127466800949904, 0.14996993649609439, 0.2727762929785433, -0.004209475820703071, 0.00716814150485528, -0.0007671596418101533, 0.004768124720330461, -0.004028924689433886, -0.004356863830140517, -0.0010208657360051057, -0.008137101511049901, 0.00048554690145048116, 0.004072402933374427, -0.007914008659773797, 0.005315157701661749, -0.006361761656506391, -0.002858140759389816, -0.0028975819250885056, -0.05057965854580382, 0.047014584943376854, -0.048680336925071385, -0.029803318249426797, 0.06643515509754437, -0.004283221036097515, -0.010078686224932104, -0.01715431353073044, 0.012019157961913529, 0.00021327646931898936, -0.021121649530259183, 0.0009255554839431562, 0.07419686087083645, 0.07456890619995062, 0.009961241449772507, -0.01520114398271433, 0.022790408082237593, -0.023254017742965382, 0.008650252116344492, 0.02176245717525482, -0.01645914283157757, -0.009871502836636044, 0.010716954639453413, -0.017595860768493458, 0.03914804298043065, -0.00765954613163506, 0.01066762535714824, 0.03464798871071797, -0.0035199522961882937, -0.0003044654023826008, 0.03204052920238874, 0.031055226500616137, 0.03692694773841258, -0.04177047579243561, 0.05640800751988607, -0.007478500659563568, 0.0253418090916576, -0.01340202809228015, -0.01425201555944837, -0.009010982722658985, 0.0035866326099981, -0.05186344409078595, -0.0436376941114024, 0.04232363044998544, 0.06267480246424181, 0.023329755486965125, 0.009815015441243472, 0.003983005438233264, -0.021706780106220354, -0.004943732709596666, -0.013952338013071823, -0.0001301420134719145, -0.014621859859856517, -0.0008767600550917086, -0.018363205409495938, -0.007855492682032799, -0.02217785696815006, 0.014