{"inv_metric": [[0.442174785168759, -0.21759097863902155, 0.0756141720606913, 0.16880116724871305, -0.025895446800642194, 0.0003273742120862368, -0.07441634909759096, 0.0661639593537097, -0.020084306270930736, 0.01705586915008646, -0.045664527599369446, -0.055538458235374025, -0.045360850650725995, 0.016070018461041367, 0.0239877335901649, -0.0016374763532285442, 0.006803043074181001, 0.006242149494091621, -0.00015815599611430236, 0.010151016594396151, -0.0038794775797942656, -0.0014308770301914302, -0.013742195502702441, 0.012708679835373321, -0.009747359658088102, -0.0025746242865401564, 0.013149410564087048, -0.002221547275103445, 0.002722569781100918, 0.00032893837305575396, -0.06867822317692368, -0.08160653119335888, -0.0010799197407259477, 0.08851311594205807, -0.036629627959291367, 0.01055383449305828, -0.03283248036485563, 0.10462811124900873, 0.026326713906821297, 0.016657698214314173, 0.012658570420559264, 0.0017118200299331007, -0.005859655091597649, 0.016508196000612468, 0.023322832933001383, -0.11631147649196359, -0.037160860374909684, 0.013333558050372028, 0.0746664952355841, -0.06032322381180094, 0.02215496729638675, -0.030040479078644777, -0.01420362455854569, 0.0061999307516189695, 0.010574646161041985, 0.008211372836171025, 0.023181452337711624, -0.0340222826099899, -0.018877747709397513, 0.0160852223228534, -0.09275009441524121, -0.015299240663687727, 0.0006454537922104903, 0.08027524067856891, -0.012481828538145036, 0.020730809870562233, 0.020420726944640786, 0.013750186273282615, -0.007801235048833042, -0.055156379684305985, 0.025468905059875886, 0.004678495366614811, -0.018199969985186883, -0.021455413441199653, 0.01806180644836859, -0.08417645914717668, -0.0692211960196067, -0.004457291853439327, 0.08007430812135674, 0.04209770578227476, -0.03390049816350593, -0.008272973640066036, 0.05188418499738757, -0.003258958273377816, 0.02411201538792561, -0.018891921765344974, 0.01888254010917199, 0.010249878088596084, -0.04508420065181004, -0.0019360643648160289, -0.09936091401140545, -0.05795878507400441, 0.014692541342127692, 0.05564067234469244, -0.008828560144509367, -0.024117355293892747, 0.02605015397201971, 0.029681168793671157, 0.01469593663102896, 0.030147214046503917, -0.033410876275153385, -0.03831086798668988, -0.05064972372862864, 0.011864576045456881, -0.014009108818613851, -0.13493238474389405, -0.08203600783372991, 0.0006737612548034871, 0.06331941092885206, -0.04534126190384747, 0.01708808700375591, 0.021891579753946844, 0.01088928422288174, 0.017279656751624337, 0.0434898815494124, -0.02466334676814662, 0.032056611156099896, -0.0038281544608763157, 0.021059125255322008, 0.004329969803768687, 0.00932764078744364, 0.0011343493811830664], [-0.21759097863902155, 0.5435689542321194, -0.08169455991238149, -0.13956340843175974, 0.04950271389453612, 0.0004085413769984315, 0.04291200520889702, -0.0842853293324925, 0.011607678845643656, 0.03170696845887987, 0.02497007611301518, -0.013143474027603722, 0.08359834531789367, 0.028161252053741453, 0.03378178213705318, -0.005890523505118151, 0.004049026281847933, 0.019009250952745343, 0.01431987306460448, 0.01057746082374059, 0.003921117078226219, 0.006789158526005622, 0.006550694906226556, -0.0030999205105525667, -0.002658616702962149, 0.0046083122661197155, -0.011331355319505682, 0.010945828732223403, -0.003851982807756477, -0.00810944509575605, -0.07708323764382372, -0.0026393790375178077, 0.037493552612991116, -0.005899916331479514, -0.02789745569986102, 0.0004698752330753593, 0.06590171448781364, 0.04423568096183625, 0.0044195023060726755, 0.01423125675405713, 0.018045880255071166, 0.020397361881953662, -0.02677631237165464, -0.02410857107477213, -0.021740588627180358, 0.014441536431881747, -0.04650469473663314, 0.06804682902723998, 0.02243093047337393, 0.0795245047927542, 0.0041926836646538745, 0.08021531757542849, -0.0224913309409153, 0.012045965528380399, -0.05418265995444618, -0.009853870809956294, -0.006741874354350043, 0.056757532109588796, -0.04941646823690288, -0.05495442294215914, -0.026808415450560265, -0.035694279593152904, 0.03522086737995663, -0.018314883358990373, -0.0067774901838771676, -0.0062698540709578325, 0.05289734116928475, -0.007294719111650384, -0.005598244187826925, -0.030475162436775633, -0.014920312375023084, -0.011333589114880348, -0.0627449590118992, 0.029105832757567847, 0.081785773219535, -0.04475795894355576, -0.024338020007164125, 0.029246759266581584, -0.04905137948944678, 0.01043536053428788, 0.03956252152271607, -0.009433177274150918, -0.00818438643781223, 0.01192822960637677, -0.029045830820587575, 0.022563469751335767, -0.021726994100307057, -0.019757189343280763, -0.025146884109087754, -0.0027400654097514514, -0.06012559474876437, 0.03005289999280755, 0.02275057125230656, -0.022192983004488923, 0.022482144399443554, 0.016523297430339666, -0.03945249659804267, -0.07270185868391747, -0.007407736956182974, -0.024778846296584195, 0.013167107676077719, 0.05334418700969116, 0.016878296615723012, -0.044561322764471736, -0.043185606042952684, -0.009156564185671408, -0.010841986787869044, 0.05977004089848544, -0.005635245615353664, 0.033896120004297564, -0.038849254447709675, -0.01849323989195554, -0.04424965250261919, -0.0015582407633310414, -0.017429961185371507, 0.007307639451395474, -0.0012728044021936143, -0.04516598077175494, -0.0067379988427859585, 0.018661416616337904, 0.003572536619764118, -0.004221356156291172], [0.0756141720606913, -0.08169455991238149, 0.3117772343702069, -0.007700815553686822, 0.062485266322888026, -0.05097206287249922, -0.02840626676620617, -0.0015630430532016506, -0.014776361316920457, -0.037352350001380395, 0.009348698216351788, -0.03325459135607618, -0.03900311886989149, 0.022828225736556147, 0.024167564566426842, -0.0018763181540882813, 0.01659079477348267, 0.008415496332879418, 0.003661403014871289, 0.013084713684899206, -0.0003650932052817079, -0.006774874093090279, 0.00394350325841646, 0.0009077949794651921, 0.00018062807334810564, -0.004616022986005912, 0.00156861020788559, -0.00031750193325204426, 0.0028096367786800288, 0.0028113216430297574, 0.0008020569351523659, 0.0500866637036452, -0.09281326818759719, 0.04110731898768066, 0.033716675978743824, -0.011584887416406554, -0.008111209206753551, -0.04224669959875371, 0.005171807131495459, -0.009732140873525755, -0.01672514677968428, 0.006490675262078432, 0.013297887025357816, -0.017040769559623633, -0.014099161093479926, 0.008919390991628496, 0.005820730767652353, -0.055518663679192636, 0.052765867097370835, -0.02405140800459149, -0.002111922670911595, -0.08808424698980467, 0.017553034183849184, 0.00010311714596317224, -0.04417503419133685, 0.028399467465968005, 0.013122912180509448, -0.023624783939093577, 0.003843282702973549, 0.060804457983889865, 0.039251414238269, 0.026731134171081306, -0.059707638902157786, 0.03793710154560657, 0.031531962600172936, 0.0033019397061579414, -0.040282974318455324, -0.03737362557049677, -0.001958394755302873, -0.014507305390358355, 0.004360841691664938, -0.021025672891523038, -0.025887829146694664, 0.014144824639210608, 0.09948491549837551, 0.010985585566460666, 0.04086822832202153, -0.0842076536104583, 0.04652022721694182, 0.002581049740718222, -0.018511153528445554, 0.0199124325616686, 0.020921048941297943, -0.004247919977336772, -0.018657368042319503, -0.01855169334995084, -0.001530654758457822, -0.010480951332934618, -0.027966836277857086, -0.0024088750533351965, 0.023416957892459806, 0.022846673715365643, -0.08699020750508647, 0.05835581812403704, -0.06366516219267777, -0.014824507635554847, 0.0029031795205189622, 0.04075306531737193, 0.006448519666029023, -0.04159384204156695, 0.0018046808463259676, -0.017680382172712367, -0.03270462719534489, 0.0008096204828037837, 0.011374690683303, 0.043428351407431655, -0.011862364977295212, -0.1065799470717992, 0.0789155497277879, -0.0331115608186268, 0.006360913748968965, -0.005594869236184305, -0.02600860290566935, 0.0017845596615010603, -0.0031528660949185837, -0.027845071789168296, 0.01306953987454372, -0.015254893528827434, 0.008000586786258977, 0.004711932501039437, 0.003562034296541368, -0.0010870729073178711], [0.16880116724871305, -0.13956340843175974, -0.007700815553686822, 0.37118330843376124, -0.03680513654787059, -0.0012268731648843118, -0.05461429844733364, 0.020000745118185895, 0.002967351053181049, 0.05265347371192512, -0.04547975863949917, 0.0443795207307433, 0.020756127754323457, -0.05929602592446413, -0.09413915342673596, 0.008599353397727619, 0.005080485238887707, -0.008288213848831718, -0.001238989608383395, 0.005348289900521441, -0.007801203206857229, -0.0029463096902972038, -0.013881832708044007, 0.007696994417326602, -0.011552382015539011, 0.0032066351117613326, 0.0024778976148476374, -0.011217452220931097, 0.005959513722257608, 0.004779142974459327, 0.030878349329467536, 0.03986386284220385, 0.03759254693834276, -0.047605028483121356, -0.02159773170226026, -0.011825192555262586, 0.027784957756330598, -0.011725361285605385, -0.003057297873034933, 0.02378262204876922, 0.0030532183364594934, -0.017950115928608925, -0.016827743525736388, 0.019022826169940193, 0.01246132346991127, 0.009393837660227226, 0.054701128959707454, 0.033402332039607976, -0.07549822314803571, -0.02690283312600369, -0.0193688314061853, 0.0027074510645988792, 0.021921696644829448, -0.0024721521818824354, 0.055766223948590314, -0.007862255389216309, -0.0014346656024698408, -0.003394789549445466, -0.009640130160314153, -0.019556189274307387, 0.02907381809589119, 0.047277609749740684, -0.01763918181709121, -0.036135194041763956, 0.00988123518251098, 0.02418385658869583, -0.0028123542227821586, 0.04334576580958959, -0.01406822137640103, 0.030083452991288135, 0.007098603939090843, 0.016182414261532135, 0.05219007556899322, -0.03243703307384174, -0.07982384291154435, 0.05495307869467901, 0.02102840695642284, 0.019364681841807178, -0.007125390808087558, 0.03654719079084016, 0.013887044085685791, -0.04920733635403799, 0.027851687719165415, -0.02364800245664635, 0.0400480880661524, 0.002401315399887777, 0.009160371655689595, 0.009495681234072103, 0.02322557278144639, -0.006548772959684625, 0.03263181416395717, -0.004796546062680497, 0.03200892485697021, -0.040335160523689156, 0.014538730454311408, -0.014432698287796811, 0.0796970571625083, -0.015501150569602844, -0.014279658957766025, 0.08187831818111653, -0.023453715766572306, -0.013220125363161573, 0.02088920538767991, 0.006365708279020822, -3.434221287079351e-05, 0.02756983081553497, 0.014574071075307459, 0.0341241594244195, -0.08515051528388941, -0.006625252358330327, -0.022404191550718485, 0.05364257438154119, 0.018579854647567326, -0.014774404983541212, 0.047296006545072176, -0.003565193817932569, -0.015053342935162629, -0.01636156215540073, -0.007108231067945309, 0.01573806318936774, -0.0050831329844731096, 0.00508923698672475], [-0.025895446800642194, 0.04950271389453612, 0.062485266322888026, -0.03680513654787059, 1.0975793298686833, -0.006172089167319015, 0.04960025688791876, -0.027190364341317434, -0.017850146342793652, -0.04123500197226751, -0.01672294343592586, 0.03000221479173489, 0.023166160686232982, 0.014889278323102443, 0.0027847607220015517, -0.002564536965832848, 0.006652395978407236, -0.00800002707749817, -0.0079743347540272, -0.01959110826156517, -0.015676676064743118, -0.023046710664388643, 0.00241172140696896, 0.003092820057967973, 0.003715290452603579, -0.003657930175847799, 0.003161036416920266, 3.49424122228261e-05, -0.020742440234089794, -0.002875548964096147, -0.012030483382378802, 0.04148331808740501, -0.03588212515484999, 0.012092939332384088, -0.0016460418660649964, 0.005009041326938003, 0.02142529368075357, 0.003161426538726227, 0.009539148370252005, -0.011269205585692742, 0.010704744791434174, -0.04365313707428463, -0.030982100060959653, -0.07537860068870168, -0.006995018052134484, 0.057266871286643546, -0.027805239466554835, -0.04813464348483971, 0.03496369220215123, -0.03346994071837564, -0.03096833195128954, 0.06327899982349258, -0.004402586568759621, 0.017794280734619784, 0.06621976243089578, 0.03674868141766449, -0.03939598816671485, 0.06906449878049925, -0.09687790500935864, -0.008094277831530211, -0.04794012068751348, 0.030263562020840466, -0.03500974320254348, -0.02684923221380022, 0.059771872808321, 0.028107040253148682, 0.03311974066758167, 0.050414825375615833, 0.012837755862482396, 0.11091418227905903, 0.03349187843552825, -0.02650694810950232, -0.12745016429525846, -0.026918302035851757, 0.02026601482385272, 0.002929272919378871, 0.03289934252246683, -0.053564726314512597, 0.003710857453891918, -0.03949211517222241, 0.0717470919225649, 0.00909476364915418, 0.0004052590744061498, 0.01736129854439997, -0.06755165154399602, 0.034383272442321935, -0.03200979514364247, 0.041105627955877924, -0.09230896055614965, -0.03789730493926089, -0.03599097063618376, -0.007717609005359581, -0.035860879976676516, 0.04989576986355718, 0.026989627254580303, -0.04545810752031614, -0.007850435175992366, 0.03665526605127927, -0.0012724002086817138, -0.07582864624832286, 0.006667791630242956, -0.015471757336609696, 0.006677959315550538, -0.06466024116235425, -0.05116188062569142, 0.10760972250928647, -0.017933926831283642, -0.03291168894286636, 0.07329454306195289, 0.05385757699456781, -0.05292020233592273, -0.11106709531483583, -0.09311254654593688, 0.041761442417484314, -0.015402576909692139, -0.002392598473951851, -0.06304578827534939, 0.023115264842185825, -0.009776055780896045, 0.08672645491125613, 0.003107923418460735, -0.007621558731571395], [0.0003273742120862368, 0.0004085413769984315, -0.05097206287249922, -0.0012268731648843118, -0.006172089167319015, 0.3471516212276032, 0.05717462846802732, -0.01498903221990953, -0.009054064879633865, -0.11841824780467078, 0.055910318585914325, -0.017802933400155634, 0.010048945923428225, 0.009393663565764153, 0.0021697337095851255, -0.00025021653518930687, -0.01807420691007877, -0.02260046749915829, 0.004437530599145873, -0.012560553941448388, 0.007210712760784402, 0.01115007569234117, -0.01222881429416831, -0.006778703347661571, 0.019265435675639743, 0.0017599453004013958, 0.0012193623435231005, -0.009298617150860618, 0.003552062491586912, -0.0039035829210847008, 0.00959363436322314, -0.06412439424417817, 0.007797906317949224, 0.0015918119441021114, -0.008402022173032169, -0.02962712656201608, 0.014539399362710622, 0.015771370924476134, 0.02470621168667766, -0.020079927924741992, 0.005771128543414786, 0.03160284448645859, -0.003549830333072034, -0.010457356053402426, 0.02426633290883766, -0.014874347131168895, -0.020802599639790826, -0.019440584116022886, 0.00954116103419771, -0.02000053387973141, 0.02504145950022561, 0.0362481430042122, -0.01656189382010129, 0.02306571483435383, -0.03971229937457047, 0.026572821453563003, 0.03700159644505625, 0.03819688752322182, -0.01764110506519923, -0.03602379825987095, 0.024608673857031547, -0.001812280412176, -0.0021587520161081373, 0.02257884808309462, -0.05608649034370728, 0.04007482492106859, 0.01150466285278414, 0.012881405500069557, 0.01350983778532497, -0.046336142372570076, 0.027998213159545236, 0.011300050042436062, -0.04825558248939214, -0.022948846987013972, -0.012111667668935917, 0.004241950004614285, 0.0022129675100726, 0.0013043091677125043, 0.01526385842623515, -0.0016627864089740986, -0.02093788076632759, 0.05545598864281851, -0.06468237595595584, -0.0015381408769788044, -0.027896132664939916, 0.013949919577885852, 0.024329731700583477, -0.03024278366701994, -0.022468258673624945, -0.0010982285708449752, -0.021819104730582378, 0.008036507576686253, 0.009317866317889468, -0.020424204544424784, -0.020884761797998436, 0.010150527054129476, -0.009825887934238099, -0.007555125120891263, 0.04098832577659814, -0.01779603995274345, 0.017907827815034884, 0.018402720211724514, -0.03614636466584185, 0.013180849428487506, 0.05943356203463207, -0.015784998828318193, -0.012415384939174993, 0.06755690332590678, 0.008312732102445401, -0.04194298676641705, -0.03170215239315306, 0.05440067343928176, -0.02422029894207752, 0.025718478245899016, -0.016839333171444166, 0.03145273092925714, 0.01918627253853659, 0.027023138244727397, -0.018904533241532184, -0.006277995286302875, -0.0016192693888344792, 0.003435442193100474], [-0.07441634909759096, 0.04291200520889702, -0.02840626676620617, -0.05461429844733364, 0.04960025688791876, 0.05717462846802732, 0.9433673707718115, -0.016825536512735967, -0.010629295880055482, -0.014834321327542923, 0.0017927644881918104, 0.002580182260381403, -0.06472365960654047, 0.007216766962560454, -0.0007004217747938917, -0.004423462021977289, 0.003997894888150005, 0.006034858455099737, -0.006990371013760378, 0.003908095800946314, 0.009857786981252576, -0.013174320647146288, 0.0036313468179690156, -0.01634703412619975, -0.023359297744949402, -0.011575913886399218, -0.019286057765645348, -0.014865497483748063, -0.015342026183459609, -0.011066305680489774, 0.11584730245547005, -0.07116723291425373, 0.024490536397010734, 0.021539384498169833, -0.054276190121671994, -0.015545062254005117, 0.061858358920690026, -0.0022504182924039163, 0.024185655897630227, 0.009018576797718697, 0.007848784005204518, -0.026478074897174, 0.004256695505299166, -0.003714630683073919, 0.046199601892193236, 0.09145962138731757, -0.05658989730194943, -0.019412989035464713, 0.053274255431361627, -0.055067224659598006, -0.010926288549346746, 0.14421289907769508, 0.006978296158886229, 0.020267770055772877, -0.06223181421343387, -0.05684743098149153, -0.04056220022659494, 0.026944498548114537, -0.011159784340818659, -0.016900730456214527, 0.005368162525531503, 0.08292293639225305, -0.017948483426697248, -0.011395992468133468, 0.02899140797357203, -0.009404993791377238, -0.030311582947553817, -0.03740071221707139, 0.017397834367775235, 0.028195389728238998, -0.017387504991326, -0.044610265864511306, -0.002603572205993191, -0.0019788009097909003, 0.014655104595451218, -0.019956418020892836, 0.03977622269927409, 0.030328777552136577, 0.010471682341642473, 0.0006029125797696271, -0.005433727990344678, -0.010752638844756303, 0.06604962095595601, 0.016695918442881905, -0.09473967994675044, 0.06594366008872345, 0.005293653209743933, 0.06568519672330426, -0.02789251402991761, -0.06206021773154668, 0.03137203628945056, -0.008783004832705884, 0.02593739171810621, 0.009299010921885854, -0.07464689912067461, -0.014920443990661593, 0.05698288928927545, -0.01253826149442827, 0.021537196198679092, 0.061340099978309574, 0.04107597948201605, 0.018748545606474463, 0.05392046405381651, 0.028867114168220596, 0.033602036722690284, -0.006808495040457367, 0.02458709644640896, 0.02237092626993582, -0.040472717973136646, 0.08965226337916432, -0.05914333162235098, -0.03746986231848405, 0.027667438566636764, 0.023722103189742754, 0.05132412207423247, 0.026617207041998676, -0.026659243645903212, -0.14404207369250058, 0.016316851390389464, -0.0021857126257251542, 0.003598768078959668, 0.0018643143112719418], [0.0661639593537097, -0.0842853293324925, -0.0015630430532016506, 0.020000745118185895, -0.027190364341317434, -0.01498903221990953, -0.016825536512735967, 0.9482749590876373, -0.005053723099923819, -0.004362250887830923, 0.0016383504166942685, -0.03110121846597148, -0.06108408276973357, 0.023257533904889615, 0.06397146272767372, -0.0027251378098982807, -0.025224020682675322, -0.0124967791616756, -0.0024312817856315607, -0.004407574589459565, -0.017340661271451174, 0.01466454929849093, 0.0008635039875403225, 0.0008084369249689195, 0.02153980440780407, -0.0039342418674214825, -0.004240610124910534, 0.006872673471793601, 0.010826737673493902, -0.0052194184645527495, -0.06892108081868271, 0.031687744545786364, -0.01868836589261012, -0.008278907489017696, 0.044043917909283456, 0.02240338194726195, -0.18130288413776793, -0.028249104787955073, -0.0019704539132099244, 0.043731603345350444, 0.03644919640942, 0.0383084287053025, -0.07577277002232131, 0.034307676991121465, -0.07605230439772416, 0.05449436429309754, -0.027395393443411405, -0.030899419336612985, 0.00215932023529333, -0.03698505615475848, -0.038882481051514754, -0.06781102325553369, 0.002501470809095799, -0.0007245089046002468, -0.04446430690321228, -0.05192698760042438, 0.0003310821170830944, -0.05611649646407534, -0.018918721845415303, 0.008560170426091671, 0.0005162286411016509, 0.03336319397770861, -0.04285395760981075, 0.017758465641136346, -0.09669649108314274, 0.05675176987660117, -0.026882368801612384, 0.05741923893526027, 0.021903709546531938, -0.010691561396957039, -0.011063273498941302, 0.008966713399306577, -0.02493573754403034, -0.008407000733228597, 0.0019966922028365136, -0.006561973270619136, 0.025289408733891544, -0.04607600611339065, -0.004666329839112376, -0.034719155273628316, -0.002657095308941775, -0.008882300230887463, 0.07582513408071899, -0.014830784330307722, 0.014485969283005861, 0.01525338633332081, 0.004714707533161381, 0.010836724691016385, 0.003308547307449111, 0.02852759854911997, 0.05535092170161638, -0.037037747172727224, 0.000994131780171052, 0.021198255730923533, -0.022876936314339895, -0.01740421593555923, 0.1254957075113181, 0.02951395399878908, 0.0006956015555292231, -0.017200815056437845, -0.03952446720621406, 0.008703839145995445, -0.008894835562950251, -0.010279132961334194, 0.03604964513725505, 0.011204038332005926, -0.07075825187080984, -0.03179082009560238, 0.03289544163285251, 0.05673988137990413, 0.06742417294076858, 0.08859195846956362, -0.011102817336772215, -0.004210161247883431, -0.11426430676906255, 0.02606100725064298, 0.036059770607587326, 0.07652996433550577, -0.08653398515452804, -0.15780922660277494, 0.006112022497836095, 0.007315801676111598], [-0.020084306270930736, 0.011607678845643656, -0.014776361316920457, 0.002967351053181049, -0.017850146342793652, -0.009054064879633865, -0.010629295880055482, -0.005053723099923819, 0.055918397894382896, 0.018652793980650485, -0.0004472052484476023, 0.00794325766183824, 0.00879105166852756, 0.0008473212514188387, -0.004577097295845944, 0.0031134565840842676, -0.0007159643727443274, 0.0028690716891447746, -0.002803781375003406, -0.002082098993805667, -0.001051255148518281, -0.0011414847673437824, -0.0029872395120763592, -0.0017288838788073223, 0.0011142870936904315, 0.006240683569576139, -0.002979271377745132, 0.0055458105985954865, 0.0005484409365304322, -0.005544680606080797, -0.00881300012476855, 0.015293543190287796, 0.00015031323421545707, -0.014626313059454171, 0.00437289588624827, 0.00529872115452406, -0.013275949686610547, -0.01724174093774467, -0.08263447907187027, 0.011898536569842041, -0.004622128258743473, -0.004243308761772508, -0.012861449821442696, -0.008728323083483085, -0.022051019742431312, 0.002991274557321799, 0.012973068658179245, -0.010320715909017548, 0.008652089669429222, 0.015209538849867274, 0.0019254180274889939, -0.006319147285847077, 0.025049734615056985, -0.08621942509020562, 0.021301868882898794, -0.018075753458743425, -0.001635032117596722, -0.014984697651489512, 0.007817400868977665, -0.003202912279800877, -0.00453447480016059, -3.886174810471224e-05, 0.010025958169657482, -0.007502798967305793, 0.013775190389435785, -0.00032473438741927697, -0.003963700552246924, -0.006517470801565198, -0.08674560748483333, -0.006325784885832175, 0.008505656397020039, 0.0018053883963700466, 0.0004291902751355316, -0.0022495766348695464, -0.014594564302326533, -0.003656367486437304, -0.005751384210810877, -0.0025682384572696146, 0.0031242174510997932, -0.012295528345892525, 0.002127674518311105, 0.013082688965103393, 0.008589450736980924, -0.08385178087259677, 0.013276836988717263, -0.00451274209385257, -0.005123522520075136, -0.014571542462718075, 0.0013343222267513271, -0.009628678670540711, -0.005583211732490449, 0.006818591658414701, 0.007226080110831809, -0.014036337179090932, -0.007423898330988835, 0.014921737684101016, 0.016413763655886524, 0.012011162725245479, -0.0869089176449617, 0.0025069092343294698, -0.0006984254639292606, 0.003137033372946609, -0.023737947995287792, -0.004309654723790054, -0.00010343482560903627, 0.011609353905255191, 0.008432477503937857, -0.002149519028387565, 0.0032660311582152217, 0.0032025304903122664, 0.014831924817480514, -0.01695959817989927, -0.016974814112511828, -0.08918731237837975, -0.0035134495081736773, -0.007791969657469413, -0.010679495955532727, 0.01680988955831197, -0.002336787131257771, 0.020121303555465646, -0.00024488809312081425, 0.00198052981069445], [0.01705586915008646, 0.03170696845887987, -0.037352350001380395, 0.05265347371192512, -0.04123500197226751, -0.11841824780467078, -0.014834321327542923, -0.004362250887830923, 0.018652793980650485, 0.4961654185128991, -0.03740686120222929, 0.008556043280118346, -0.0933250593932894, 0.02452815357740817, 0.004204822416744588, 0.015506522142339125, -0.0036752772643790553, 0.023893405111185477, -0.008676370677257387, 0.012790581824996265, 0.0060749590672998, 0.001580238307235277, 0.001809225778126087, 0.004896324038480646, 0.0058085516585176635, 0.0018961551567803537, 0.003236938824000903, 0.010225043428200378, -0.0044603929924629466, -0.010424135540316754, -0.03359392125568905, 0.055767963232266904, -0.06697165905474238, 0.013514037479306048, 0.0005183665472849653, -0.0021757406335099886, 0.004565643070325788, -0.01213200813246888, 0.005433753126641217, -0.08005017785011459, 0.016225522537313387, 0.01480515140259358, 0.017324727129734506, 0.02216115372364941, -7.08868752889908e-05, 0.014038839369990485, -0.010084011761417547, -0.03047383054592256, 0.06585779479953605, 0.10120953041778114, -0.030344090743568614, -0.05480164277727122, 0.03567180957363731, -0.00498639077021501, -0.038673090989330625, -0.03350980696372173, 0.0255271984456478, -0.0017933614256753897, 0.05466520726811133, 0.02876403663574406, 0.011860632822528736, 0.010080804905064562, -0.035228788606955094, 0.02311758467043233, -0.004525718720719691, 0.005249005760040375, -0.020104389609087017, -0.043742690127924706, -0.03959394718699929, -0.05124888930122168, -0.006259900412691298, 0.006414406039350313, 0.046350113294311074, 0.00555262044823792, 0.05169005338822629, -0.0009670224748652292, 0.02366085990343368, -0.06583896780826536, 0.012559833350859317, -0.02788825816155604, -0.004790416989617686, -0.07617417716054377, 0.04079071295233185, -0.002122468063011797, -0.062422916451892185, -0.037313061012877256, -0.008998509831778348, -0.032644642341905505, 0.012096613425821176, 0.020785480746034823, -0.017689420102206744, -0.020715874142234733, 0.0033154199476666695, 0.025247387451600788, -0.007895156816965941, -0.021899470608966565, -0.03588329536779971, -0.02503756766370412, -0.025975649489996998, 0.07062826559896457, -0.018606048434279956, 0.0059220287025995135, 0.02235064256969705, -0.03527392868046833, -0.0657296405248277, -0.038247676874046024, 0.053008010123686375, -0.03863049065235738, -0.021909130789653505, 0.006395883140001889, -0.059902532367158035, 0.032648949252336384, -0.04850579524639911, -0.018038111572884163, -0.07196096671403478, -0.03727368729237257, -0.009276587897882266, -0.1007900765508752, 0.025644520173127013, -0.03041399636652429, -0.0030542427621449565, 0.008532933860795048], [-0.045664527599369446, 0.02497007611301518, 0.009348698216351788, -0.04547975863949917, -0.01672294343592586, 0.055910318585914325, 0.0017927644881918104, 0.0016383504166942685, -0.0004472052484476023, -0.03740686120222929, 0.10434128785187995, 0.007578700824080583, -0.009474669795016408, -0.005863892772682305, -0.005899054030308381, -0.002272714564930468, 0.004708399662458407, -0.008523778931762665, 0.0010022985098954882, 0.0001582635865132119, -0.0019962442436558497, 0.004358273302849851, -0.005389198298161706, -0.003566975305205375, -0.0006573771897298118, -0.0026841757432188185, -0.001763811272453585, -0.006682498829783651, 0.0008579042495009353, 0.003658504826820569, -0.005625803129276143, 0.005005658929655986, -0.009512792742930093, -0.0029216552137757757, 0.012467127519922046, 0.019995646418984762, -0.007036524633800904, 0.004899118625537227, -0.001058590057576642, 0.002666585143542156, -0.09108445101884075, 0.002855939348507683, 0.0020122263449095542, -0.0003388579697172721, -0.0007442640876547279, -0.009669492778272908, 0.004382156213723173, 0.006512826391954808, -0.0016009648845342484, 0.007704994461243398, 0.017443394833424854, -0.005033203378968579, -0.005636482486408539, -0.0038945796563913367, -0.007544304249246436, -0.10034049294259102, -0.000879649672412969, -0.007938271356393562, 0.0017320117382369261, -0.015549482359039532, -0.016305368921818587, -0.01007264732782263, 0.020614562842790694, -0.02335777197510421, -0.02220943352884218, 0.056506654403263946, -0.0035994387817937777, 0.004407936848873891, 0.000700071459395036, -0.03553144347348277, -0.06887098262502672, -0.01304573193123554, -0.0259891481002362, 0.014462717150500721, 0.013901389654167162, -0.009366650513794652, 0.001704204666719303, 0.014913143942924208, -0.01697739280157106, -0.016848750229568575, 0.004368620240471341, 0.02287105186924261, 0.011935796620324266, 0.0005437038100077266, -0.005114272889087427, -0.08690250338989748, -0.005886869036691748, -0.019193978850600965, 0.03587351549273246, 0.025540885615638324, -0.002866930170274946, 0.007466513043949493, -0.009843407384254186, -0.01721741140881524, -0.004536766232335184, 0.024201139949682697, -0.020944422327581202, 0.001095339123522938, 0.007667077120780437, 0.0006477580924910592, -0.08339317626446184, -0.0037967068214058, -0.013495304264103806, 0.019460092393525575, 0.03261905662206665, 3.5757071227217846e-05, -0.021603409904452333, 0.020601319734849775, 0.007544943698110072, 0.01762867830886917, 0.007083951661089799, 0.034216457772718326, 0.0021247716170966833, 0.00831953504240516, -0.008631971076923194, -0.07617119464709096, 0.0028244422338168703, -0.0026475634294245744, 0.0007051569991867223, -0.02850417459682541, 0.0003948042629695049, -0.0003173667050044842], [-0.055538458235374025, -0.013143474027603722, -0.03325459135607618, 0.0443795207307433, 0.03000221479173489, -0.017802933400155634, 0.002580182260381403, -0.03110121846597148, 0.00794325766183824, 0.008556043280118346, 0.007578700824080583, 0.19834525802534986, 0.04056946113483972, -0.07401286377888809, -0.10339070897081794, 0.004829614486000774, 0.006958455610243739, -0.0016980231996519591, -0.0014784735419858777, -0.006040673343535249, -0.006898807375567851, -0.0014007706963136558, -0.005022882733548664, -0.006078201550289595, -0.009873357724986882, 0.005955087318723401, 0.023015565271569623, 0.0029402166767859197, -0.001918117197702571, -0.0010365065533214988, 0.01931477415853131, 0.03276007963261566, -0.01971773968663549, 0.008276169926811388, -0.01501895795721479, 0.0004068456687887704, 0.006781456965172588, 0.04253597182146865, -0.010756391862428672, 0.056960573154242904, -0.006236569276817046, -0.16150421058728967, 0.008435105267297006, -0.008296924254877328, -0.001477646098681422, -0.002334666826695983, 0.007645840683603955, 0.0008072435375459129, -0.018221016656180773, 0.014683863618466774, -0.014282954597541028, 0.032806694610400526, 0.06535003218518813, 0.002535906285252523, 0.04391461698206708, 0.017562306419415398, -0.13173991588297504, -0.029549561058584427, 0.032187384606981534, -0.020180553540973815, -0.0322637222434882, -0.0003226695354134881, -0.007823272276319947, -0.016611893177095504, -0.009339237103792489, -0.04951378639624791, -0.04318505794907776, 0.04520191882594502, -0.008143797919091143, -0.022245742290255558, -0.003452138923045589, -0.1211994697598597, 0.023550237234819405, -0.00609819122151417, -0.07726309629198444, -0.0005799101689802446, 0.004248073882723374, 0.009327268539167134, 0.0027334788300003104, 0.012193485801177134, -0.0007786890864123808, -0.019671088768463678, 0.03274561322784399, -0.013199556284079645, -0.007347725611476072, 0.013723599277081075, -0.10507255565904741, 0.0496333527042868, 0.04130163582178685, 0.03513871400466539, -0.050261460813303196, 0.019476356791209137, -0.014950520558297238, -0.001273174946305955, 0.02340795171257598, -0.01612753825675076, 0.009538126257514684, 0.015827154599591525, -0.015128981924002909, -0.009489912853084577, 0.0017111583690843353, -0.15583268485504156, -0.004819513718268324, 0.029433026341836744, -0.0023108724095336165, 0.011266503727586316, 0.03572227487026854, -0.032975542030230426, -0.005779043913828912, 0.043614363262726843, 0.004114833972861878, -0.015402998720256092, -0.005276231714609323, -0.002075908603013574, 0.03239014407581398, 0.0015623883272701177, -0.16264647754513312, 0.011824486373796923, 0.0015170977240635019, 0.03953207028903401, -0.008475388697139225, 0.002191866431051344], [-0.045360850650725995, 0.08359834531789367, -0.03900311886989149, 0.020756127754323457, 0.023166160686232982, 0.010048945923428225, -0.06472365960654047, -0.06108408276973357, 0.00879105166852756, -0.0933250593932894, -0.009474669795016408, 0.04056946113483972, 0.7499639093406317, -0.011923213815232214, 0.09418198294940847, 0.003864870964025736, 0.0007126889094359366, 0.014627359649431472, 0.004952612126773007, -0.01417265592496702, 0.012905440234393915, 0.013503323655638118, 0.005129062322893071, -0.007462432842812493, 0.009616385795798845, -0.006662759706568396, 0.0019480158107491, 0.0007714791915232266, -0.0062659337041447325, 0.0009033183469821419, -0.04279686107195646, -0.016869037447914643, 0.022271981738264796, -0.02275915011356395, -0.01022597715234291, -0.03575879054077306, 0.0655845358060498, 0.0013604625277915728, -0.020687305632159605, 0.055824916948315526, 0.03764654015820116, -0.008242933381210783, -0.11855922918356686, 0.03095308597023511, 0.024817382024633444, -0.08780711105994105, 0.023402189313628457, -0.022837781656571736, -0.07269484195115575, -0.0051389650007139034, 0.004697282669173217, 0.03402661455687889, -0.06248465810293094, -0.030218711103106723, -0.10957536106380539, 0.03228280604969013, 0.012859067571870258, -0.01810824987868698, -0.04392703468981304, -0.062340534933785205, -0.0600082446529905, 0.03397077478364322, -0.02786548852378106, 0.01405130677917739, 0.016679969390483565, -0.011821706635662541, -0.030886565291386173, 0.0669009170049058, 0.00209933673279872, -0.005563152642939557, 0.025391229021506357, 0.030857214451161904, 0.009707963754942777, 0.0017694034232997938, 0.026764143172363752, -0.012476091252458455, 0.0108662255688823, -0.017268858949330532, 0.025979171863332876, 0.06958277589208774, -0.01412224354867049, -0.01930616190227901, 0.024746256547337055, -0.0008557169955320445, -0.020609510335452073, 0.029766450249525088, -0.004179086375731362, 0.009414209789437756, 0.02276314711279579, 0.04237030627089709, -0.007035777200931061, 0.1244603671352706, -0.020472585899807456, 0.001107304039657581, 0.040571715483939494, -0.03797288530993838, -0.03019441248980558, 0.037720385656024515, 0.011938648993051963, -0.015116367030327357, 0.01267336995104108, -0.014639228834419564, -0.09324505805638202, -0.02582438771100678, -0.05268792612986791, -0.03173689095411181, 0.02662017624733403, -0.018550346892250123, -0.025923874303676316, 0.07800919199769217, -0.04155366875421327, -0.027985606277161533, -0.03716741472995895, -0.01288480921065983, 0.011000439083462587, 0.01249017417517767, -0.003809035867821793, -0.06280374534946627, -0.005232865974425184, 0.055977773506968885, 0.0020680878940313088, 0.008435380395102164], [0.016070018461041367, 0.028161252053741453, 0.022828225736556147, -0.05929602592446413, 0.014889278323102443, 0.009393663565764153, 0.007216766962560454, 0.023257533904889615, 0.0008473212514188387, 0.02452815357740817, -0.005863892772682305, -0.07401286377888809, -0.011923213815232214, 0.10675413190468154, 0.13554976567110122, -0.005174227928033105, -0.01055833420125894, 0.003175615840510917, -0.006932407041755189, -9.580138664973245e-05, -0.0009806155494329716, 0.0010882012846999726, 0.00624067183873501, 0.0007864627415261912, 0.0038765526444076363, -0.0047668011078324845, -0.001375945671809434, 0.004823541725680371, -0.00470251488361386, -0.0022900618203015198, -0.023736566302297077, -0.0028786968779710544, 0.00010274585917988229, -0.028770812063907966, 0.0016065066965236462, -0.004175552042273918, -0.015843664693084732, -0.002258242802662827, 0.0015922132856349281, -0.017817861863463687, 0.014843912538795065, 0.025724857951955026, 0.019463244998475977, -0.032784737144280734, 0.009792589365258756, -0.0007362924100409393, 0.0013061121285120906, -0.0029468533008189567, 0.007375600722776467, -0.011556487444588556, 0.009373683582485496, -0.029022569609205698, -0.02017048421901651, -0.011765916224734375, -0.03153548798760669, 0.0006105190227525805, 0.01901155026264184, 0.004077370649930839, -0.049938754852000646, 0.025655411199023308, 0.023516387726294653, 0.02114131254785159, 0.001147902185557188, -0.013896526754155395, 0.022765063866422037, 0.023474355610831277, 0.00034897930635770973, -0.012314259480713166, -0.009940382596107621, -0.0029088874072973926, -0.001273127553071024, -0.013298833374965784, -0.003718244360179821, -0.04516148434094519, 0.08019792477156838, -0.01721036247798535, 0.013101925715618206, -0.0043448045771659624, -0.022107310848589693, 0.018284781887753197, -0.0035888433934275167, -0.018833545846536244, -0.0028486926715395404, 0.008316868211042872, -0.0007001511707131387, -0.0073862361683715095, 0.002989144913732074, -0.011912502904867225, -0.07518659874156818, -0.013086328927092314, 0.030008969551646593, -0.008424364133084766, 0.0322580295695515, -0.011438916774021281, -0.02672515862730266, 0.013583967997586694, 0.010203163680826199, 0.004418639985623259, -0.0032713168125751177, 0.003853330020434359, 0.0030484969785161877, -0.004804400073372887, 0.026512357230437225, -0.07874696601906196, -0.021291859750958736, -0.0011728237691833537, -0.016813182212546303, 0.007295703804399397, -0.002850253697628566, -0.02350079028523181, -0.0016718877100462685, -0.007977793508980415, -0.03160562991389336, -0.0018797314069261546, 0.014676102624950605, -0.005135226186774998, 0.014541935266388887, -0.025205966634221182, -0.017422662930871375, -0.020048312532773276, 0.006101599460844916, -0.00039729324612909275], [0.0239877335901649, 0.03378178213705318, 0.024167564566426842, -0.09413915342673596, 0.0027847607220015517, 0.0021697337095851255, -0.0007004217747938917, 0.06397146272767372, -0.004577097295845944, 0.004204822416744588, -0.005899054030308381, -0.10339070897081794, 0.09418198294940847, 0.13554976567110122, 0.2309142880060288, -0.007363404323975353, -0.013047689055217452, 0.0071812848747852, -0.004339099023133916, -0.0011144653936688322, 0.0006976093092925887, 0.007211491697664074, 0.010978399542244397, 0.0023372564948371194, 0.00856588644125043, -0.006253677269703161, 0.0019276372327176278, 0.004241038558595798, -0.0023592880301000255, 0.0014342668485160552, -0.029304911086134523, -0.009817802585874018, 0.004525744946908224, -0.036113630998349355, 0.0011936701907890453, -0.015205493924602168, -0.02413725680373423, 0.004073601178897495, -0.0009396599340747785, -0.02628283409228979, 0.01237887120973806, 0.028181528057856692, 0.0338232145063434, 0.018925424615403964, -0.02161790402905212, -0.011127125001398232, -0.00017570249621705285, -0.004197038077460814, 7.143190033375219e-05, -0.028179447873340396, 0.03231614979297762, -0.04113770290766578, -0.021981309266381657, -0.022188924371871768, -0.07507548304239738, 0.0037690965072963547, 0.027583391225904867, 0.00646725501403255, -0.022517138648927928, -0.0019754628399924513, 0.01715267207121578, 0.030841246470461818, 0.004428866609058982, -0.022496752139757933, 0.014723116621403017, 0.023306997811895946, 0.0037607130735004307, -0.0062744943154656695, -0.003260123309924448, 0.014144994948569231, -0.011533120321803543, -0.021543459624529415, 0.012730104623836324, 0.00826892981857369, 0.10230397841538817, -0.023603294524267335, 0.006992969702342982, 0.002288443360231372, -0.025732137049009434, 0.024349318050870563, -0.007943174220565697, -0.011094404560869282, 0.007956012705810749, 0.021093487823876655, -0.0009822014123114311, -0.00704912892767805, 0.00367917777574041