{"inv_metric": [[0.49849638994336115, -0.28429268295654286, 0.11611770909693518, 0.22485591770758484, -0.02960039338247179, 0.019157567710809058, 0.03204085697066816, 0.006251830668079275, -0.021096134103127186, -0.021250143280210146, -0.07293284195035567, -0.04331758206720332, -0.0036849588639664807, 0.003528382353380705, 0.03683986873863012, -0.009179212215201338, 0.002738361832383879, -0.0006182305865410425, 0.00825675722011921, -0.008189259397682582, 0.015843157866612077, -0.001455188463693648, -0.0011049959471709048, -0.002941767462307738, 0.0005655285812135208, 0.004269193686811727, 0.0034317187691623495, 0.005852848128420775, -0.012235610117480856, 0.0002818906407481743, -0.07971541353091664, -0.061043864002173015, 0.050846955355818325, 0.07481443973990716, 0.0663853937300647, -0.07396603093274459, -0.058244264836010085, -0.050425568115670207, 0.012030655813063191, -0.010055389085431427, 0.0019339797380092856, -0.0068967831923533495, 0.0810981807007186, -0.004906141689061948, -0.06349203033070751, -0.09808060437285275, -0.09169538527725532, 0.007037790913073858, 0.034728591162114554, 0.0031256798368042822, -0.011623073719420916, -0.04250729485338713, -0.033506815479427646, 0.013974875329657006, -0.01928745822541697, -0.012859975285783955, -0.03305487671674021, -0.05050798193020215, 0.027661958555964695, 0.006126725037876624, -0.11918464432212662, -0.0343718994510186, -0.017826983726167405, 0.020481883597013337, -0.0056205073929257035, -0.03326915157799764, -0.010367944051593157, -0.04308007179423483, -0.041158634968678845, -0.01050428270622263, -0.005543969133059668, -0.030367401366289053, -0.08251637780300808, 0.019042786727813878, 0.025607406838058847, -0.04273001176321539, -0.03915537765387846, 0.016742190007996018, 0.049734869541196346, -0.005124147409059793, 0.046232790164272265, -0.032879527991398275, -0.04758065614124551, -0.03170709417371308, -0.03767370727715042, 0.0432963583697865, -0.02852569255764967, 0.02060610302151931, -0.011083162434557084, 0.0016286113663940623, -0.14246378400934212, -0.03454386761935453, -0.022997908370191462, 0.03373348099032249, 0.020915802540648048, 0.003422913226197187, -0.0366349190388002, -0.032736028182630654, 0.014869046861592189, -0.024897429734779857, 0.007441421866565752, -0.009626822632052622, 0.02655372117502715, 0.033879595959265915, 0.005564418542280889, -0.09118548862333, -0.06641639767227395, -0.01556492084547549, 0.07953921498001083, -0.04302100861952519, 0.020613756803583985, -0.009539388187773551, -0.009728086353649038, 0.019314019647180644, -0.03994148028854755, -0.008563298270157997, 0.012622542793086288, -0.020039415470612422, 0.024668090871630736, -0.05804774905398054, 0.006820303203123877, -0.0004996144148058348], [-0.28429268295654286, 0.6579221060532359, -0.1260953468429541, -0.2273109764232209, -0.04266565429572538, 0.035445994124094826, 0.009792043321489405, -0.010617316786384902, 0.016765827431641445, 0.005792478058568552, 0.06744121555135009, -0.010203044636583714, 0.02313442923529432, 0.02089182805382311, 0.02757490104559434, -0.002733480539664682, 0.006382279403917181, 0.002435303058333067, 0.010444060393841922, -0.013193752069220934, -0.02519424821051546, 0.006497877184559989, -0.007102067703461499, -0.002435057974373183, -0.0016963782314497143, -0.007685540284621395, -0.0031866493784104086, -0.003713668613515108, 0.01683292682147369, -0.010467107007914334, -0.04470942327690849, -0.07892150797278816, 0.010938884751336359, 0.04463506202598408, -0.0981477021977403, 0.0525968975144613, -0.06659997258410569, 0.013125942601056383, -0.02213121434522576, -0.0005940503920188461, -0.0008215230003032533, 0.032950790170248746, -0.04175799917894079, 0.030416551114715584, 0.011342876679932503, -0.05409634253262477, 0.01009372883783123, 0.018374952619904072, 0.021019003082605417, 0.010472578391883222, 0.007829936432657818, -0.01684169543701724, -0.03353851158742406, 0.0010219938966970553, 0.06122623858730845, -0.031968751721490586, 0.004788489990092147, 0.008042444043686179, 0.01599447237709337, -0.0339487573121985, -0.031065876084139566, -0.03911142767494887, 0.04912091282505343, 0.03849003354154104, -0.0017709018067568287, 0.042374596832883735, -0.015986948471818942, -0.021579579611586762, 0.018025984174756763, -0.014770989981357136, 0.009622486482820254, 0.01881644588259262, 0.0959976239730506, 0.0314966496917254, 0.03171210940636081, -0.08116047724750106, 0.004080946375050963, 0.041304270365104936, -0.012612134238193708, -0.019866151100227474, -0.053382281624306686, 0.041889111574008785, 0.11310666985290206, 0.03164427311974068, -0.022449451502401935, -0.02097453955946877, -0.0007921804146201893, -0.03393681647390966, 0.04203637116046866, 0.015087682436901357, -0.05440409802591258, -0.043847067869393366, 0.06401539635592665, -0.01699788507841022, 0.020443530316323778, -0.021925479120740124, -0.03227572237195543, -0.006834665524969897, 0.004175399871344455, -0.03635307563341398, -0.015538653783002373, 0.015378432821972283, 0.09139788027165326, 0.03826538999675695, 0.0693818025806838, -0.1046788071209568, 0.0062262111216226145, 0.0333948887159854, -0.011651887997478369, 0.002621926766251067, 0.049760541651691824, -0.004044568245960438, 0.017783426111497337, 0.004895916342034553, -0.002990656060569997, 0.0261159019517362, 0.027353139462275116, 0.041746120248673496, 0.026320490454669936, -0.017666198853146953, -0.0047921050584043435, -0.002070648381508809], [0.11611770909693518, -0.1260953468429541, 0.3079016312100055, 0.013715951602692338, 0.007768901406640626, -0.010701990786142855, -0.026651548072258672, 0.020297620135247732, -0.011271044449568437, -0.05755809628484011, -0.005783334545698103, -0.02176991110741532, -0.005893065326352146, 0.021596347945788578, 0.03425281255982841, 0.0011350804335379429, 0.011686675235658826, 0.011595960391519375, -0.00592491181921623, 0.0053199770725324315, 0.002562292199162569, -0.008299485345234994, -0.0004149101591754503, 0.002942026824454223, 0.0051944485521611536, 0.008679459280777027, -0.008031043049465588, 0.002528399113366224, -0.009465192831134802, 0.0011630828069083563, 0.028615970648471968, 0.011763100046468437, -0.0841851717187495, 0.05030155741954174, -0.004163911704183793, -0.023705973022352892, 0.010299682869572295, -0.05255955289654451, -0.0030598021254085303, -0.012330428260484994, 0.005488950841960059, -0.014009482458740967, 0.008905173202759359, -0.02632489108180729, 0.02198889587042801, 0.025669379379210055, 0.010893395071935479, -0.052158454273419426, 0.05684971943068652, -0.006283439461765949, -0.039075551330321596, -0.045071574161684766, -0.03377362639554148, 0.011028521611086554, -0.011224217938675878, 0.018512393661131, -0.033226988389809795, -0.043626997998731425, -0.01565192597809461, 0.026535615801991784, 0.0011634801464515774, 0.03704664216019194, -0.08116971301570101, 0.042473583590729294, 0.022701327925510724, -0.03254595766546981, 0.000125601457533414, 0.02300701697218759, -0.013251799428515055, -0.03050055597615164, 0.01371821160639974, -0.01650270185241055, -0.05010275090619214, -0.02285917488291249, 0.01707407321972104, 0.014724333823810042, 0.011687544941694848, -0.05444909079725739, 0.053485559037666705, 0.030432129313526433, -0.019086067396558253, -0.034824392673865216, -0.07291025663327104, 0.01059870025647923, -0.009967664794675495, 0.01034950769746214, -0.029781643934619156, -0.0010202478412285017, -0.017477205006454263, -0.01855060642761121, 0.03886719717310493, 0.03637140072469724, -0.07213554392323632, 0.055264844090707435, -0.04415438351240011, -0.027501857258754533, -0.004454532564840528, 0.013516290319682062, 0.0011719147121866287, 0.03915741259372156, 0.01048547826377878, -0.021264519813653807, -0.07856911008224643, 0.00804111388846645, -0.029960427922685204, 0.002726635959573446, 0.023651796298447433, -0.10214135665907219, 0.07755125451954749, -0.0005316079809033196, 0.0068179967370353076, -0.04530438140043935, -0.022915480134045197, 0.009603377008981308, -0.011889250978408076, -0.004626615749417163, 0.012803672475123757, -0.05163720418234099, 0.019591585348861414, -0.008084832531958094, -0.0010307050255686165, -0.00022092307774622806], [0.22485591770758484, -0.2273109764232209, 0.013715951602692338, 0.3994510214452446, 0.006004021533061162, 0.032229674615486134, 0.05392272932147826, 0.04507587034932885, -0.009282421712843554, 0.002213072963068732, -0.04237498853111089, 0.022461859163811698, -0.011373665829341809, -0.05983237655382346, -0.09996866991039921, -0.0018800034618359246, 0.013492398231090304, 0.002766304623447146, 0.010027710152497862, 0.007578225081860933, 0.014932063433443792, 0.0097986792649141, -0.0009708028937622791, 0.006174041792994984, -0.005802150377939151, 0.003545185017073014, -0.004005551633832271, 0.0013876198979150827, -0.013385507964296509, 0.0006578455074326137, 0.06279578037377734, 0.026715924195641314, 0.10536103044364535, -0.07161997330555105, 0.09089984367142181, -0.02646131521906293, 0.005626646747704878, -0.0319556171842924, 0.004432586775884558, -0.010921588599760834, 0.02881085644589202, 0.0044520580378590345, 0.042501813076043816, -0.024178505957524375, -0.019175839719005223, 0.022777978986012876, -0.024642660227396595, 0.056308074962779356, -0.0699892559694627, 0.016945483175963387, -0.009269236216689684, 0.00549092412217434, -0.03446260628684231, 0.0013960453556476934, 0.014038301784861653, 0.008934725670986672, 0.015098342112474235, 0.02654228753688357, 0.006315111428476265, -0.009979388318527564, -0.00516159748486287, 0.022020743055279353, 0.01821266026587813, -0.10813569164993868, -0.03637914868364683, -0.0076691322266375745, -0.010964669240889877, 0.006235632635693158, -0.025594854415336595, -0.009993601207096022, -0.011873872136901878, 0.0019526814188568383, -0.02686788793012826, -0.0110430444125112, -0.04534856863189246, 0.07338590138358488, -0.003495142695689821, 0.03765790816750314, -0.038789774617064315, 0.018380945108728796, 0.02467855559861931, 0.01024242536725136, -0.037694949958915556, -0.01704021126549362, -0.0037048077720343454, -0.004882725153829162, -0.003624234782523462, 0.038692081117455736, -0.006293514326044748, -0.018431937987872692, 0.02788304686015522, 0.009595286705195908, 0.05845816699870967, -0.05363762550431438, -0.007796469408331381, 0.016307806102464687, -0.026760252834948883, 0.014691898474685081, -0.01931893252580437, -0.016334670143465853, -0.005285988419050392, 0.016413005053736645, 0.020347241821869054, 0.028608806877959737, 0.020282270359566926, 0.06725190822534935, 0.025429055477472845, 0.023360307572207237, -0.07974697898294367, 0.011503083998781239, -0.014992618847244513, 0.07296340664633068, -0.039399186501238394, 0.009810429537834236, -0.029929232325478155, -0.037706410251413594, -0.007555816275109766, 0.040469162231842805, -0.032757597474861205, 0.02150308313490103, -0.0034874106988086783, 0.002855249875752752], [-0.02960039338247179, -0.04266565429572538, 0.007768901406640626, 0.006004021533061162, 1.0054903185149244, 0.04202036429824549, -0.0424907065834019, 0.01632999048384046, -0.007567686105369173, -0.020441976479206793, -0.01110604866159568, 0.009946583112241595, 0.029070506572065204, -0.001967891677046978, -0.009334557186698534, -0.001561396719234022, -0.004547102060778534, 0.0017825960037844164, 0.002877398242776215, 0.003063245757162556, 0.011978826808252458, -0.022852447922479837, -0.012533577410384732, 0.022681913481170726, 0.01476119788148184, 0.023126519746454296, 0.0002644664140618454, -0.01445817191529078, 0.01788389198982691, 0.008351005085731878, -0.002661389841468072, 0.018811420146426536, -0.00168552624315732, -0.04007044145840586, -0.007450386296293307, -0.0398716359874996, -0.027353471143560296, 0.013815073765400986, -0.0060450491661322, 0.032179421667649165, 0.021053051891463125, 0.004626042014435213, 0.05473397194861307, -0.07101653714612975, -0.002282387884522679, 0.022127119160904884, 0.026387871658313362, -0.03638531994713848, 0.011025251131494428, 0.017768131285342912, -0.018373899831217438, -0.05471317669109007, 0.10494473585648977, -0.0028591667734519676, 0.03458908866783874, 0.0018769973948803186, -0.016738505215948878, 0.04608292009123419, -0.08920423958178933, -0.03078223626567155, 0.016279018109178194, 0.016513250708018068, -0.025732869800194094, -0.016791290121839775, 0.048636948534164524, -0.047780700454776615, 0.07960402324109735, 0.0768784659339429, 0.027619939588702687, 0.011262344814268759, 0.01049172411065714, -0.01576155651095656, -0.036396853446608896, -0.015052101124945877, 0.008877226443885671, 0.04160713807825849, 0.0014644948752357777, -0.018013132464508457, 0.04501759356856205, -0.06314671271524645, -0.013427915859065961, -0.06908006296265967, -0.05318233665362925, 0.04918199144783514, 0.012670385189395712, 0.007065079716366924, 0.008767166327373035, 0.03321364553556096, -0.00665797903374574, -0.048762101618494716, 0.05821273928826776, -0.013219411292754363, -0.026127106538980868, 0.0031653714336772145, -0.09772106976502476, -0.00040410319634628467, 0.043259719928308675, -0.0007691010795832763, 0.004901693016397992, 0.045797455153881096, 0.03518312999434299, 8.402538080056276e-05, -0.043962714823385124, -0.062735783412506, -0.04021944413122127, 0.00023556545331780438, -0.011248228264195153, -0.031159534111869978, -0.0016349668771471978, 0.04095515213554613, -0.033537646194066725, -0.07010598819811313, -0.015226842603780174, 0.019179589242094276, 0.07555805417757973, 0.007261535725754931, 0.02498455687602841, -0.030508639769683384, 0.0016425345157137262, 0.008657194118578966, 0.004346197456228898, 0.0010096918885982794], [0.019157567710809058, 0.035445994124094826, -0.010701990786142855, 0.032229674615486134, 0.04202036429824549, 0.5029620784952215, -0.031691945080156034, 0.0668197006324647, 0.011335022969729715, -0.1866078035548165, 0.09769920036707243, -0.004134007142486459, 0.007943636969468018, 3.0459260343601367e-05, -0.005678983668827542, 0.0011389041199208665, 0.004289263403730153, -0.015238413790514587, 0.004445160209299155, 0.003195689776344194, -0.017387722397017497, -0.006692364496460795, 0.00331204592310743, -0.014882386168748696, 0.001547864597075016, 0.007138224566484497, -0.014567820619096306, 0.004491565907351751, 0.011201951225854921, 0.00038635005487866437, 0.01139520181950251, -0.011490749700374786, 0.028755249132165248, 0.013272135497545664, 0.018441932563012853, -0.011778525449297682, -0.0540164298592575, -0.07146981623344616, -0.03078939778469723, -0.0213859201760376, 0.044384622222633174, 0.02350317068790614, 0.009098274421571115, -0.015998481478614043, -0.045462505682198, -0.008735548702994582, 0.025057856553511573, -0.0580261600067049, 0.019981827550602068, 0.028477442657105917, 0.01402530904874174, 0.0046776434968277165, -0.06266864070259803, -0.0016144425395606277, 0.015045218660394885, -0.010342167888587618, -0.009082230936217366, -0.03379177266962307, 0.00495958193145505, -0.06946305157681368, 0.026895343948955482, 0.000261341001786658, -0.032542366520573456, 0.06515787183678128, -0.0345546366100432, -0.04827853595022111, 0.04268408043846809, 0.07067011799261368, -0.01056619637539128, -0.016095555228799345, -0.010207311242729411, 0.003642421569075823, 0.036272791557980896, -0.011730792461739269, -0.005350261950555112, 0.009504899059459766, -0.016233319058900263, 0.011949802470283929, 0.03249491444114905, -0.0022476304439546014, 0.01658013637311483, -0.08001709062084557, 0.0938338413855023, -0.014468407373977957, -0.06278131397881624, 0.021069676907032833, -0.011074032001127436, -0.035035710476442335, 0.0018286918605948071, -0.006199048744085066, -0.03183444153908078, -0.008149435163487154, -0.041205648648032216, -0.019965625943834702, -0.0003728649426449457, -0.03937821398332368, 0.030640268485686507, -0.001548884677134878, 0.006122851007744974, -0.0036703131755419826, 0.004197877171930584, 0.02744213164713162, 0.016816409665337043, 0.003158104251014947, 0.027276030832262026, 0.004927851832046839, -0.042024900816941, 0.011645575122552213, -0.041387683200579485, 0.008517809692592363, -0.03406593575624576, 0.05646598504068016, 0.007761573394013269, -0.020132656291815938, -0.07484456517514622, 0.02585467509720364, 0.00480555802126952, -0.06039842140951054, -0.023401857732925687, -0.06056333714613298, 0.003829330335501836, 0.006046729441763674], [0.03204085697066816, 0.009792043321489405, -0.026651548072258672, 0.05392272932147826, -0.0424907065834019, -0.031691945080156034, 0.9849446910567771, -0.0641262904870508, 0.009686824083034512, -0.012999778001914897, 0.00149792522332915, 0.024934099831081902, 0.033324878061510584, -0.015503703394234783, -0.026050984567647394, -0.0036960209482053354, 0.0027585582844888473, -0.014477171317432355, 0.0017155182954595278, 0.008453637558806022, 0.01332472494677626, -0.004708755306652369, 0.034930427689711385, -0.023516914219857875, -0.006226248370998685, 0.0073866772218520865, 0.02090617240089366, -0.0044799933306454084, -0.017574222335033907, 0.009304206695349026, 0.04950138871699559, -0.046950250573526975, 0.057014523480886176, -0.01734667007759633, 0.09389855217823487, -0.007166719932310469, -0.03185479281262395, 0.032443749541042545, -0.026171371159319463, -0.033821163338174705, -0.02756844701420803, -0.04945263173260619, 0.009391589230814623, -0.04991336086985828, 0.019865598788639523, -0.020580708193153382, -0.005957242071450225, 0.04340905444383947, -0.022154658884575726, 0.07458738897759822, -0.015406181477793103, 0.09637542484560155, -0.02944068996288314, -0.02115672517048135, 0.08641324965532197, -0.027136889432284067, -0.0052767796879708935, 0.008157697995444635, -0.036842028504202026, -0.0274537724959668, -0.05670023890349283, -0.05822365607308303, 0.11606633136251923, -0.06762088432200505, -0.026184722674093556, -0.028589344760098404, 0.01785554418922001, -0.06128538843924658, -0.025852024644688304, -0.03686378549788914, 0.036215181823656774, 0.01919454147885176, -0.008628978612849447, -0.047769332799958, -0.08158028926979476, 0.018408973196660853, 0.03168644455913067, 0.0488485689307819, -0.0349772043762928, 0.06367020415843612, 0.046101707689731264, 0.021212163687006794, -0.029539180554800416, -0.022074240712410834, -0.009409324229845691, -0.011042315684070441, 0.002324917148541496, -0.05294253606470141, -0.0295429928728913, -0.03287581960721244, -0.08901257753915716, 0.019278049039285525, -0.01198717281579078, -0.03817543502917022, 0.08122379833794666, -0.02704899492460973, -0.09006531359850262, 0.08744131233427348, -5.9829113906747254e-05, -0.017248105289071974, -0.055314269857574865, -0.021245024835999545, -0.000963214837313755, -0.0006585643635861241, -0.035617931102988235, -0.03674466530364945, 0.07460563543959042, 0.0199976880196577, -0.010954474480747578, 0.01890530342432738, 0.015922088511673003, 0.02860977809447562, -0.010998375560537173, -0.01486926586079466, -0.05704711505485679, -0.019343500402255936, -0.02358962366740863, -0.013967690905198032, 0.03226440143148896, 0.07602818351258521, -0.0046070544420873105, -0.002056940224223063], [0.006251830668079275, -0.010617316786384902, 0.020297620135247732, 0.04507587034932885, 0.01632999048384046, 0.0668197006324647, -0.0641262904870508, 1.072446881884083, 0.0033809174571055867, -0.0707927972287921, 0.034787207374745, -0.022946827815991097, -0.0617966937612822, -0.010772808077731696, 0.031757388115528105, 0.003127784927787971, -0.0017876777079616668, 0.021389431486918964, -0.018841220008207604, 0.009922313691210412, -0.008134815738019842, -0.0025619266462242885, -0.007572004682143511, -0.010197144713806876, 0.0004796413544944076, -0.010190474537427134, 0.005646150365822238, 0.023538360432201783, -0.00784715783910706, -0.004898649550269912, -0.011431182219579852, 0.03145288685502606, 0.034379760262184936, -0.030037010385657703, 0.06599475907954445, -0.008005117038281951, 0.11101656154342647, -0.06717658133735156, -0.013300131878284103, 0.11659532827722734, 0.041671760713121606, 0.029235868020603604, -0.02078669273795581, 0.041951192509607674, 0.03503660188100548, 0.07197637312231085, -0.0002912411952392693, 0.02133024934218588, 0.06791991548851864, -0.0833247106575291, 0.02758852451168482, 0.05718517063337152, -0.1150735458593893, -0.014201164173556444, 0.04451429146534571, 0.006652948497439611, 0.038171641060903226, -0.04067590438161815, 0.047557249036912476, -0.019307442058474244, 0.02970499716935851, -0.05228219318845267, 0.04290782930903742, 0.06264665673340836, -0.07008340709461709, -0.017826162653305878, -0.03880430355696815, -0.022769791556694674, -0.007199681598811921, 0.07115563967488901, -0.008680510112992416, 0.05398946756577264, -0.006821632984185517, 0.05846331474591561, -0.06294751728851695, 0.014083749417215451, 0.012458170687126605, 0.04461445432477715, -0.0354106574177916, 0.11724514343301624, -0.022517433864606078, -0.00356859306765738, 0.07406488009759428, -0.004401645961052859, 0.05777523317859442, -0.0070535011553520205, 0.03212510050320533, -0.05084953241145994, 0.016532939554008332, 0.008433296435124077, 0.067099764548116, 0.004611157084455332, 0.052364822139444926, 0.06289175213736099, -0.02999640712038212, -0.0015452343838103805, 0.029647235522352072, -0.001158609843795245, -0.012581114985655152, 0.004066345905837293, -0.010572127117862234, -0.0036029556975111484, -0.07220610745211481, 0.030284873734176848, -0.032455299990536174, 0.03672868737359743, 0.012595863546872945, -0.013594069393534698, -0.004814032926536231, -0.0011139099710634477, -0.11740063430238305, 0.04434177277835863, 0.02557656520685197, 0.03656971286203887, -0.03961219438696853, -0.13011820993989606, 0.029066190204412715, 0.00674869538333688, -0.0015698474700484135, -0.04967990296038913, -0.004314965385381631, -0.002986391637851305], [-0.021096134103127186, 0.016765827431641445, -0.011271044449568437, -0.009282421712843554, -0.007567686105369173, 0.011335022969729715, 0.009686824083034512, 0.0033809174571055867, 0.06065762154332954, -0.002632819830358175, 0.00528334734796319, 0.012930582809350237, 0.014886054805842413, 0.00037853027993484166, 0.0005120414263070323, 0.00014862738072545762, -6.208439086533926e-05, 0.002089010373203626, 0.0017126761066449555, -0.0015979404590270492, -0.0010713961084105324, 0.0005982733015139278, -0.0005739734868877099, -0.008915922008504395, -0.0010237996926261348, -0.003681852456166807, 0.00023560182646848734, 0.002034186763913662, 8.258243954831477e-05, -0.004698816513321293, 0.005479584650986473, -0.006571583544753325, -0.0010732942850663818, -0.006102930646701916, -0.01693295664915036, 0.00912521303659774, 0.019753777188658922, -0.0004199719404996313, -0.09258154042159088, -0.002320971360316174, 0.0049931902392690046, -0.008303419456920813, -0.030397488275402323, 0.013150662200332248, 0.008753688751891356, -0.0075541556497882465, 0.002446273876465451, 0.0009232218328304949, -0.004303447532093783, 0.035379013111277446, 0.0005288865665801407, -0.002078119768378526, 0.01569166422193102, -0.09153903083802442, 0.0071772025099164334, 0.003362936167158759, -0.011413814814830286, -0.01189662276633624, 0.019642398038004334, 0.01342209351352656, -0.012653845673542769, 0.0009679075836444126, -0.01270664805276995, 0.0011625110522267455, -0.016565211001988704, -0.0010753207724338864, -0.002839479387911871, 0.012616309324435039, -0.08995746672118239, 0.014299146332946358, -0.009319333422646537, -0.0012940350499940885, 0.008891222976721808, -0.001817054297473078, -0.013302099704187149, 0.0046407356260636185, 0.009762462411051408, -0.009666969501558138, 0.002591180658747004, 0.014414513131107077, 0.02495736427120615, 0.0007455086582428453, -0.007081232956682329, -0.08998042792120269, -0.002300414498094314, 0.0005424198750064313, -0.01292679880511295, -0.001574031350598051, 0.005769195801380961, 0.002266015976104762, -0.008198971352835099, 0.0066881238638675875, -0.0027043560982854815, -0.0035771394995629943, 0.010336178206600453, -0.004317021553952663, 0.012497483628032225, 0.005445297835956995, -0.08378898439128739, -0.004475695261100569, -0.007687766054450777, -0.01128561585871136, -0.005572403036617341, 0.007195118981644388, 0.008251344976244314, 0.007035295300622805, 0.0046000582079037755, 0.004902962099618672, 0.009224040009278307, 0.011999025571395325, 0.006163064901773919, 0.0028936657581842065, 0.01218781782675183, -0.09578251629593036, -0.00756869495693329, 0.0031226840967421917, -0.006318343349457375, 0.009890734431057972, -0.0071315663823439705, 0.006945195996367872, -0.0031182716406544225, 0.0008694092213968937], [-0.021250143280210146, 0.005792478058568552, -0.05755809628484011, 0.002213072963068732, -0.020441976479206793, -0.1866078035548165, -0.012999778001914897, -0.0707927972287921, -0.002632819830358175, 0.4915291124645853, -0.054059618109497054, -0.0021702280230100485, -0.1594073795854127, 0.007172157317888171, -0.03923077540269732, 0.00513325192292638, 0.0011768242399349358, 0.008558001686475677, 0.012125062853399236, 0.008211948818613441, 0.016534589072287054, 0.01045054931033202, -0.014280081954454071, 0.004774141078874131, 0.014391501951950636, -0.01646660914490225, -0.00022309815431983103, -0.006946030352809602, -0.008690830005868688, 0.015034460102634446, -0.036906191731226556, 0.0163017868011761, -0.014309286706189313, -0.030623660096746816, -0.007583062509910687, -0.021462565202584872, -0.04844138675204364, 0.050079602032371856, 0.023551960215186296, -0.12641671590609366, 0.0056498735948515965, 0.02421247078357655, 0.021216608785129147, -0.013274369667244304, 0.010144492214722654, -0.01339367819196813, 0.009235855795958349, -0.03367157367218947, 0.04020520271406988, -0.03697676212115194, -0.011043746184965297, -0.052262393734257874, 0.06937446984123091, 0.014449996374690285, -0.12494779508689155, 0.008250578880888728, 0.051622125721154, 0.0705378624507986, 6.698433380270486e-05, -0.0031014600657876265, -0.029571991311645066, 0.008210967693579742, -0.05540333451736875, 0.004349005998287967, 0.030834443638128733, -0.012143918677782868, -0.026494604064059717, -0.013988001609891365, 0.00446651368461267, -0.05273875139767583, -0.013861873754609842, 0.030554215486673898, -0.04460101671152063, 0.0042958492832787555, -0.007049339920426123, 0.000604240580613716, 0.021036224517281408, -0.06239228074685565, 0.018575553669244606, -0.012704041070160755, -0.05277263449871905, 0.007727930102386615, -0.04500610758698059, 0.019946300161527628, -0.05031032084858482, 0.009476182546541277, 0.02861372107321111, -0.01788932858542791, 0.015851283211410175, 0.0008969901501874694, -0.004635762132140983, -0.016332114225150116, 0.022496865736166893, -0.02604783678856508, 0.019855063306248717, 0.008752975117394542, 0.018569428867962513, 0.025817192467945713, 0.015072867041723365, -0.031737860583265845, 0.046240505306699195, -0.000800646626865693, 0.022772928393056942, 0.03235776326829117, 0.060747454772223146, -0.026105663784141895, 0.06218936857161397, -0.023419071435923478, 0.023859459966331514, 0.011589795785017152, -0.0028937623909636757, -0.013170542121208459, 0.04745933235588482, 0.024858154244082643, -0.0655882200355666, 0.0041907613827879605, 0.0017154760371085739, 0.036187344223296954, 0.0034010945312024188, 0.005985297612377131, -0.006159763136627711, 0.0006230018137457355], [-0.07293284195035567, 0.06744121555135009, -0.005783334545698103, -0.04237498853111089, -0.01110604866159568, 0.09769920036707243, 0.00149792522332915, 0.034787207374745, 0.00528334734796319, -0.054059618109497054, 0.11486954471899435, 0.012801738262041937, -0.0040410720726652, -0.00797302020033301, -0.017331653447537832, -0.002150673927347219, -0.0020645057765588705, -0.0037324704875215417, 0.001901044843811103, 0.005006135683750127, -0.006202839795467653, -0.006234930952676708, -0.001265824080845343, -0.00555569318028026, -0.0008170334559016256, -0.011136053146299238, -0.00456589552440212, 0.007753574787112498, 0.0026607428832781665, -0.005665805576974299, -0.007712736489341167, 0.00593714257893344, -0.0055273283482102, -0.0212405112170837, -0.0244798160357994, 0.029907328232830245, -0.013954744357433988, -0.03040990941322527, -0.01817152350488167, 0.012577494236846048, -0.06524126605787263, 0.0031653172642977442, -0.021224028050530756, -0.0021117960471092323, 0.007332796756973087, 0.0008752807326740371, 0.004839804616646731, 0.0070586672064054685, 0.00715461518393045, 0.006801923396051356, 0.012361431123856837, 0.03241702623237704, -0.022545480047890133, -0.003945144097252917, -0.004752114375439514, -0.08076599916110638, 0.006115162434756125, 0.0038832151712200843, -0.0017930786201567422, -0.028713528460818552, -0.02358153568139113, 0.01258582554126274, 0.0011495549237269798, -0.0032220584320556524, -0.015806137793299393, 0.008038464148665315, 0.014503856180801236, 0.015343528342887049, 0.006577858203210563, 0.0006208812811519553, -0.09329715814737362, 0.0107571304106887, 0.011268491383159052, 0.007250293021926463, -0.010089778832487259, -0.012823953187903924, -0.007145953693533645, 0.014755347585517711, 0.001572662295228245, 0.007163918710760107, 0.0016530559423921234, -0.015908245084511663, 0.03994352478305099, -0.003938015674953645, 0.012071297893611258, -0.08736582606231749, 0.0023455978299438502, -0.008389743029350747, 0.0009230502455769791, -0.012463992162308332, 0.0015383550935639777, -0.007831925032422526, -0.0050104080195642825, -0.00894862380503321, -0.008207143393446673, -0.01156442795231198, -0.008957923215215963, 0.0021739593966092607, 0.008930460978727765, -0.009271936250679309, -0.08724134941591691, 0.0069122149296516715, -0.004303338140297487, 0.0027178675956537374, 0.00103336714311677, -0.001453605514829637, -0.003687650031610464, 0.02775192212570534, -0.018077524459078516, 0.026499331285755295, 0.004170082081290488, 0.004577376625421184, 0.016311246723710805, -0.0013518645575372917, -0.003156018964086226, -0.06270372374898263, 0.006951022253153922, -0.011469546947268837, 0.0013734229923724034, -0.0002686945499923447, -0.0013472183829382313, 0.0012133616470647744], [-0.04331758206720332, -0.010203044636583714, -0.02176991110741532, 0.022461859163811698, 0.009946583112241595, -0.004134007142486459, 0.024934099831081902, -0.022946827815991097, 0.012930582809350237, -0.0021702280230100485, 0.012801738262041937, 0.14590981384322158, 0.03352526204236516, -0.04401029567079726, -0.07837657526434706, 0.002842881248002671, 0.0021625157993333225, 0.004576163758685012, -0.0037674075168394982, 0.012034117983828783, -0.002863727574192399, -0.0018274117377328914, 0.00202895129819772, -0.0024273499613964153, 0.004195159215755922, -0.0026047602941700145, 0.02101489087243735, -0.00586072630876542, -0.002143896320476511, 0.0057284037701286344, -0.0028102667630347817, 0.02198115803149609, -0.0027169291162947393, -0.0023725367466384487, -0.012362652424530616, 0.0428388408572822, 0.019316851936913338, 0.01530755079890212, -0.01040676176471245, -0.021134558936463835, 0.018060253610574697, -0.10911192229978392, -0.024753280807762616, -0.021450271444874734, -0.011006626921103468, -0.01429462154129969, 0.022396145437870857, 6.207820468438038e-05, 0.008328618295831463, -0.010278912968797058, 0.002280573810001888, 0.017634745707501818, 0.006580384494393165, -0.006297170879474701, 0.019923891221474716, -0.00207052534059459, -0.09603480395276837, 0.0337173691334631, 0.02053901828188942, -0.0032298601733649368, 0.010172843117052936, -0.014494134274774303, -0.010844235617906917, 0.030091607055348447, -0.015666855323203586, 0.0010745246152980455, -0.007989750325734556, 0.022748689504642997, -0.015070108721329814, -0.018535010537313903, -0.03393191853746054, -0.09545848964352355, -0.005247613630999916, -0.020692112686496764, -0.03410363671095839, 0.01757855882769703, -0.005224157829500165, -0.004920950094532412, 0.023865553547127657, -0.01515963909971999, 0.005872637472297772, 0.025471762944893353, -0.02771718372153279, -0.03131417382226203, 0.018696064734900975, -0.01338154669610629, -0.07652785780878806, 0.023667476895267506, -0.01221537835886159, -0.0025191820524278455, -0.02543032011608567, 0.010719018269037942, -0.01011075721760542, 0.013464658487589034, 0.0218285514884616, 0.015958577112575787, 0.026786386843926962, 0.0293356620064009, -0.020479770202611474, 0.0032514735670846773, 0.005306352146246385, -0.12908188603086238, -0.0019682418422505682, 0.006827071426468528, 0.027074512815326014, -0.008509459089773116, 0.006194515937921967, 0.019342964601625275, -0.014486954949257806, 0.05564450215971643, -0.026775187505241473, 0.0023714071573886913, 0.024525493313426287, -0.021844326264426617, -0.0018584973020728725, -0.014752805064699268, -0.12790020902535335, -0.007475221534613599, -0.022073270440517847, 0.03437318225240448, -0.00775914131960935, 0.0029550311838034402], [-0.0036849588639664807, 0.02313442923529432, -0.005893065326352146, -0.011373665829341809, 0.029070506572065204, 0.007943636969468018, 0.033324878061510584, -0.0617966937612822, 0.014886054805842413, -0.1594073795854127, -0.0040410720726652, 0.03352526204236516, 0.7966984866958725, 0.044835257858717836, 0.22480499680848892, -0.0009466292711807655, -0.010883443152462226, -0.008361119778748935, -0.01780462280269632, 0.02188089233510653, -0.008003741294370521, -0.024563864549932275, 0.005021855753474826, -0.007825659284070295, 0.03575567089712747, -0.0022563408414184006, 0.003951608088057341, -0.0024194097649065972, -0.0147300076377572, -0.006622271141016561, 0.04840183009651827, -0.04282563722951382, -0.01595926014708056, 0.03359845058072243, 0.08418351376918526, -0.027637315600222055, 0.04595835397208215, 0.02311452698377884, -0.04376680714120955, -0.02590192347854223, -0.0026031429782049508, -0.029701499642271253, -0.006063503648170334, -0.03215134040036663, 0.011799974677159663, 0.007468916848880079, -0.03492969403997068, 0.00045291027520194755, -0.0654080081059923, 0.07115737723210569, -0.011650094212410743, 0.030403612619099955, -0.08087397966841202, -0.027519090431085084, 0.025466474842110905, 0.040140758802219095, -0.06731617808660764, -0.04831726890825328, 0.04920983039138919, 0.08668838319632201, 0.03148353263239086, 0.006136428502492164, 0.04349215316664359, 0.005838348063671791, -0.04841389997382479, 0.04572684085617651, -0.06111385495711631, 0.019784310935144097, -0.0002473446014341433, -0.06694792772514398, 0.04410774426695553, -0.038635180128227316, -0.12677398375147284, 0.019308418751531085, 0.0048234861887381875, 0.059663982862597054, -0.04344553239962819, -0.004123611693989121, 0.041899322228251025, 0.016766827749164916, 0.039718798126546766, 0.025580401621951077, -0.008725130106718014, -0.026934480441962397, -0.08507606127987613, -0.005894846901656475, -0.020502992638523617, 0.040779818971112394, -0.012552141666772477, 0.019757364202675105, -0.006325117511332321, 0.03478807628472876, -0.07594061189863228, 0.08447300348993192, 0.010560277921100055, 0.00019029991172834677, -0.0029234473096683053, -0.00788069605003341, -0.009970201954895066, -0.013883929336107631, -0.025644582127050147, 0.032620755005198246, -0.06461251380230644, -0.08703676477398142, -0.004042432983582815, -0.027763533718049467, -0.00741054447467023, -0.003527111429597638, -0.031024055728731105, -0.011023230357634594, 0.033390950737192795, 0.0804295071557847, -0.03481470106179328, -0.026110887623852646, -0.06769340552276912, 0.06082028493368199, 0.002494580231236148, -0.04686584178437907, -0.019691331216012388, 0.012538574394359188, -0.005453406040046743, 0.004507886195559287], [0.003528382353380705, 0.02089182805382311, 0.021596347945788578, -0.05983237655382346, -0.001967891677046978, 3.0459260343601367e-05, -0.015503703394234783, -0.010772808077731696, 0.00037853027993484166, 0.007172157317888171, -0.00797302020033301, -0.04401029567079726, 0.044835257858717836, 0.09881616484580112, 0.14944436899986083, -0.0006268082358559996, -0.0017543775755248811, -0.003812145197651224, -0.0026126799790696783, -0.007712343272236787, -0.0016454780112556413, -0.0064299902397447605, 0.0010155856723391607, -0.00015916651153444905, 0.003567601622160416, -0.006868330259464519, -0.0013632440082110803, -0.004555674932651138, -1.7465085914555602e-06, -0.0030436170415153135, -0.008933950102359568, -0.0022730780057176395, -0.027172670836842733, -0.004931515192732592, -0.01862897900730734, -0.010535751144799854, 0.014392175036647404, 0.005340921059097811, 0.002052207084006328, -0.009353713193198283, -0.017341965484435447, -0.0060139261042269085, 0.010574476541773447, -0.03333943600007878, -0.01976442303576139, -0.0006919284080519785, 0.006987062755071872, -0.0019465866595473195, -0.025451315097855812, 0.01863823817204583, -0.005711496092618724, -0.005024406530571969, -0.011351905474290443, -0.0005565291749384567, -0.03200344612062166, 0.004834406232148191, -0.02694211519527821, -0.0642399283231608, -0.012678307303703182, 0.034307151843835135, 0.009251744133531598, -0.008689221906501893, 0.027745661006709693, -0.028038859464593523, 0.03780941587035468, -0.00840101314419654, 0.006088721833817627, 0.0005193373565612065, -0.0015122348968166816, 0.0028963398938773558, 0.01978645267544334, -0.030811654289163555, -0.006015960179543169, -0.04816012820790424, 0.03554440751808043, 0.0007848349085509167, 0.011111676932457262, -0.004122991437776903, -0.019923213225316573, -0.0028695565264334143, 0.005757411565223266, 0.004647165359469151, -0.02083081471707503, 0.008567936049380725, -0.011619771588666701, 0.0035201181015428124, -0.023897554560504627, -0.007044350820563671, -0.040948147422069814, 0.017577847042463724, 0.027293375816856102, 0.010000968418786336, 0.002770973219204559, -0.0051809697205348676, 0.007932585452453294, -0.0009595637764441205, 0.0016308837770902256, 0.013056670329511815, 0.006045830508609835, -0.006780319108605474, -0.012058601484644053, -0.019303869272538333, 0.004992295925110799, -0.07805700846793023, 3.438693475174758e-05, -0.011938791181710453, 0.016449623625694118, -0.012544012360286853, -0.013900945336265255, -0.016570870947963817, 0.014883499717648763, -0.008842779597491735, 0.004543529433056035, -0.000517844225811447, -0.02376205013014056, 0.02738710683851567, -7.7098934155996e-05, 0.007974740635159504, -0.020162563054159047, -0.024144874814776254, 0.005597665747922978, -0.0006571238528026308], [0.03683986873863012, 0.02757490104559434, 0.03425281255982841, -0.09996866991039921, -0.009334557186698534, -0.005678983668827542, -0.026050984567647394, 0.031757388115528105, 0.0005120414263070323, -0.03923077540269732, -0.017331653447537832, -0.07837657526434706, 0.22480499680848892, 0.14944436899986083, 0.31783388128306284, 0.00038252043360156147, -0.007767677274160014, -0.008467893720385514, -0.006560252121165006, -0.011096587555223006, -0.00608564553859346, -0.01019017016915746, -0.0016184256947529565, -0.002292857927119341, 0.010046027934083511, -0.00941846892138487, 0.0012657417475932739, -0.00872617272941497, -0.006531781595078513, -0.005411785193823113, -0.0009885780894157467, -0.02686655117765484, -0.02414432326710314, 0.0011796269984695146, 0.0037914379652026174, -0.03701642863415792, 0.02237051539393352, 0.0007730021963228422, -0.008881342408553367, 0.0011242903815432777, -0.032822044818119206, -0.012590826079390098, 0.04397710385402329, 0.02292213740274561, -0.045777644089177276, 0.010945311638865942, -0.012601601018562605, 0.009930272687368001, -0.05461824813831244, 0.01925918276984619, -0.00648759327788726, 0.003890244026069922, -0.023014954341424705, -0.01020431304620922, -0.037865010158669124, 0.02022596065232047, -0.06307022734146366, -0.09167050162585878, 0.04623648189871976, 0.05199187463069379, 0.013632582952426388, -0.002170333884521347, 0.05528690853068788, -0.04595191918775546, 0.03743650315313325, 0.000837534131705528, 0.0030769882272674897, -0.005314434164535987, -0.006721750203649629, -0.020297905572028298, 0.03953403198675918, -0.058270944346266146, -0.017823891504062363, 0.010165439654788421, 0.035945558419594764, -0.004655078019939647, -0.0010438177454705707, -0.0010916284378240553, -0.03967509379055049, 0.024629794019354292, 0.02501242417930841, 0.01707103814907858, 1.4864046380810602e-06, 0.0011018344358979012, -0.02449610183956654, 0.010917356841769607, -0.0313364461459864, 0.0