{"inv_metric": [[0.468048480896236, -0.2558926199937141, 0.0792489891986792, 0.20289468645977754, 0.019825529939892037, -0.03450017820883553, 0.07180722751473284, 0.03778952722906853, -0.02942152355063492, -0.013141584386591366, -0.08214489446970723, -0.07670180324730605, -0.04042092222428533, 0.058581057412412964, 0.0887078891650286, 0.0070728858538383075, -0.009898532032929879, -0.008136881106243742, 0.0029711740046990134, -0.01482257803774375, -0.0221443146776817, -0.0034932940246522382, -0.020037441644806767, 0.00961919772229236, 0.027060117316233003, -0.0033306463673082494, -0.00021844161950504358, 0.012217105093344978, -0.005813311117044293, 0.0007840684407887637, -0.10903148799383308, -0.01216197085710523, 0.046023997940506524, 0.014787509973272918, 0.057306382101241796, 0.0035218249775719685, -0.007044253165226594, -0.04205960334814217, 0.009809128433611881, -0.057329313444865554, -0.003189257231222853, 0.004010949930080482, -0.03704953012724005, -0.003148700254367883, -0.010539987736744236, -0.12088480030347831, -0.05165786651103529, 0.03491269549149508, 0.022124234514259742, -0.04621574141981042, -0.0018541692152878146, 0.024667957777657363, -0.0005753833282045408, 0.03466315477108794, -0.03354086763252141, 0.015007238613601245, 0.011917854963937996, -0.0574078965369403, 0.01591102053795791, 0.04047487977101382, -0.09622566928668501, -0.00975887987922047, 0.003171106009199335, 0.0171972141284351, 0.02542994571686903, -0.013362864614504175, -0.012203503725692575, -0.01853545205976029, 0.0014233307352145813, 0.026798451764726502, 0.001142682587866208, -0.00260412602818498, -0.030213581498936402, 0.003427967008585188, 0.01546387797104395, -0.045976749554331016, -0.0335319495718334, 0.020163165757718596, 0.056569325965642146, 0.012289747251267974, -0.026039242443469977, 0.009415261507802303, -0.008450897118668152, 0.009021114449343122, 0.0641676348507135, -0.040156574616098055, -0.02211368517080518, -0.04225958429135379, -0.016620682086985326, -0.021298018435568392, 0.008236500993444463, -0.08443842342370599, 0.021061770212843084, 0.06445502781456404, -0.015253534981465096, 0.015597287882672863, 0.06853730974776343, -0.053643953767495915, -0.013445208001765126, -0.02192702339753696, -0.008058360741009922, -0.02553949426425556, -0.013195442145226277, 0.003704155326564928, -0.02664397468283661, -0.08935963539984215, 0.006373799112538494, 0.03805935010330145, 0.031910644681450336, -0.03415521443165843, 0.02268387284036674, -0.02383776545443519, 0.024327433299306315, 0.010749584746859987, -0.04233134321776932, 0.005733241544861226, -0.00418926594088319, -0.02480288799807547, 0.029655486882763066, 0.010799206272034009, 0.0055080768470019085, -0.0013744480950197949], [-0.2558926199937141, 0.6204480888398135, -0.07421296929126131, -0.1755263629489994, -0.013564588435622135, 0.011129919328055127, 0.027003042922250146, -0.05189927981737961, 0.01302001850502271, 0.01582961070475296, 0.03497754793405084, 0.024057370302261766, 0.0321177620378349, 0.02307752850004922, 0.0231259036930545, -0.002764091366176155, 0.0003105552689146377, 0.005475306233182762, 0.013594062270643012, 0.01191466388739409, 0.01999411006574947, -0.015448402391999932, 0.004124202739948712, -0.004819565255527656, -0.004823900389959299, -0.0021225839549944845, 0.01680128518371564, -0.010282562430436988, 0.004510621579616873, 0.003684133967216026, -0.011547621461322748, -0.07591592512357781, 0.01740086324420186, 0.028725044676088513, -0.09629626684275373, 0.0030080099618280975, 0.03096417682343074, 0.061359158815191536, 0.03297707783184524, 0.05941749859266515, -0.0007391502808096733, -0.026935756371536144, -0.015788859992693773, -0.006888000907215503, -0.05131352304317684, -0.03131208908511083, -0.026443582143699598, 0.020270666493474688, 0.0529958555098449, 0.0652348884302067, -0.01356706192197757, -0.012625757211460253, -0.013143101011117344, 0.001054149974246685, 0.05834957842173393, -0.015055401752310711, -0.0044541881694906684, 0.029321879581182042, 0.0023856389312854505, -0.020971737909496354, -0.07170094414063752, -0.029552066738026118, 0.02090708899745664, -0.005667426423705687, 0.01342251059030829, 0.01716832296897531, 0.045450940213880464, 0.018624379472098718, 0.03507841399341031, 0.05416725070547444, 0.011709525399193444, 0.002923955689312773, 2.5557596802632557e-05, 0.028706815086713817, 0.018411062766323708, -0.0728252503691302, -0.03639214238482302, 0.014954742778234952, 0.026535114812723165, 0.08804671544796035, 0.009246203700828457, -0.024307718882975355, -0.006006447132162467, 0.02888457393867296, -0.024003668864061176, 0.0018970938819437473, 0.032201345613223596, 0.04004561822000248, -0.00958310837025451, -0.040697485400579665, -0.11791474254879464, 0.01680959904080156, -0.0014478656569244547, -0.01271595014942946, -0.02110605230855574, -0.005311901546666203, -0.04895742515014097, 0.060937549518501756, 0.033261646598158646, 0.04487105652179287, 0.01396518585403006, -0.026674252259101198, 0.06782765046066164, -0.04048966002768434, 0.002917303123013736, -0.010973355968769395, -0.11159979947410048, 0.06267497270541796, 0.023196852157080516, 0.0007753306567819978, -0.019687917988741057, -0.018438382150034988, -0.026050876892096553, 0.017453020306279342, 0.03462083190286556, 0.00025001516942161115, 0.007113698518680949, 0.015945491809793957, 0.009692874892343429, -0.005561816516734327, 0.0011001065413544957, -0.0008623837702270678], [0.0792489891986792, -0.07421296929126131, 0.29430960774059556, -0.009319112674661607, -0.02400558735295769, -0.008067266399551996, -0.026885161820363743, -0.013181205305507144, -0.021503768880699013, -0.10665246251766555, 0.0013111847842745708, -0.03916745922761081, -0.030811383712017033, 0.03684072161082705, 0.05655137867266683, -0.005730984098518938, -0.006320989035843278, -0.0002005871736954442, -0.0028239566769501304, 0.001409218530242088, 0.005113490036908259, -0.008306015098363487, -0.0007903257396420565, 0.0011360429799210823, -0.004195560001417619, -0.0062465714846485125, 0.004037874476975404, -0.003717638047191429, -0.000676805625713552, 0.000627128767297881, 0.015166077731082176, 0.05690793867833237, -0.10898248137639477, 0.036977229857883, 0.05881627842994442, 0.003512832460599019, -0.06095798048177339, -0.007712873360053308, 0.027709028891853296, 0.007470435405080557, -0.029631329417431275, -0.012640229384825953, 0.005504344133641372, 0.024525563462228454, 0.00784328739231741, 0.0014831080947444852, 0.010289792736323886, -0.05672627753261995, 0.0529177671502553, -0.03146755159119289, 0.004826863163170784, 0.014054947169245963, -0.011444299504685016, 0.00732585108370003, -0.019855366518357044, 0.027830542379404407, 0.014752980219714126, -0.02981886274500167, -0.018243707416896657, -0.044889724647319565, 0.03124105997865515, 0.016476115665904317, -0.05339515419161524, 0.02414591225787471, 0.03225500851005935, -0.03800506913649831, -0.04653049303991472, 0.008706967773162945, 0.0034150209808459842, -0.020327388931457368, -0.0020649797172706185, -0.02235983870291341, -0.05038475393595109, -0.0009961342862596016, -0.0022591135447749965, -0.008580036171700512, 0.013035170842666815, -0.059609125107190394, 0.019698006598924036, 0.005424221954832135, 0.008977872181172531, 0.03517242399271101, 0.06478909470080184, 0.024066930778790577, 0.016988608985163387, 0.02151329920746588, 0.014994844337535658, 0.02418723685516053, -0.01588958176728374, -0.022570000535619528, 0.043606326833791356, 0.01176898654208705, -0.08393451650696913, 0.040888489067146275, 0.04572471826088861, -0.03977453036363575, 0.01758174430863374, 0.054003245540508706, 0.007840552120911521, -0.04423254714196439, -0.004371623384260902, -0.01608228922938707, -0.017214668500531893, -0.007798973114654351, -0.028381029789018915, 0.024590156287498232, 0.026233464685082024, -0.08192254804868977, 0.10386300054565037, 0.006530188261215365, 0.01165657056309255, -0.010831916534761381, -0.0027608134953128697, 0.018366522811785618, -0.03978132094168438, -0.007048821927333119, 0.013378499164640791, 0.003625596374520116, 0.023026039187498102, -0.022157124188132, -0.001713194018593194, 0.0037882378994693313], [0.20289468645977754, -0.1755263629489994, -0.009319112674661607, 0.36957165862863844, 0.017534955904857454, -0.0026745509755129035, 0.023098234389902862, 0.020727595845085666, -0.021209572527036025, 0.0209109829037052, -0.05811208440086833, 0.02078879497667787, -0.028043960845460666, -0.05404223056094104, -0.08894182336054891, 0.005633034564177133, -0.0060974225196882845, 0.00036891823805265423, -0.010522399858645035, -0.011959681857923152, -0.006744150814949158, -0.0033198503967101843, -0.019644987593521023, -0.0036315241566725717, 0.006356161608106748, -0.002942674071104139, -0.004735521595328785, 0.0034082470076070405, 3.277200868462143e-05, -0.004706205836959369, 0.039621948584775815, 0.026536461040501218, 0.04245314665315536, -0.04775098082497727, 0.034571254352119676, 0.00596424965157463, -0.035788417196408816, -0.0392296004783163, -0.0024037281254177486, 0.002451843720310876, 0.012638839952224309, 0.022030389440092377, -0.030319351131990475, -0.013409234812620274, 0.02016021088498184, 0.006691231774124994, 0.03473574646656842, 0.07719099921764189, -0.09001133437551047, -0.056831080198481244, 0.007557761348761851, 0.013864074431438542, 0.053035474387592936, 0.01885117604579, -0.004662139178761491, 0.024751287146947028, 0.013672777193616592, -0.010583118146997495, -0.009491260662808556, -0.019608295004939727, 0.021720775515169106, 0.013406556125708445, 0.017797778864725673, -0.04890675062765208, -0.03461284239853056, 0.04570128299957864, 0.008973920240496026, 0.023510135497747213, 0.00017986546993015024, 0.006756656905835482, 0.03341890589347034, 0.005661612718428568, 0.007516009214889468, 0.0009837907931717297, -0.01274901422089892, 0.07660296440758302, 0.021086100997529313, 0.053872067510175176, -0.02520111857066818, -0.0008282596047997549, -0.02617709514478854, -0.008548245486448813, -0.038091993460641405, -0.0031936041907110646, 0.029571383096325128, -0.027846326125742137, -0.022361065937223833, -0.027243224639307295, 0.007858036383110622, 0.0019959238102981456, 0.0739964522047917, -0.042302628791358286, 0.05522295628486314, -0.04449041135083801, -0.054716555993825564, 0.032995631466472976, 0.01844994176189196, -0.042283206134796, 0.018394078615762564, -0.05030501511339046, 0.02055167153743647, -0.002505140365076284, -0.05772028852016382, 0.0177015209550674, -0.036808619324842376, 0.005709126701428399, 0.072005657842936, 0.05075762407246421, -0.1073290884424533, -0.032416255880518816, 0.02446743296014287, -0.04103377656058087, -0.01135554379214809, 0.010246921803083632, -0.014851312969695973, 0.020518382511982527, -0.024231258714136075, -0.06067717683858202, 0.009790328475823569, 0.045867475424077805, -0.0029919679089549915, -0.0026048200498548744], [0.019825529939892037, -0.013564588435622135, -0.02400558735295769, 0.017534955904857454, 1.029593327248964, -0.018012729800733252, 0.06908142206994389, 0.0830515762407858, -0.006826528602700053, 0.0657337787756538, 0.00382413456662386, -0.048725873791297204, 0.01376968657250685, 0.006443275895836143, 0.0037952337018133902, 0.002036563935599731, 0.022134597386759783, -0.018592201205630147, -0.010031738748237658, -0.008331688737318849, -0.02580234413062531, 0.0055165202664426176, 0.008018158896050818, -0.0003542354404516581, -0.005728255523192535, 0.013994856835948947, 0.006527966751943317, -0.008505554587636565, -0.005441591253277532, 0.017020350218813863, -0.025542091860235518, -0.03174876352487306, 0.029821680831284655, 0.05478431176580055, -0.05076907317837414, -0.008098646359456313, -0.02723351003008074, -0.08943524464936611, 0.019364962339239466, 0.060747339904086074, -0.006421390854219877, 0.07454028414200847, 0.010973437780738414, 0.03256601793806446, 0.006453248915661386, 0.042343310554435847, 0.05146094387773685, -0.016196583991397343, -0.006437500799767443, 0.06302195405480232, -0.076152370548231, -0.01220540199456159, -0.0842773581490536, 0.018212685433707184, -0.077316800265974, -0.05073094372327525, 0.01715015852369652, 0.001131932386629655, -0.0010975494446299459, 0.09384802368799729, 0.04090406303438787, -0.008680818594667706, -0.05377622543007593, 0.015026671470909015, -0.05761554547452818, 0.005321421469824286, -0.011276112075519172, -0.08565706855951512, -0.001741977374323284, -0.004385116991623191, -0.055729653547308744, 0.05299510931691357, -0.05242007975000967, 0.014137337341570251, 0.1162714842234361, 0.016781758708163258, -0.06360259530837141, 0.05440542903981547, -0.014078417696248246, 0.013598372629704389, 0.006460712146969335, -0.006730712804401795, -0.05252735464594296, 0.020103995094294048, -0.13799890415361615, -0.02864573394977656, 0.06418938926601907, -0.08407668976902696, -0.044640079280818305, -0.038776974097282015, -0.029565909996462213, -0.009996453443580676, 0.03347087401524544, -0.02603750507730752, -0.03649004137582959, 0.039577680823201, -0.08475393765160529, -0.04319961922884984, 0.0013203600980260333, 0.002600383175970497, -0.03721627190606551, 0.06818566390620867, -0.05682054428737772, 0.00042856515818973437, 0.03440609728846012, -0.02019561614595258, -0.006472712643888051, 0.051380209562838904, -0.008084682024926215, -0.03268969470208917, -0.062011780705973726, 0.10838185770068959, 0.029001620051568477, 0.0155863691506573, 0.007623490192520843, -0.0300503503296027, 0.06878908134039571, 0.02489671018176036, -0.019659282439080238, 0.011485624998501106, -0.002188896967499872, -0.0006920019488289646], [-0.03450017820883553, 0.011129919328055127, -0.008067266399551996, -0.0026745509755129035, -0.018012729800733252, 0.42274495967547704, -0.029266257353843955, -0.037481661491273965, 0.001772429274047092, -0.1424456975637877, 0.10176127749499146, 0.008744238913514593, -0.02746134764881502, 0.018666642392442465, 0.00686091373123172, -0.007541782894677539, 0.007920102041195823, -0.007354317386428604, 0.01322571381639774, 0.005929230427451316, 0.014178189947648863, -0.022522487730978022, -0.0005510040406005581, -0.010097865297776596, 0.001590082715119094, 0.0043683858148601444, 0.0014838308395592182, 0.005297384223922529, -0.008865072331635608, 0.0020383939629197464, 0.005602354582947398, 0.008323199331879017, -0.04662009959319145, 0.003688683228798129, 0.0022362275728840257, 0.03097396564066478, -0.05105577139870904, -0.0644237273097766, 0.011720735735241284, -0.11563353275130019, -0.018751812478004157, 0.005938569952811114, 0.005035357761162593, -0.03529166546640248, -0.054748549996150205, 0.015485353232674895, 0.0344287817594452, -0.00856857292285876, 0.004095156482909076, -0.015620036275134327, -0.006051099622281061, 9.451507114561934e-05, -0.038769026922785145, 0.0022260808987535825, -0.01308167971384769, -0.0021913361828725247, -0.01709314126711036, 0.01872536379589997, -0.01647881183360864, 0.005057920980822995, -0.027053708012727908, -0.0020293258901186457, 0.01348233610868725, -0.01755183270982668, 0.039724268508337705, -0.02035772441917957, 0.04892992297392231, 0.00813623786493266, 0.022443673254213748, -0.02184486978588659, 0.00782115187096663, 0.004659158610262142, -0.03767937897660209, 0.018156356326969995, -0.012849978561307061, -0.004407468009181425, 0.026556975085754716, -0.022073202899829465, -0.01748100622527502, -0.013881321877001328, 0.004255224410762513, -0.02601607687401179, 0.06160146802610982, 0.004460728031961721, -0.03654906859698497, 0.03450864564378582, -0.00882822436297644, 0.003955747649292474, 0.010818766748739115, 0.05557262721940995, -0.0005181929095362026, 0.03442293883406678, -0.00881224450855452, 0.0032010349160034894, -0.009686067723631741, 0.0011088078630558094, 0.014726360256157516, 0.013393085258980338, 0.011863517300131934, -0.0006720971019416686, -0.01273452636687493, 0.0041763469717041955, -0.03185342148312806, -0.016016394704090327, -0.032855546885513585, 0.002840481337294815, -0.016916749311075535, 0.002411530190961824, -0.00027985558219815305, -0.042590876239280685, 0.0011612307429400056, -0.006528548523171374, -0.027496697544110556, 0.008563775477440909, -0.0918721906483347, -0.03934587038261962, -0.019543968948013468, -0.052788889516534036, 0.008869044645356669, -0.027954478204960734, 0.00026153380911886684, 0.0020400276137341224], [0.07180722751473284, 0.027003042922250146, -0.026885161820363743, 0.023098234389902862, 0.06908142206994389, -0.029266257353843955, 0.9465827156300779, -0.029730172629589324, 0.008099082817147052, 0.049371261174518614, -0.04025929322209633, -0.013581233673270932, -0.08327072433293861, 0.012248522136977162, -0.00021307904763893815, 0.009587051394522402, -0.01160879786285875, -0.006354703525988008, -0.022022570977545494, 0.006701249002483093, 0.0177838773945655, -0.0064806287533525605, -0.0272957570548341, 0.0009667452057484296, 0.01236681047441586, 0.0020228463000404187, -0.004553876307377121, 0.008376439084969888, -0.009987902267782265, 0.006974254716485725, -0.012366652069107292, -0.010762994865138655, 0.042090662524537435, 0.01470494359879905, -0.04866534771531659, -0.008623090660860838, 0.09778329290886204, 0.045963980839432636, -0.016144849426799654, 0.0192797823023895, 0.007616945610114728, -0.013975817449398395, 0.043893385293338236, 0.02240557152078296, 0.08227582611696026, -0.004855986248018182, -0.011941681156061265, -0.017100031617179004, 0.0021337570321037364, 0.03453632795199836, 0.07814038531773962, -0.023416604252879433, -0.10699455247107828, 0.010388586094477811, -0.035833958080838856, 0.002395154208232228, 0.008116484465517944, 0.031814038683534135, -0.002585355585452421, -0.01632449391793205, 0.045286223198549476, -0.04222400095637899, -0.02216487981096636, 0.025488395522426342, 0.12176190325611294, 0.0028315120942946923, -0.004408036970225269, -0.0263332157695032, -0.015744172751233288, 0.0321340641844495, 0.022475581176649974, -0.006792166555072131, 0.02008433997122778, -0.0029744875463893496, 0.06322814940235562, -0.028201674312506458, 0.03704192990470336, -0.013101158657278626, 0.02166956190286506, 0.05936118152142484, 0.04561695402146958, 0.060932673750826824, 0.013073505628517536, 0.019562190506275827, -0.025681915164437553, 0.03783766636585057, -0.0027144826551649052, -0.012620502528950368, 0.03315627028226047, 0.008299873855678904, 0.025732265911773633, 0.006041450090767214, 0.027722697007373297, 0.03275984950096974, 0.05478726409866187, -0.01686343219325661, -0.031136002833952747, -0.059446028199557355, -0.01885806265133321, 0.057555322211742026, -0.010753491258859061, -0.026404165371507072, 0.01608924036055352, 0.0006185257630443504, -0.003927644949212312, -0.02657344030490497, -0.07053004244099448, 0.03563296402483511, -0.0029105429294370693, -0.028466426070916703, -0.00909191384382202, 0.08919970227670077, 0.02674254884461199, -0.038176957794515055, 0.0596395209047806, 0.05141542615705201, 0.010296178954719903, -0.054328750216777896, -0.014890401809108982, -0.06147884566638606, 0.004557812845082019, -0.0046679451408276175], [0.03778952722906853, -0.05189927981737961, -0.013181205305507144, 0.020727595845085666, 0.0830515762407858, -0.037481661491273965, -0.029730172629589324, 1.063503526144397, -0.002128080054446544, 0.07624739705882576, 0.006837985935231435, 0.003643930593994754, -0.04690921759749331, -0.021612194158928337, 0.010883913976959755, 0.006166023786899367, 0.0001030639689312741, 0.008220349566588701, -0.02798793964316781, 0.004690379449708516, -0.007879201818307298, 0.016316791868806912, 0.026499810491483346, -0.006575648422429248, -0.007382320785351443, -0.013660247499321872, 0.010756844034864302, -0.023404018658538663, 0.0036441468561250264, -0.0072799208776163585, -0.06309935309805943, 0.13566975323501293, -0.01613333851943594, 0.0027660594690424567, -0.0346871441394239, 0.009645226215213975, -0.09922178049056211, 0.006561147161052431, 0.03732362312327956, 0.062434946856753215, 0.013963065956076647, 0.006070144539209998, -0.07837911359395171, 0.06626192296530252, 0.008815305954442064, -0.046676393680764365, 0.049300518447545405, 0.0210133684148585, -0.005661915943115205, 0.019537175823197712, -0.018237880845033715, 0.03021106195794846, 0.03176547558173921, 0.004044786062848172, -0.10640198641487222, 0.02256207136985846, 0.02752669670408488, 0.022001928443516842, 0.0704291989442238, 0.10089958662676367, 0.054775114333854645, -0.02253400524497488, -0.016176002978083758, 0.05286733338357631, -0.010091341752339212, -0.017840860754627545, -0.12360220363458461, 0.011553312206093291, -0.0056240582436170765, 0.06927003681076829, -0.03469569917790976, 0.019316673387419585, -0.06281983924941192, 0.01804964028247497, -0.0014314038285854953, 0.018254796431402372, -0.032010084152154936, -0.03183478668574399, 0.0213634935456727, -0.004098778870641643, -0.008682633550394317, 0.10986736581632803, 0.007773836081166685, 0.013874410144886752, -0.015656843987931886, -0.018863048861313465, 0.032535569805157406, -0.026888899515405306, 0.03307204460591624, -0.017300552730136455, -0.11766132860610441, 0.07555520803759949, -0.025851419603391757, -0.03533770576704267, 0.09020488275283157, 0.03468341140896515, -0.0009904705338927879, -0.043627891441250226, -0.008891979545738251, 0.03493490319263239, 0.02113899842488508, 0.027253393223608174, 0.006439046386545265, -0.03066141454037196, -0.07970936061101086, 0.004642712958229335, -0.0004523633315849318, -0.05444543817641662, 0.04408752398198699, -0.007534396307803531, 0.018395777421591496, 0.05525151725580678, -0.1459627675781842, -0.003534230937861546, 0.0645837831131392, -0.03869867192214473, 0.006557943385898938, 0.0025448843758297396, 0.022000778797757824, 0.03295444066793577, -0.00738091096246255, 0.005138676176901783], [-0.02942152355063492, 0.01302001850502271, -0.021503768880699013, -0.021209572527036025, -0.006826528602700053, 0.001772429274047092, 0.008099082817147052, -0.002128080054446544, 0.0698440700683192, 0.00993927175459328, 0.0019769593507229085, 0.0030614040453541412, 0.010142358872270609, -0.0029629921260233413, -0.0069003907996841645, -0.0018017856649701967, 0.009939030404958056, -0.0028859369108305945, 0.0005812571838699619, -0.0033162639675757004, -0.002867165000393845, 0.0019855766081791695, -0.000946805550647915, -0.005336656661296658, -0.0017787336991522272, 0.00022111958743601024, -0.003258927863658683, 0.00016099656157642214, -0.0009460447445933043, 0.0013880607637301574, -0.002670501956787907, 0.011779463570052254, -0.0025698379043848146, -0.0045296226493384, -0.0029685432828214014, 0.0040434252584142395, 0.027664477610969924, -0.011836636130778039, -0.10184076784088016, -0.01731219662331191, -0.00036072690203002556, 0.0001339245554020498, -0.008208433272084158, 0.00474910066335534, 0.012093466514265216, 0.009341751809403238, 0.0023380512136317276, -0.011130453015292047, 0.013621680497577855, 0.010291319620607224, 0.018694384507446267, 0.012562013005295204, 0.0026686827991027106, -0.10061715164822478, -0.004629994269504529, -0.00150530109119888, -0.0012803296278436794, -0.018592034101808208, 0.016482283389680972, 0.009481353664475093, -0.00359863138622031, -0.012159104333407784, 0.004444053134271205, -0.005245725442790374, 0.018810185590137633, -0.0037629974285485917, -0.013574015222683661, -0.023195416518668032, -0.1038216887691463, -4.690304770313009e-05, 0.006298213070310443, 0.005005506183954015, 0.00227107664962033, -0.007446471900129225, -0.007867764401430236, -0.004563562348085049, 0.01280424541184784, -0.013035012824026181, -2.6000590895134677e-05, 0.005935722697736861, 0.01678080045648793, -0.020661252749500307, -0.018548045331434917, -0.10221967783371892, 0.0036666060422424905, 0.014520864649527065, 0.001537415514015904, -0.015955033088194195, 0.010588678105454793, 0.004725755766238928, -0.005288730508200955, 0.0028994948491193944, -0.010495986181421757, -0.003257477688534474, -0.009935797922809842, -0.0022688685860705036, -0.015987217099900124, -0.015454038685926059, -0.09892434618194851, 0.008613399697173696, 0.004319904851464482, 0.01223457275456044, 0.022019990521240217, -0.0017517285968649458, 0.025246092630395088, -0.005398035773247339, 0.0016636844156443236, -0.006808520981591416, 5.045100155920264e-05, -0.019239471404941033, 0.00028132749026175984, -0.0005744688959537159, 0.015135594679998188, -0.10771589493839215, -6.0333813663672856e-05, 0.008116457674120984, 0.00301228826288239, -0.006241455890979542, -0.011850828901462319, -0.014121579149646681, 0.0020995905514928793, 0.0005251567483844686], [-0.013141584386591366, 0.01582961070475296, -0.10665246251766555, 0.0209109829037052, 0.0657337787756538, -0.1424456975637877, 0.049371261174518614, 0.07624739705882576, 0.00993927175459328, 0.5332708084904555, -0.06524974273553039, 0.014803369559420021, -0.10290146686999743, 0.020142755050274925, 0.0023348581638516627, 0.007628024024760413, 0.016486411159262176, 0.009906776513975835, -0.005680726922614266, 0.0005651609407184014, -0.0027939481442653107, -3.853991854680505e-05, 0.008060203112654632, 0.0019145523015807655, 0.026080399326835514, -0.009531756905874126, -0.01165303584353987, -0.005699912476682881, 0.006734552531998403, -0.0011671220699451693, -0.027305744936849098, 0.031088289433344116, 0.011424615229289264, 0.02795395112184182, -0.056181051350935075, -0.027743316978912264, 0.026306521093748744, 0.015375004652968182, 0.009227080348754727, -0.006437980771576315, 0.054784730967134355, 0.02326922251466807, 0.03465695316192056, 0.0568573887888456, 0.04397798056266298, 0.001286156082535956, 0.023617724161744468, -0.027486547160021833, 0.01718594881141659, -0.015957968623052706, -0.019764168254533795, 0.05008480551701315, 0.03845607272398023, -0.0054304513299965945, -0.03845699681064236, -0.011976367552285464, -0.00619417849860749, -0.032978293133023875, 0.03758978901052136, 0.04934780243011356, 0.019490511498522683, 0.013779113277286474, -0.08444457199657539, 0.019564077750096463, -0.052746946039368095, -0.0016341121735168745, -0.007934283226114773, -0.05849879224901505, -0.011627023521304087, -0.06899348992295856, -0.005357381125708179, -0.012411596923520807, 0.02500737717250678, -0.009066330647161704, 0.05015638384966658, 0.003002978108990271, 0.004716599631493296, -0.012710579638400258, 0.04751643124055962, 0.03078359352762474, -0.009035802361674571, 0.0073889006657765315, -0.043368087388609075, -0.012388403747888707, -0.077987446116646, -0.007724038037410423, -0.007744882767988638, -0.09022965967819649, 0.029450518213144965, -0.03831969965273806, -0.005559959463136357, -0.022959257839323906, 0.07033660197654439, -0.010914042607708827, -0.01391438215475244, -0.010501067928101104, -0.015042676872327375, -0.0013828165562513382, 0.013823562771327359, -0.023831202082542045, 0.05554153552542793, -0.004387533104808082, -0.010202694695556092, 0.0012619575013122872, 0.02025680494389121, 0.004728901893575946, 0.0074759053935949905, -0.003692838089890536, -0.05723549486821761, -0.005561638849474344, -0.04369672784118006, 0.03402568776947991, -0.010505341961993278, 0.00768780106859084, -0.04994513829289899, 0.03341114096636306, -0.004179107144962849, 0.03946742382238383, -0.03851239170871004, 0.005113363233895791, 0.0009335634892415105, 0.0067295647530411255], [-0.08214489446970723, 0.03497754793405084, 0.0013111847842745708, -0.05811208440086833, 0.00382413456662386, 0.10176127749499146, -0.04025929322209633, 0.006837985935231435, 0.0019769593507229085, -0.06524974273553039, 0.13964949073894875, 0.02397870982740646, 0.012336602343043922, -0.01947172621651221, -0.025610598828612337, -0.0014911647431905945, -0.008250713964086144, 0.002886857495187399, -0.0029854631379772714, -0.004130135101633364, 0.00024799778737534246, -0.003729642017901268, 0.004688491706747141, -0.007493581013595538, -0.0070006880990282966, -0.007222132642037189, 0.0028924727065927427, -0.006084186144632633, -0.004499397732780281, -0.0024450140614259265, -5.7383197499497445e-05, -0.006383190156044282, -0.014744177037175515, 0.0011168517574433564, -0.007464109295005026, 0.03211422334282931, -0.025609777782494996, -0.013770043162081476, 0.014123384226002875, -0.012937792238404982, -0.11234633069193274, 9.969795676338199e-05, 0.006792394995386557, -0.01116386467405195, -0.03591517921821466, 0.004861927534351068, 0.022737393642147337, -0.009574472082008961, -0.019882817022844262, 0.0006205997578900246, 0.0329796200402414, -0.009610741973455697, -0.008888734086221694, 0.005155631216792004, -0.00874350963686386, -0.10551181263823783, -0.016328805879339152, 0.016182540068620962, -0.0005288390641441882, 0.005998411266491511, 0.011913309700452191, -0.012432641432581461, 0.02422606783493914, -0.008792967564606919, 0.008294577452053569, 0.021688714113694975, -0.00321380041534337, 0.03142683779369017, 0.007603740555247379, -0.048323001926086843, -0.11353600422844892, -0.00904951400382576, 0.003974624956627473, -0.00268353978250347, 0.009123966234117079, -0.018001097064460816, 0.008591905411831373, -0.012251379367739245, -0.026270471140996936, -0.029679962123422877, 0.015589913627333255, -0.008718417379194406, 0.029463222700088207, 0.002783271653797816, -0.01089094527445582, -0.08209472467630244, 0.0010293449869750294, 0.028377588116048225, 0.0017884714531622246, 0.033058925059128406, -0.031885829919664224, 0.040152840724146856, -0.005782061276082451, -0.00383198467240548, -0.00947557298615695, -0.00031927534683507324, -0.013860554604741549, 0.0014780647686950502, 0.007529813029696784, 0.007619774847003395, -0.1107446949598869, 0.003057242082268306, -0.020909200957338153, 0.0029842551370256893, -0.01570268111431504, -0.011200279535371309, -0.005881418609316178, -0.0030241697504962825, 0.001436666581541911, -0.00876300021320736, 0.02508450888859417, 0.008491037301509281, -0.03214577825249936, 0.0071076465865945945, -0.024656900351029683, -0.11018596421341008, -0.0020816099581702774, -0.022183225705271654, 0.008861088059107264, -0.0024121825235081354, -0.002141414005675013, 0.00041316854836249484], [-0.07670180324730605, 0.024057370302261766, -0.03916745922761081, 0.02078879497667787, -0.048725873791297204, 0.008744238913514593, -0.013581233673270932, 0.003643930593994754, 0.0030614040453541412, 0.014803369559420021, 0.02397870982740646, 0.17061473385642478, 0.007432360141682231, -0.08340274397413071, -0.12412320462483656, 0.004569587964273966, 0.002412798055425116, 0.006934591091225045, -0.0026338006643751464, 0.004002518638630316, 0.0076056334662271095, -0.00015207332237812625, -0.00109292311380542, -0.0035892142962721347, -0.0029891220243787793, 0.005168075465531282, 0.008044502614773814, -0.008688233812402678, 0.004208590730764507, -0.007414116693150464, 0.015698925204258245, 0.007204127805453224, -0.005309792837523475, 0.006331656371047104, -0.018731649658607005, 0.017675412376965446, -0.007785798612869568, -0.023855463032624306, 0.0022151450373787155, -0.000540219342052655, 0.0006641134122679455, -0.11801279698435063, -0.0014023951581871477, -0.00624313863679142, 0.006018950622730878, 0.019327404639321488, -0.0037418368281512686, -0.005440312498751597, 0.0033159864026723446, -0.004101193152456327, 0.02105056762113432, -0.010436604713097737, 0.01613486822863512, 0.0022360194159474, 0.01947456169021607, 0.0023219796235374036, -0.12014596106271092, 0.012127354056461398, 0.009067300086066472, -0.03621032258039099, -0.004509601983175359, 0.02764050751110217, -0.025529856856900162, 0.021719304705486008, -0.05890730733733209, -0.01489172842095972, 0.007011338538928965, -0.005720447158759976, 0.0062358650017328736, 0.008706522318534297, -0.002245702518635661, -0.0987367257452318, 0.06003036775653376, -0.018055554242255772, -0.05496932708049303, 0.004288025440464033, 0.01008402463038969, -0.02340299519068743, 0.01701859645653409, -0.0027996785399004784, -0.004357120519394228, -0.022304375838004743, -0.04173107377126437, -0.008570851799154448, -0.0029061182998859156, -0.008733048137388571, -0.1080900967156334, 0.0017347999892044035, 0.02917803967023181, 0.005501024103204735, -0.03405462462367921, 0.0039921940971356954, -0.019145102412730375, 0.02123446016913801, -0.025070501464127495, 0.019926520788693985, -0.019879749986407326, 0.02879199440218216, 0.016229823446759797, -0.009775078536132622, 0.011358245871599717, -0.11232029110424877, -0.011632358367484661, 0.006553054354421218, -0.02056870683915809, -0.011232744885246223, -0.011956516446469145, 9.024324061856176e-05, -0.017029779734053896, -0.007341271515474433, 0.017395028550998816, 0.002907583294123522, -0.036731885501934916, 0.004961680920482716, -0.004697260809342458, 0.002769061673184194, -0.13225843029068607, -0.023052549279285597, 0.001810032461423318, 0.044587936510279556, -0.0036527906164845604, -9.306985909728733e-05], [-0.04042092222428533, 0.0321177620378349, -0.030811383712017033, -0.028043960845460666, 0.01376968657250685, -0.02746134764881502, -0.08327072433293861, -0.04690921759749331, 0.010142358872270609, -0.10290146686999743, 0.012336602343043922, 0.007432360141682231, 0.6979361949270114, 0.020485424453798078, 0.13578199641009644, 0.003948470510567357, 0.015801982468634727, 0.015340074948964449, -0.009873881045674717, 0.01618925347568539, 0.00026730273341519335, -0.003279633199084659, 0.02375979263826304, 0.008060555701144164, -0.006214605100623574, 0.0032394474571659677, -0.0014114470268011376, -0.002869293781266828, -0.025014705819819124, -0.015064204461451241, 0.015241404829665772, -0.017124059141619206, -0.006075739973638781, 0.010569643592790662, -0.009556271080289754, -0.030611379780237747, -0.06575277137408514, -0.04052761083697413, -0.0009078004467153167, -0.03585273111876071, -0.026050545631621257, -0.007463337275865353, -0.049885617275639255, -0.01509614733300087, 0.03312080139120105, 0.0006339228757985464, 0.01372186666721322, -0.03270112207716589, 0.013364932555188247, -0.03303765239940779, 0.000461346581524779, 0.00517926116826621, 0.04693538008203723, -0.01149896822749915, 0.013474828657620723, -0.03379141114785846, -0.00854177228628727, -0.056203735471656725, -0.004366213279835006, 0.027902127958304993, 0.02787842367635676, 0.02259338416607793, 0.012855736300207499, 0.01871460277046724, 0.03477202971562217, -0.012460759028548209, -0.021579743186342478, -0.06850710144298044, 0.00474810062897612, 0.002784258216764824, -0.024368038829157883, -0.02095485084520578, -0.04334048291582905, 0.0011236960647040247, 0.003829140337061439, -0.004817320509029909, -0.02682583173299895, -0.013725892664321358, 0.005629782859136681, 0.00983499192793739, -0.016455178687768423, -0.0026164577519531803, 0.08672965179571149, -0.014519817584880544, 0.03372171795352662, -0.017959712083175823, 0.0037509332731385744, -0.04001404429669246, -0.020019657159277456, 0.037629401621104536, -0.03308877859761747, -0.0009340037124134767, 0.018028202679241837, -0.002971697214302864, -0.06086101902371262, 0.006977281644331533, 0.037265318372250646, 0.01755683622428104, 0.020504857296758865, -0.08914817216841596, -0.004124353450551255, 0.03020275374224799, 0.023090830469325942, -0.005600738563615841, 0.03942122826340839, -0.059889077854945204, 0.04773397789841173, 0.012477405025976393, -0.007603071463463238, -0.01585583271266976, 0.004351058165793499, -0.020148611200160708, 0.06859506367203308, 0.002732787861356556, 0.007670063355464628, -0.007635196035619543, 0.008307633703484276, -0.05443170314226919, -0.002065673202715377, -0.0035797071681833758, -0.006593620252076285, 0.0003399052097461196], [0.058581057412412964, 0.02307752850004922, 0.03684072161082705, -0.05404223056094104, 0.006443275895836143, 0.018666642392442465, 0.012248522136977162, -0.021612194158928337, -0.0029629921260233413, 0.020142755050274925, -0.01947172621651221, -0.08340274397413071, 0.020485424453798078, 0.18186867976261906, 0.23801738041734757, -0.007945337826293152, 0.007733529268549583, 0.006533620596303443, 0.01130039567514202, 0.0006504591727488542, 0.001730184651428955, -0.013065068485154633, 0.005083120994182463, 0.005050515209702222, -0.0013713548431241265, -0.004419067981869819, 0.0003074270513763574, 0.0060632164705115765, -0.004509467593345512, 0.0015040784290288232, -0.05224013934347525, 0.03879079435792921, -0.017627628777056942, -0.022338202158551774, 0.0015208773867502311, -0.017093111415989924, 0.010327027958621617, 0.02634601182049669, 0.011585513562748374, 0.0022943973970556233, -0.019675695025303197, -0.00023277255468660095, 0.04205626355421657, -0.012535693384435706, 0.011555656788653803, -0.006830776058142879, 0.009836410897786052, 0.004049710398569916, 0.007245855697128201, 0.023043556530995966, -0.03566702014932498, 0.003188131514813373, -0.018471394144114223, 0.002231682880111918, 0.00954075344056765, -0.020874346246365447, 0.0035198848468791675, -0.030635571616383604, -0.03920289323679404, 0.03195440872375307, 0.0001827583546555901, 0.009234231536099681, 0.008017286763147245, -0.04048120853605208, 0.03654273893123345, 0.01002714434135509, -0.00772719426681414, -0.025722720341395375, -0.00025310474752264213, 0.0031050977296507745, -0.007123803056860005, -0.026941760815923383, -0.07823045069723882, -0.011805050245350463, 0.05539438373997407, -0.03743644635783325, 0.027611413214550625, -0.00144334205099421, -0.022830326235820483, 0.014887855482948997, -0.004137795672876449, 0.010390439614452402, -0.0071820116459612405, 0.01456100997499183, 0.009066423005620956, 0.002628547259180889, -0.00011188080465412197, -0.009088592555887997, -0.05565875182027171, -0.010305271900158744, 0.03361476587501287, -0.001104408964605725, 0.022038900671659516, -0.01580040740873504, 0.014687410266435741, -0.01619452928012041, 0.02694059427522045, 0.003927781589350753, -0.005174064536899549, 0.0366661614727494, -0.0030674821433619727, -0.026194077642542453, 0.025577173439269008, -0.07648226289458711, -0.012580901720297008, 0.019255618576677444, -0.01230945002791451, 0.01651374884267608, 0.012396405459030225, 0.019845179410088495, 0.0012016622713961133, 0.001955778658138035, 0.03000992729496804, 0.0065828807275616075, -0.002121389637814536, -0.0077643199449345095, 0.0070897843921476885, 0.02032831351342159, -0.025708910374837017, -0.059868089757843614, 0.00634443035452687, -0.0015366255105968786], [0.0887078891650286, 0.0231259036930545, 0.05655137867266683, -0.08894182336054891, 0.0037952337018133902, 0.00686091373123172, -0.00021307904763893815, 0.010883913976959755, -0.0069003907996841645, 0.0023348581638516627, -0.025610598828612337, -0.12412320462483656, 0.13578199641009644, 0.23801738041734757, 0.3781872815179368, -0.0106047641905702, 0.012994680421471654, 0.010961540146345502, 0.010308315478945142, 0.0064324592499113535, -0.0021043502431035937, -0.020436698889064336, 0.013669750011760613, 0.013959760740878985, -0.0018270791037250632, -0.00461881781530694, 0.004193900242146451, 0.005541084460559355, -0.015064549138201197, -0.0019743808010513017, -0.058695666471883415, 0.04359390730525369, -0.013906184184192632, -0.029273465431259995, 0.004938757445002686, -0.03399751520279116, 0.006336230564642904, 0.05205878093109217, 0.012435819289572778, 0.003911755811733594, -0.04037104407016254, -0.00838665214848333, 0.0648559986443116, 0.03851488769209036, -0.02787372142093017, -0.011285808549164052, 0.0156979852885034, 0.0003407709759668587, 0.008775997654579409, 0.01798037915985871, -0.04133975502451345, 0.018549095395670227, -0.02036904988262337, 0.000317807825243187, -0.009284928036955947, -0.02655640000671115, -0.0005742551462359453, -0.03275025305909188, 0.0015265074358787301, 0.007238619700074989, 0.01748836175823195, 0.024207876197186395, 0.00934600247077858, -0.04603475066519531, 0.061221390021124145, 0.005357263391985668, -0.020397039947025363, -0.04546088449552724, -0.0002559377265042325, 0.014621568954727033, -0.029155260437103786, -0.05228468453405197, -0.10948697475636951, 0.04708395058368863, 0.04088588896612688, -0.04066892618684487, 0.021157557701302447, 4.703990807547771e-05, -0.030458998630001562, 0.028785727585465194, -0.0039725432237926435, 0.018911200369089522, 0.0195102073571381, 0.020420233550053558, 0.012881458744765645, -0.0003751881162896516, -0.00018614430559557894, 0.0164188780751335, -0.01495297319765330