{"inv_metric": [[0.48067212438784385, -0.22596534484133138, 0.10241182282435156, 0.2214771539317539, 0.0033859621823819222, -0.03431144952575142, -0.044997343126407095, -0.013729949658606917, -0.02081701771054867, 0.010155672393529493, -0.06367844423434484, -0.05687237503190653, 0.003294056588956309, 0.012742553483577019, 0.023453107062511313, -0.002346995776800833, 0.0152801505246664, -0.009468970976950894, -0.009270347104187341, -0.003247886578415222, 0.01678723391741879, 0.01238956383748722, 0.012698666727036654, 0.008303040933432081, -0.003886325452624303, 0.004942908000518613, -0.0012101837798929249, -0.004787779853622916, 0.022452909631428337, -0.023857840388861556, -0.10497991067082336, -0.047310499674233134, 0.012355863246294396, 0.011166367437929614, 0.012478639530857328, -0.023069284566866896, -0.051881891691740165, -0.03909830389496259, 0.0176402170973392, 0.004112438425507185, 0.009672496679675064, 0.02562476666096662, 0.013986864091884946, -0.0429747098317716, -0.06481055906802162, -0.1580686852371411, -0.0026966582976952957, 0.013022936931778775, 0.001656606096628264, -0.01324619551053971, -0.024469603273684165, -0.034644422780080356, -0.008486713009624518, -0.007680210870924598, -0.0208977787402342, -0.014088424343065009, 0.016731555098835504, -0.006000070217207003, -0.05262877765125431, -6.69491702206717e-05, -0.08109756022842464, -0.05840724455896868, 0.007560596867136582, 0.035760706740382266, -0.04742938010110282, -0.0077404006985900145, 0.0805498030446213, -0.08518388321875929, -0.012786977254866586, 0.03534698044329542, -0.0061733826869054325, -0.011544564086467783, -0.014846846807676966, 0.022797848955885127, 0.03561891581194772, -0.089794489107898, -0.027862032752876305, 0.015215855980022935, 0.04845865365057907, 0.0339532694545194, -0.011475561074278563, 0.03941917124924832, 0.0688375735207261, -0.008621885826598364, -0.012182622902637611, 0.005990992460515449, -0.012325681838036995, 0.046223282218871606, -0.023003898458417577, 0.039620794616712675, -0.11802059809127453, -0.04798384147929379, 0.024912922946640242, 0.04496835186907096, 0.0009546662433195912, -0.012024731806846467, 0.012477546049722009, -0.04261671976657012, -0.012570835358027345, 0.005731293968525029, -0.033426824467225565, 0.008386328627517977, 0.03083278383022409, -0.013572108206151642, -0.01223189019309639, -0.1153020208926965, -0.034202182036963735, -0.04547168870024257, 0.0271735065374873, 0.039165830572977366, -0.006220725870382995, -0.0416007479783025, -0.026967936237153992, 0.017495941663633753, 0.015735026567696143, -0.0009954773749113954, 0.01001356309345856, -0.09390679465190009, -0.013440142725860233, -0.06336906677281884, 0.010700932190377873, 0.0017644089505849361], [-0.22596534484133138, 0.5948215799524031, -0.10170040668492028, -0.16042795934121806, -0.061083663859972145, 0.04300105159441956, -0.02026419528793992, 0.017657345297048828, 0.02816454502480117, 0.03168509015262238, 0.024779122533214615, 0.020949937118582534, 0.0039820781081050865, 0.015052178430413588, 0.023501104605589917, 0.007114560395466695, -0.009254185915476632, 0.004680954060362395, -0.00699698730133028, 0.005818105603800926, 0.009963467687519724, -0.003905072084863534, -0.002943596727962706, 0.008255849080939017, -0.0024403905235057515, -0.005601687883532542, -0.007860606465333354, 0.001323857296325857, -0.0136218158418776, 0.014990130211040571, -0.06293064230326015, -0.03753331810690957, 0.03991778191902378, 0.06440983546648854, 0.03171568256564357, -0.011275634919240348, 0.09554301920288441, 0.018068723697273574, -0.045066572309994946, -0.001855687798449538, 0.035857151382768404, -0.001775651331387614, 0.05985946546125916, 0.04340386613865985, 0.02644514896532505, -0.007058597611172678, -0.04061468194599953, 0.051630058126099755, 0.08058932699190705, 0.024683364301825935, 0.016846855167893447, -0.011971994864981919, 0.08300298456965144, 0.0034913125473461587, -0.03204884485959523, 0.034743820924699374, -0.007300088495260242, 0.02012656018267615, 0.06077456645201606, -0.007408982617344146, -0.05742847376425705, -0.013446011909597337, 0.008771235694520109, -0.005778833001710242, -0.001970524619938302, 0.03664758451365884, -0.05132773128304813, -0.018293720592287836, -0.019334212104415303, -0.03430545537337391, 0.047534590636203154, -0.03761188055509801, -0.020847851711225027, 0.014496818090105864, -0.01778754581230958, -0.04292109320343303, -0.008799186661353221, 0.0009210620763370798, 0.008683893533542255, 0.0034890217904876733, 0.02544473457171144, -0.06588980074415114, -0.010203362476521725, -0.00016888355208056872, 0.024805274694249167, 0.009344843776180022, -0.05322394418524712, 0.0009788954897153096, 0.029095545396202994, -7.438704407157268e-05, -0.04775701975745279, -0.0255969406892313, 0.014225859505307392, -0.010962378164787038, -0.03140817127383788, -0.019399492994843583, -0.05367015139730495, 3.073969344771985e-05, 0.0018289758925857213, -0.024591564046846474, 0.024889645701312347, -0.009705239357996762, 0.025869112289078715, 0.011368709614260892, -0.019177787870105198, -0.06372833408764915, 0.00964519285395839, 0.07159785274137795, 0.04138226553748911, -0.03064802514876606, -0.0128864259548061, 0.022197876083325706, -0.05397331620487327, -0.0322314442508878, -0.04474321889888264, 0.03776675477383339, -0.025338138214247123, 0.05028902470290055, 0.04280381712016305, 0.0018714985858888991, -0.0028966254882148053, -0.002781968610380451], [0.10241182282435156, -0.10170040668492028, 0.31297173382143784, 0.001410939662107921, -0.06583681691490675, -0.029259449782549442, 0.00772983368521486, 0.012686808418675517, -0.005988702849428095, -0.09664302277685215, 0.0016425004523621671, -0.03725124492533502, -0.02887436501804369, 0.028679392836566436, 0.04480101503781753, -0.00033122179532455977, -0.006732607513301139, 0.0032284238723359715, 0.008266020745046308, 0.0012754092054363354, -0.004203720895200641, 0.0042252906337979, 0.0030225637514295625, -0.00668181161703079, -0.0032452680112916633, -0.0022156228892594226, -0.001309348616490621, 0.011102096022314347, -0.00019386502923515083, 0.0032604053954045707, 0.014199280875848534, 0.043791464738766606, -0.0810009267223114, 0.05893684634140937, 0.005321057123044394, -0.013843927681148342, -0.020903258179567608, 0.016263738161297184, -0.026532167125649476, -0.028582466062835127, -0.04543585313499112, -0.008720624761144389, -0.005846692633952883, 0.011554649278484761, 0.04434113623323267, -0.045949902123395114, 0.053017633479665593, -0.08645301426977221, 0.006217031541190842, -0.05844432829183932, -0.030426435285196334, -0.0012578306588438475, -0.03816487294774271, -0.01344902902568384, -0.03533049441183008, 0.016141181322574347, 0.004314640215553285, 0.010455476053210417, -0.045682669037871396, -0.005343680153297057, -0.00948478970209614, 0.036041229442391055, -0.03618498895842505, 0.012312084118564803, -0.041040811494424005, -0.0026095952783828993, 0.04825843369550381, -0.009713075944488113, -0.0015497313118024033, -0.0644190766792535, -0.013453647249756945, -0.01922379484821875, -0.049653897135140596, 0.004991441818649969, -0.020808371294693758, -0.005328193329585402, 0.04394882833676205, -0.03792734270636802, 0.013355505980257032, 0.02051545374046012, -0.006063193550898036, 0.014560856168199654, 0.030837695627318477, -0.006273555617303219, -0.055569522269193074, 0.008853285686577377, -0.021478294654004474, 0.005142103762306335, -0.0023835223748565303, 0.02994951830924904, 0.009949108681156402, 0.04632762565826085, -0.08748402089465403, 0.04367453489144744, -0.006588676420397103, -0.010238000449436785, 0.018331392089352697, -0.0382721906019032, -0.01350822972049389, -0.04887623600093675, 0.0006867179426900551, -0.007352283160284638, 0.008606719521092848, -0.012531486653306828, -0.048807298427792, 0.0075812219168866, 0.06211771546377675, -0.14431768203038012, 0.05048381934233322, -0.05984149029325933, -0.01668574899056319, 0.013148178822253671, -0.02558005271495961, 4.856370063075207e-05, 0.029499219824209628, -0.030719356675044513, 0.008107978076857265, 0.012957820938125092, 0.002154171581027902, -0.062344427844100186, -0.003270224066876401, 0.0007404141417554864], [0.2214771539317539, -0.16042795934121806, 0.001410939662107921, 0.35698285278215375, 0.03662773455499607, -0.012660373877293142, -0.03420894949947937, -0.03766660142822673, -0.020039689298608457, 0.023277854776321025, -0.05253304884877985, 0.02225140061191466, -0.00017328430861525716, -0.06288363112668047, -0.09998773525333426, -0.005721566044420325, 0.01701517902842623, -0.01253427065497677, -0.007541219346972674, -0.011752450943898136, 0.0034697291760377824, 0.00133270179299277, 0.01679345088857645, 0.005937946366722174, 0.007756452135571739, 0.0145712657275647, -0.0013309208176630113, 0.0028001901906263052, 0.013577131942402556, -0.015247756789967279, 0.03470583439107722, -0.003920690167327489, 0.06482921618827366, -0.07418744217860437, -0.011289000283202922, -0.004488501068307188, 0.005591240326913512, 0.007689694531577634, 0.021180170722553158, 0.012533070288681144, 0.04118254527607432, 0.01136372893843924, 0.018958478204108866, -0.05022565015967214, -0.04287547473942372, 0.0037966707859810613, 0.02012051347082827, 0.04126956921887245, -0.05088750656545655, 0.015167931041089931, -0.0068246183025608455, -0.02918555686137178, -0.013940032861640113, -0.002318106067015506, 0.04045921037149317, -0.0030122567234262027, 0.009776848439674643, 0.016739440606277495, -0.011835227991256931, -0.01430805599288405, 0.011501162329947105, 0.0050670095449329156, 0.011846216313218505, -0.04478742510976329, -0.039473534745483145, -0.023510726639006222, -0.02436184530771954, -0.046545724171686016, 0.013224835837834991, 0.020594358265116543, -0.007852545168255697, 0.0142567761255693, 0.02721911708887248, 0.019494311842601822, -0.021549356231103316, 0.02834273843587621, -0.015919535737335563, 0.011032729673391774, -0.03161847072457051, -0.012862420147839953, -0.03283222452874444, 0.003575737855274908, 0.05480522193110963, -0.002743823406737325, 0.02159660791054951, -0.016863025136400152, 0.015085174699158214, 0.03707060571862237, 0.0019714952494981675, 0.003381535551749703, -0.00582508146764, 0.013050022002264655, 0.01960813497393474, -0.04810395428043314, -0.03059471447935153, -0.0021128999760725705, -0.0339070076893342, -0.05667879939272934, 0.008053811805683438, -0.022201719083487188, -0.023892882815265526, 0.0214543412208808, 0.02088194809511456, 0.009896389881406157, -0.012032093143115315, 0.024474091525236056, 0.0031668960751881927, 0.021921779506336437, -0.08690285910538417, -0.004786289202618605, -0.003602338370042847, -0.02282761737842571, 0.0068026312704184775, 0.016994934915742027, 0.04011714485033593, 0.042536359509734105, -0.0034323503339930127, -0.07621477033084886, -0.01673045043933043, 0.019033322704406743, 0.0017941075546229607, 0.0008523848578850006], [0.0033859621823819222, -0.061083663859972145, -0.06583681691490675, 0.03662773455499607, 1.1268308735730375, 0.024294436233977597, -0.051677074438445804, 0.02800035777629687, -0.007681514134110102, -0.063137263296144, -0.0007410404365047004, -0.000692954600943267, 0.03821189336649892, 0.0029592965361388457, 0.004037418329060202, 0.011308829861849471, 0.0020638125489433924, 0.01162909072029121, 0.015368577069284227, -0.024147346173181157, -0.0256762900551301, -0.011554970083049388, 0.024487144181520416, 0.004364613707021666, 0.0006606424048071549, -0.016651280552470237, 0.008474589685627166, -0.007399102236294368, -0.0025835994492304074, 0.001331368875868249, 0.06151663249541216, -0.007635215667825008, -0.04194385632294322, -0.017011617697909598, 0.023399673468717706, 0.031018361667769372, -0.04788641540817443, 0.001257029834463495, 0.0007423129079711148, 0.043075718860327655, 0.024259647752111195, 0.020552961119997385, 0.05006239251201919, -0.07285822907340006, -0.01303029635712568, 0.046282892599490574, -0.03518033012098109, -0.07716144964887173, 0.03867037315139654, 0.030455272649812053, 0.04527500887113433, -0.02808837120191334, -0.10013174635481278, 0.028784992728438822, 0.0057286065743425785, -0.054043909179232526, 0.03234306341605292, 0.09510158384405727, 0.019362812162820656, 0.04651799893216287, -0.007894257595677976, -0.02327812245523928, 0.04756360642383194, -0.02486336052003929, 0.0618683157146558, -0.005052696287747716, 0.011833309828951285, 0.08937989423573295, 0.023178696926034793, 0.0595306764895152, -0.0032337117365745854, 0.029706853935599634, 0.02450890335947559, -0.012214644556625404, 0.08217910013861875, -0.03765238614882746, -0.05345188589925368, 0.0319820316194262, -0.021466453242237178, 0.09482166220154861, 0.03996253651628831, -0.05587915631926531, -0.012673015022658054, -0.002518847662177366, -0.013815205374241987, -0.036299852519397366, 0.02360397838413996, -0.031876954126427076, -0.044032824837743775, -0.02685016705889047, 0.005530158830506596, -0.06321248535575477, 0.05440633985724641, -0.0748187201278374, -0.05210267815609808, -0.022135739825533914, -0.11493854638181528, -0.0834844474712605, 0.006445217545848653, -0.013432093600881016, -0.02647394068417477, -0.04313818359447265, 0.06267564931175877, -0.01681888823937643, 0.04871444961156559, 0.045715344965249864, -0.022648550165968995, 0.03569167499984075, -0.05284192390214302, 0.05030509431264626, 0.04533383258810164, -0.11991924521136946, 0.1406592276188754, 0.018776493164901435, -0.03497976371785678, -0.0038573651710398383, -0.010399568387790183, -0.01007047561529468, -0.0026208079601232567, 0.08373270412034049, 0.003051308364371216, -0.0012031447700542991], [-0.03431144952575142, 0.04300105159441956, -0.029259449782549442, -0.012660373877293142, 0.024294436233977597, 0.3949504191686488, 0.04720312271598202, -0.011797800308692328, 0.005941982604769584, -0.09706956481838051, 0.09406839747605696, 0.019701887454163135, -0.05539781793587543, 0.012459700683866655, 0.005894870870566779, -0.00857688384546748, -0.0016336809818695412, 0.005705880601804867, 0.0009509265837688667, -0.008437609828452852, 0.013127148720292931, -0.004345819109579578, -0.01460668559148462, -0.002983189940657419, 0.005858118408721209, -0.0005886141645738169, 0.0003779225427896068, 0.008801248608840769, -0.01027988604504571, -0.008048327785481604, -0.00019704423529383352, -0.025152876286331685, -0.019657425676691924, 0.009990130973330496, -0.049416983615933684, -0.018017493494178225, 0.01673036516607043, -0.03340874705678598, 0.0023980242299046135, -0.021189302403319663, -0.001775398836867967, 0.019295367307613366, 0.020000205295459626, 0.015834547413624875, 0.031403509767896104, 0.010816202457312908, -0.03527477549390269, -0.0049347902436059346, 0.00483027577630705, 0.038482451101598134, 0.01651669914700348, -0.008555094110527349, 0.01287672117058579, -0.0033320129018228344, -0.005628143020771482, 0.036836500430512606, 9.992326212912772e-06, 0.026091720323796756, 0.02883363876030457, 0.021733066004038702, -0.010302083501563425, 0.041234753897394616, 0.0046822320378554685, 0.01631999105147142, 0.051151835476786, -0.01570715743173892, -0.02181967672324395, 0.0159040307371118, -0.006796353114028654, 0.04197580245925771, -0.005735662120643573, -0.0027287379624575323, 0.02745091447712877, -0.00490067857862921, -0.000602661324546053, 0.0032447181370657985, -0.00020344331818722826, -0.01259436755359052, 0.011632972014884462, -0.021708254237966088, -0.02309340913441663, -0.006956954337125946, -0.022531124493708466, -0.010846824740248735, 0.047952427723252186, -0.003911463295410693, -0.012673768534958678, -0.012787903668652898, 0.02491315636445588, 0.029154602831502563, 0.004294460769575306, -0.0028621774776811043, 0.02503344908116421, 0.0017191629379688285, -0.02168225425353325, 0.00395036183006208, -0.047015571692677366, 0.03433693239031121, -0.020632935598454027, 0.0006014858989221489, 0.0016243101301139549, -0.010281904938112265, -0.01623575160959032, -0.015011047170999907, -0.021469559327195072, -0.04328612450247305, 0.009688541970696072, 0.03356506539560011, 0.0010198660199973676, -0.01633499002567785, -0.0025417977919007244, -0.05490218220025378, -0.0013615732762936549, -0.0065451699751368, -0.025942377836373126, 0.007584983497556575, -0.003631817091613197, -0.018813824912227932, 0.038698676961816975, 0.041679954866710806, -0.003593419319106697, 0.0026630277519061572], [-0.044997343126407095, -0.02026419528793992, 0.00772983368521486, -0.03420894949947937, -0.051677074438445804, 0.04720312271598202, 0.9884494987454416, 0.020428806017374988, 0.009332437119973868, -0.012543562274054768, 0.01589477926242278, 0.010737475659575486, -0.01100887351336292, 0.009061469420451, 0.010167538318500828, -0.008320150702395085, -0.005819897236367957, -0.015706929276073724, -0.013051958742861572, -0.017324541291662165, 0.008875256892549477, -0.0007063618238071989, -0.0013715641486752494, -0.009426764131914626, -0.0035330606822485005, 0.0023846770872685127, 0.010665466554792526, 0.011887436330431548, -0.023322465770960615, 0.020600327594246085, 0.06169216664022438, 0.043110564574367655, 0.01297322232031213, 0.02532977392093969, -0.044322509752321895, -0.008851467907787356, 0.021551799249523867, -0.009041809671698613, -0.014217916497095808, -0.07374249555777752, -0.007054043438555988, -0.04185322957912848, -0.05112969812905599, 0.03173437146411495, 0.08561595074187686, 0.03307318634029, -0.05601162544764719, -0.0005539961064583871, -0.03048315803716467, -0.04731057981473391, -0.07441302606070621, -0.002326995801188873, -0.0024098042141507603, -0.003191980249124771, 0.006037807155578648, -0.010370529418094127, -0.00454730523130679, 0.0025013331111957415, 0.01169264311801203, 0.0278394257308552, 0.004186763094703382, 0.09887819373029415, -0.058203313787291634, -0.0027251055732477793, 0.06170346707013219, 0.005331778476918951, -0.15268697555261576, 0.1592149324863113, -0.00995203038590421, 0.010228366551597022, -0.03387864709038328, 0.01730324581174707, 0.050765848843907925, -0.041635206445243815, -0.03237229268538748, 0.051787820030587794, 0.008284216772915132, -0.04510287284601822, 0.019569932941399533, -0.01027428468026145, -0.053645758562832664, 0.05188518912329517, -0.08420753538704864, -0.022094048797718573, 0.1308589978789276, -0.09111990328274673, -0.025774419498960005, 0.0122045931612638, 0.01117831416184157, 0.0633985950345455, 0.07980705566998646, -0.012267063323433122, -0.03915845740779994, 0.003999226997455988, -0.10630441153048069, 0.04360923668770379, -0.040498533591506486, 0.022678321910909047, 0.014467385654148594, 0.13690003241825327, -0.02631662900904505, -0.06485511866026353, -0.0657387138207709, 0.041089304845018826, 0.06472487025328875, -0.014586596117599167, -0.01587268274015229, 0.010715339373720037, -0.023375591967307544, -0.014342031606644679, -0.0026402406586242626, 0.004798469372418165, -0.0798860874690497, -0.019814771638343175, 0.09813522687820064, -0.019412326421308402, 0.006392150455210663, -0.08400090211565825, 0.030003968759542112, -0.0133608604485282, 0.00042655175980139173, -0.0022412237639797172], [-0.013729949658606917, 0.017657345297048828, 0.012686808418675517, -0.03766660142822673, 0.02800035777629687, -0.011797800308692328, 0.020428806017374988, 0.9739526525164879, 0.0017249892263532806, -0.04925629987542008, -0.014940424355481595, -0.0017041419797883491, -0.1292036370029341, -0.0032181028304220246, 0.021015629528969404, 0.011950324388691811, -0.007171882647196478, 0.018680210462831814, 0.006860430051400289, 0.022882871433978557, 0.005426203228900734, 0.0003353243026717982, -0.011264765032720187, -0.006023876188960944, -0.019687741341390758, 0.003851845212850928, 0.006022840291284696, -0.00668098376187197, -0.003897562804984105, -0.01606793479148172, -0.022690905689007525, 0.021304027637627336, -0.030246734847346243, 0.020794795837260186, -0.006711245927638871, 0.02768471614739215, 0.0017359920849504985, -0.009803830949088788, 0.01144867736461699, -0.024654443419783977, 0.050225772492451796, 0.010431960767263711, -0.03249075839365407, 0.014839726469357049, -0.0803713630610457, -0.052969933768459175, 0.0002830006372002846, 0.017593302250994862, -0.046581272222813976, 0.001771611760198292, -0.061698849375762393, -0.02488884613064994, 0.10467864080721323, 0.008881448629605769, -0.09614850687163165, 0.09478836067885693, 0.0044903640060025216, 0.015246998651245977, 0.013166072778034629, 0.014762571849337788, -0.04007309909776067, 0.04169860726733132, -0.00013552229992914473, -0.007724060074107564, 0.09812001480407564, -0.07824740234476507, 0.018224799993946505, 0.05628458476990536, -0.013546518899317116, -0.010047055733236472, 0.055476260312355384, -0.008792470539292016, 0.030344981217681973, -0.001485921168623381, 0.03719063472148688, -0.00838813364128347, -0.0718488114806687, -0.005346896621108841, 0.024005619942409746, -0.0013612194038971858, -0.02484497991888984, -0.11264651754340788, 0.012335778820941218, -0.0027840926220287798, -0.03510626443663343, 0.010555724956149926, 0.0032996660028166993, -0.026687011036933894, 0.0035093323947949953, 0.0012837967129673724, 0.01733090332420539, -0.04263845202590614, -0.010074200479968754, 0.013303643655718468, 0.03743374901898542, -0.056926285095121126, 0.028345734955381893, 0.0013905049574675784, -0.01689934750372301, 0.14219803092851444, 0.006578616938561506, -0.004349667594022086, 0.019033516459333103, -0.04639008866303229, -0.04801648576745623, 0.0011645107565716399, 0.027059433205837546, -0.003818983589499395, -0.005481837323804803, 0.080760821815334, -0.002128476733158309, 0.018891643380087787, 0.0060480736128800516, -0.011323784793940072, 0.025963636507683244, 0.026654939764314687, -0.006270433659820953, -0.1300743866047911, 0.03578692246535462, -0.03672752784437028, -0.005496968715059157, 0.002487619838044391], [-0.02081701771054867, 0.02816454502480117, -0.005988702849428095, -0.020039689298608457, -0.007681514134110102, 0.005941982604769584, 0.009332437119973868, 0.0017249892263532806, 0.0568705185406335, 0.007217805860920531, 0.00791872260383533, 0.006331869726805857, 0.0034566653251051713, 0.0009276834355142749, -0.0008652288501493565, 0.00032580619086890704, 0.003838702806271412, -0.0008152422813547721, 0.0010234402434430728, -0.0006536592398413197, 0.0003254456978004488, 0.0038445084973279652, 0.0012960166533980805, -0.0017972063530877064, -0.001632104078315954, 0.0007018063966670529, 0.00043350604026803734, 0.0013756969498557752, -0.004416192543181931, -0.0008691042597967526, -0.0030738072068905572, -0.004553372775461375, 0.009752516741126234, -0.0030954010504869404, -0.012779748161742011, -0.018045949634915816, 0.012550317159298708, -0.0019809050359708303, -0.09346537249729539, -0.00942325563670622, -0.009437391952977072, -0.005721980454627759, -0.01579061595861565, 0.002855858229558832, 0.005345840514110822, -0.021062180298427432, 0.016142468684319154, -0.004607144042463652, -0.005726504934833687, 0.010048758209655626, 0.0008493507953742108, -0.006408032409602795, -0.0021830178796075767, -0.09076906882362343, 0.014912440465491013, -0.0018381873570466303, 0.001769898042887536, 0.010416391146566962, -0.003963371982418881, -0.009226401749090727, -0.0020283323593436506, 0.005660034015393445, -0.014753549945033579, 0.011830374868535111, -0.008021001065358316, 0.02251026885378696, -0.023102585506718815, -0.007882714472840533, -0.09092237145860942, 0.0015633426991192938, -0.0015576778444075891, 0.0019060909333617104, 0.0010690885102806803, -0.0002176565699173266, 0.0022858805356774613, 0.01032179627078255, 0.010858756920326128, 0.00023013805167911475, 0.01215848624720431, -0.0032477917199176284, -0.0017816184179298895, 0.002342483158173298, -0.008188641045617612, -0.08719683241430236, 0.013735629221277048, -0.018871052683344946, -0.01142160667046738, -0.021012891486481725, 0.0061344859361957505, -0.004549603966631706, -0.008453618928858903, 0.005872138855955422, -0.0012015411164010977, -0.0013433050760085308, -0.0003913794806122772, 0.000799690999226211, -0.0005968152350978976, 0.0018848880482073092, -0.08801138930564327, 0.0016841055029673496, -0.004982146479161241, -0.004650732041570449, -0.00754957393975965, 0.0006497633546806691, 0.002466943578100155, -0.007524556388501089, 0.007912702664367584, -0.00873455851357044, 0.006651806732100694, 0.0032496268022269245, -0.008984069180465683, 0.013003424952660759, -0.02556091090227965, -0.09680771013057086, 0.017510508293276904, -0.012342543591326301, 0.0003528698525948131, -0.010951587957281761, -0.006427430986439717, -0.021758670684748488, -0.0005650716283442411, 0.0015902566476669456], [0.010155672393529493, 0.03168509015262238, -0.09664302277685215, 0.023277854776321025, -0.063137263296144, -0.09706956481838051, -0.012543562274054768, -0.04925629987542008, 0.007217805860920531, 0.510935554692336, -0.03378346158944341, 0.015722498377431768, -0.038561442859393835, 0.03692615173951981, 0.0200614159517611, 0.005883063067474168, 0.007082686895451989, -0.0072394779428532705, -0.01575859131352921, 0.014661560405319534, 0.0012427977601094362, 0.012973862827971139, 0.0021874618828718224, 0.01117921398278957, 0.03144443751512836, 0.009544388937375501, 0.006130854682392822, -0.023142782785258005, 0.007368007106780242, 0.00197140715249374, -0.03995531560853881, 0.019361325691352706, -0.025933074270536687, -3.306699591116246e-06, 0.0007653402037642511, -0.035889414407062045, 0.033895275555065794, 0.0010045308711687994, 0.003030629210787415, -0.15176836982623976, 0.020604646119190204, -0.007159679377239624, -0.011401776660482246, -0.010389588798706852, -0.019798615440800013, 0.05358567655183905, 0.00076998225944533, -0.06205348126501131, 0.07318476754455867, -0.012426380047775614, -0.005595921132047571, -0.06339047982976415, -0.041578025381250314, -0.00585046875390178, -0.05861633367115838, -0.08563222186176518, -0.008594567520336464, -0.018558107670059606, 0.01728894699494974, 0.044800014739027574, -0.017550961485352217, 0.01827034251900709, -0.06686469602095425, 0.020634801591451236, 0.02612930072230148, -0.0015650561849580458, -0.01287760756841511, 0.005083164881489655, 0.004119361393009438, -0.04280527679706533, 0.005914156810508811, 0.005180525483377439, -0.016188609898549776, -0.024332490296987606, -0.03892241694985274, -0.02709612655760201, 0.02136892343606459, -0.033059679290126084, 0.029830692155589155, 0.04792350128315713, -0.027819500253576573, -0.05680129684673493, -0.01397021685722088, 0.00039571948455917013, -0.08723917442182662, 0.02830447688518417, 0.031525781258250854, -0.011452313474135301, -0.015982948308239656, -0.033267334563761825, 0.01531387162022885, -0.0239160914159909, 0.007197795373729967, 0.012921806637146344, -0.01861873927477229, 0.018163141179018814, 0.07147221270945284, 0.00461572582263924, 0.016871674736167148, 0.005455200758886444, -0.04905716369658639, -0.02661716746079411, 0.028728057279524124, -0.026918997074805797, -0.004090911255101551, -0.0186475623267849, -0.020971765473894663, 0.02664465252351684, -0.004680197139268011, 0.034424384223726595, -0.04503926345824054, -0.0054111621356473065, -0.006986801229125887, 0.011258636614805341, -0.1069010621516672, -0.01614914125319058, -0.006860488893668441, -0.0008350718956792523, -0.034113423683367596, -0.030554622921885728, 0.003266118788372842, 0.011627389308622706], [-0.06367844423434484, 0.024779122533214615, 0.0016425004523621671, -0.05253304884877985, -0.0007410404365047004, 0.09406839747605696, 0.01589477926242278, -0.014940424355481595, 0.00791872260383533, -0.03378346158944341, 0.11178554592900129, 0.016873034957723344, 0.025025568083279316, -0.0015851456909529078, 0.002978575912927592, -0.007732147581999712, -0.0035390296551406786, 0.002206912871877421, -0.0010028064903127559, -0.004955811484336808, -0.0012156003835992056, -0.006545538685345277, -0.01187979527112739, -0.008569126440388585, -0.004166400126221745, -0.012412677115054309, -0.0032243575865857827, 0.0024835186449061694, -0.004661213447129909, -7.022612861044527e-05, 0.004946604245951549, 0.00936473238756741, -0.008982084138528098, 0.0017372106204613668, 0.0006898134480185042, -0.004578215318249168, 0.0026227063989161256, -0.0017896251125237906, -0.011695151130702113, 0.011643150946478392, -0.09663130327402333, 0.002808605089540597, -0.004533370816519547, 0.009976953681949318, 0.01740054171754731, 0.02204197970623239, -0.033237434801137306, 0.007679169513573878, 0.008273827842522343, 0.007676096353759837, 0.02092613319828181, 0.00999581918421963, -0.003097737822641512, -0.01670266139302421, -0.017883842228539476, -0.07038556582932759, -0.00865374131420968, 0.018673026140189918, 0.007533551905842251, 0.012673620521044251, -0.0020514268405479527, 0.015296921541477734, -0.010713524072481776, 0.0026635983432701854, 0.0032688889521470107, 0.008569423835573055, 0.007816037293257319, 0.03252179796649642, -0.02069140149706525, -0.02903334699948578, -0.10012261741867967, -0.0028777134097642326, 0.010373313969683337, -0.02227987488644825, -0.012680873312552233, -0.015452895112640254, 0.025438289931536663, 0.0032472326895368513, -0.01126747940973936, -0.015999163024555934, 0.017086342063726907, -0.01914218663032584, -0.013846536061665925, -0.0064910413013229366, 0.006804295149800932, -0.07946389836587019, -0.008472104923746846, -0.035296231278234926, 0.026317362714576405, 0.010394214509920547, 0.009078126828755313, -0.011278254277746405, 0.007347219739309623, 0.005154500123750968, -0.011263291668705782, 0.02026681119877613, -0.03169618326999344, 0.019661923485266092, -0.0025818857004340757, -0.03443604694673605, -0.08312345331681208, 0.00508675462280099, -0.019119506776797978, -2.27360334524319e-05, -0.008883622512642965, -0.03852664686983584, 0.001698267614313738, 0.0005587890407577231, -0.024797116737407487, 0.007295894015939778, 0.010250852159749135, -0.021772772685587454, 0.011100443252793841, -0.0023078885648790816, -0.016392225608842143, -0.09182357117105033, 0.0043940349780493635, 0.010723867208387217, 0.007513943136003001, 0.010911579144552106, -0.0041068635314544235, 0.0020035308946410708], [-0.05687237503190653, 0.020949937118582534, -0.03725124492533502, 0.02225140061191466, -0.000692954600943267, 0.019701887454163135, 0.010737475659575486, -0.0017041419797883491, 0.006331869726805857, 0.015722498377431768, 0.016873034957723344, 0.17395169740725497, 0.0023924375594425356, -0.06011662221607507, -0.09729490115384637, 0.0028852925168194564, 0.0019192549989872631, 0.005263538822987696, 0.000723394515954505, -0.005733668355123677, 0.00017360875371143025, -0.009569432143569999, -0.0036785166989299913, -0.0039138019750649825, 0.014376181938582778, 0.005744121992967013, 0.01737345556472641, 0.007372795476378878, -0.004469911246036576, 0.00928919461745021, 0.01897887650191869, -0.015846871000898006, 0.0031734513518755026, 0.003302732798830644, -0.015395353528958378, -0.008376281680838494, 0.0063030444628755814, -0.03465956867726297, -0.005546984462379258, 0.0035235493111220573, -0.004848326556658101, -0.13225035460785625, -0.002438423593561008, -0.005808628345636825, 0.004197830339063216, 0.004328699118866091, -0.004556774446358053, -0.011507605575114455, -0.009074925478675768, 0.04231212847721457, 0.014712946579780107, 0.02491361683366604, -0.009986863192875318, -0.0035928233106339476, 0.03242342282772837, -0.004100027271231301, -0.1265926803996427, -0.008793894974897886, 0.002468080932013003, -0.013677757221225493, -0.02396227869929255, 0.0373813382930214, -0.041752910742951, 0.03262920506027, -0.03308960791055167, -0.00559639351014684, -0.028568192384674243, -0.026629398938407125, -0.0005817637857101164, -0.008747211680511046, -0.022105463191883664, -0.09828467030957092, 0.0014709776406971865, -0.005522312166198994, -0.06252711831298939, 0.026396268932780572, -0.01072658132018547, -0.018618601228466196, 0.03610688351581419, -0.028348174857501303, -0.004587861011689129, -0.014696025719296612, 0.009041377860358878, 0.0012451159273040822, -0.008167726008519222, -0.026234903874695344, -0.104632596901987, -0.017386648663736487, 0.0022199921164483146, -0.04802560960684014, -0.0009685418775850473, -0.026236345911209293, -0.012058145239544639, 0.010969970852743574, -0.006303680670394246, -0.0047444953025224165, -0.008028925577675854, 0.0088798649155922, 0.0001939399850342707, -0.00981815348031969, -0.01841065083796781, -0.14807113277740996, 0.0007134015890617284, 0.004120663775996054, 0.030911478942621064, -0.0061354758010559, -0.020015901877690773, 0.01016603394801147, -0.02421981897038758, -0.011234146340588533, 0.030732147710493558, 0.05933043549526592, -0.07587071116717219, -0.003875827514977799, 0.020716695149609943, 0.03104869880013387, -0.13005220182842794, -0.01796520338033983, -0.013609308555248906, 0.014206363616206379, -0.0055164211716503125, 0.004035433777318656], [0.003294056588956309, 0.0039820781081050865, -0.02887436501804369, -0.00017328430861525716, 0.03821189336649892, -0.05539781793587543, -0.01100887351336292, -0.1292036370029341, 0.0034566653251051713, -0.038561442859393835, 0.025025568083279316, 0.0023924375594425356, 0.6359492989542359, 0.01277831131635463, 0.1167834934881906, -0.00031393855776687526, -0.0018562987051449443, -0.0033889660216460094, 0.004737029809666769, 0.010837193958311146, 0.0019659798495811325, 0.01992275014197819, 0.00391874341992528, -0.0034741473978307917, -0.002814254030466663, -0.008223328542916939, -0.0017159132918318314, -0.011486884962006599, 0.0008967605613678588, 0.007126470015410341, 0.006596130513466347, -0.005470495764729786, -0.011202222742941836, 0.007101583565420239, 0.09421753992346873, -0.02455389322852654, 0.021477769368482946, -0.041346945931979524, 0.0047753752673540826, 0.06667052217026143, -0.04891007502868658, 0.012280080164780818, -0.025781788458466615, 0.0038949686403467704, -0.005965501388997156, -0.030004295288282332, 0.026387436734397203, 0.007955635882507887, 0.03003938792036482, 0.0172870461128732, 0.0013850107895296705, -0.05271510347974048, -0.08179058732125227, -0.023700067744475816, 0.03701356568082874, -0.05945271470986774, 0.00401249436102433, 0.038576779549945955, -0.017140426718011522, 0.015122981817132813, 0.02506918914662718, -0.006424690615997836, -0.02169448223771708, 0.04848358591191184, -0.07064578881960282, 0.02838035858973861, 0.0737705219146707, -0.028518813608876373, -0.011344545360045956, -0.018234622500694915, -0.02628212103349606, -0.009589263198843007, -0.005970233328094869, 0.014234068914434881, 0.04154936690654825, -0.024499902218967223, 0.05757992932255259, 0.03544453562678169, 0.00047236132605724183, -0.02507387450370247, -0.005185172068992956, 0.0024342208520399897, 0.06462704203948055, 0.020636283173863856, -0.050120027689858106, -0.03655436528951967, -0.0019753504548336467, -0.017685251637543815, 0.037739229730225816, 0.048220957811705836, -0.07963199982075375, -0.024321302461492895, -0.0420660320603061, -0.008436123628430056, -0.010150001052317795, 0.009366801003599125, -0.05684922370759648, -0.040425211373435514, 0.024406758025077784, 0.010084388116462515, -0.04172965462603374, 0.026064385374163376, 0.0319139199598385, -0.00750662183155559, 0.004592488095828115, -0.03839336363011271, 0.028007834304688575, -0.04590678797565704, -0.052285207082925715, 0.04516800870907752, -0.022731543061233418, -0.05673819132427891, 0.01698570903622384, 0.00064374477862165, -0.039603544849166665, -0.036277216533435304, -0.02327871295859297, -0.06439574865786565, -0.0064000131456134505, 0.021374765439504465, 0.00542624429752683, 0.0057204395101262216], [0.012742553483577019, 0.015052178430413588, 0.028679392836566436, -0.06288363112668047, 0.0029592965361388457, 0.012459700683866655, 0.009061469420451, -0.0032181028304220246, 0.0009276834355142749, 0.03692615173951981, -0.0015851456909529078, -0.06011662221607507, 0.01277831131635463, 0.11695469405411038, 0.15843732320028178, -0.0026607783247835294, -0.0013236518005607207, -0.0007422719893320309, 0.0017856947920616942, 0.00978888019825072, -0.0017457636623204975, -0.002295629260361341, -0.002422437843409809, 0.0019650591546288643, -0.005511743565710719, 0.00025518079094537764, -0.003008209512395575, -0.0022129388105184443, 0.003100385598512994, -0.0005264977379003045, -0.009121105953543578, -0.001298212819013616, -0.013626677627103623, 0.0009089142476537557, 0.017963321389841875, 0.0053363271346430746, 0.0005141614277412731, 0.003683115988129408, -0.0017339925471062908, -0.01605779587744895, -0.0036255988139088876, 0.0077299869073885535, 0.007341476083394901, -0.019533816929532107, -0.004304147043743061, -0.00462216183665176, 0.003590105263538445, -0.011849627889377894, 0.001201660784269766, -0.0034757883080172606, -0.0033906825038578477, -0.028501730316685684, -0.016989544424694903, -0.008012261796093184, -0.020746510906007303, 0.0016095744269059898, 0.004512611263481995, -0.031067042723160635, -0.04751375412817111, 0.009550673144150366, 0.0012658617670624132, 0.028715452849576988, 0.017763861870213775, -0.033057838968475466, 0.019161567593369053, 0.0026100889258100666, 0.041410024946190185, 0.030071828691279806, -0.0011972348582804163, 0.017129123686217967, 0.022713957594525755, -0.029721862709375754, -0.010565149813568469, -0.04925387867577542, 0.037670033812013295, -0.02952210892195775, 0.0312108726563603, -0.008783269418460679, -0.03004693349868893, 0.028624010184289003, 0.014680396970830656, -0.022819149872856173, -0.026302784214306252, 0.007734306510586804, 0.005079185156597331, 0.015573486469374483, -0.009441414337150377, 0.005055344943376413, -0.05665278099083866, -0.00026856731322307567, 0.03460925217794404, -0.0012561858827476115, 0.02237663343451808, -0.023743717448705168, -0.006368219143282944, 0.028420499819046242, 0.002617168771330169, -0.01289492262090747, 0.0036595072512980373, 0.024626501500905732, 0.003147443777220412, -0.03026498604056275, -0.0012867554361925845, -0.05840817958692077, -0.012611320423912168, -0.012507276907571977, 0.026995885282769864, -0.014222640345264444, 0.0022298266088686992, 0.007623240479186827, -0.019770514458663662, -0.04655789599767314, 0.02259297359031984, 0.00215049932894239, -0.020364863920597564, -0.034564682897125325, -0.005463112894842755, 0.029092665536743022, -0.02901791810643052, -0.047342707259772784, 0.00612003093541249, 0.0004020463464437584], [0.023453107062511313, 0.023501104605589917, 0.04480101503781753, -0.09998773525333426, 0.004037418329060202, 0.005894870870566779, 0.010167538318500828, 0.021015629528969404, -0.0008652288501493565, 0.0200614159517611, 0.002978575912927592, -0.09729490115384637, 0.1167834934881906, 0.15843732320028178, 0.2692076969596678, -0.0016393233208034145, -0.00308790456128851, -0.002077357562808665, 0.006155050164794995, 0.01512507008676432, -0.0028707668835387715, 0.0007478295916694449, -0.004989164538397219, 0.0035948613042347684, -0.007544247799286071, -0.0033862019264155915, -0.006808618363439521, -0.005764940172952635, 0.006483154874899304, -0.0021116926070840285, -0.017107305762976668, -0.009046564346192634, -0.010186489383756176, -0.004610270425769208, 0.043789178674454074, -0.002933582240032753, 0.012062279783775475, -0.0029397917064749174, 0.002278808210164564, -0.005896634207313277, -0.020303011370961407, 0.013950310731510568, 0.024498846441375604, 0.0387147782150699, -0.031194348453516308, -0.017375241120613404, 0.012667474646970552, -0.005687772604475994, -0.004607260287328715, -0.015982175368950424, -0.014873057265190635, -0.047980413801330946, -0.030883212831037968, -0.020126776858149044, -0.0329837479354283, -0.007523666043615897, 0.002381628346371805, -0.027699511609203125, -0.018766703061427203, -0.007348769678012994, 0.017902053937881985, 0.030379686548857407, 0.0125611321538222, -0.03346383977611422, 0.022578814892152625, 0.005178475444739117, 0.08825351810289678, 0.03496025477706366, -0.005174623791205821, 0.007331174238460881, 0.020079658199797273, -0.050494393225088086, 0.0005632589987463923, -0.008683722895545837, 0.03561661290421021, -0.04817850092685364, 0.05083546637203078, 0.0046774771470745125, -0.0439312845130643, 0.027214085974213736, 0.027776523820631675, -0.03548488890780313, -0.02138192444839044, 0.013760179671269596, -0.006523116616597008, 0.017271