{"inv_metric": [[1.1465865984942833, -0.07453165235427349, 0.011805320930584067, 0.010762380179307928, -0.0006458773521024721, -0.03439221084623631, 0.00133161832661615, 0.005857919346169772, -0.10694737560028289, 0.020347686674478987, 0.030439845019157617, -0.018913848045970585, -0.14565415499279993, 0.013532235665657857, 0.041736624740316156, 0.0008805698865228996, 0.0035165869887745995, 0.011043513423117013, -0.010999231542674149, 0.017875183394032726, 0.015908892190497022, 0.0015863139280621933, 0.008926362037038244, -0.0021961749708062066, -0.0016412081147226742, -0.001702727059985784, -0.013035335821914332, 0.02914486746007062, 0.00015052433381893167, -0.008683870856840437, 0.14426929049080076, -0.03179655189094089, 0.03885828862714657, -0.011288461129623836, 0.05135018657172669, 0.005510328869623515, -0.0018280327593011843, -0.05854964840657374, -0.005917037048393749, 0.02353006595577626, 0.11900754154221589, -0.09691850891548373, -0.03228563341276152, -0.03672996954944262, -0.058415993139593114, -0.0517390302955301, -0.024608186770485225, -0.031095784253234077, 0.03296209577478064, 0.0668764546083636, 0.010422960772458384, 0.060715189386226644, 0.08584808534692154, 0.04334805343134673, -0.05265361995365934, -0.047236704297844524, -0.009088680413221471, 0.09613931128810262, 0.09424471747084524, -0.16623884732473168, -0.024543202358614853, 0.0990745821407974, -0.045728931235867194, -0.00026286060740683345, 0.013651066571474095, -0.0704131359574303, -0.06161521383788548, 0.07411688475307107, 0.027673003407123604, 0.007542813326872016, 0.04599586694960689, 0.053670034450733976, -0.00019118709274501308, -0.0573365513403447, 0.027787207238837642, -0.023846126359747314, -0.024034308971945615, -0.004270407356769066, 0.07931268869500022, -0.001818596694906252, -0.013097044124048603, -0.010361109512385322, 0.0005046267874013687, -0.06864451702280303, 0.0721932236703598, -0.1017337132380862, 0.1157798268135107, 0.030918177858038787, -0.09745639588194258, 0.17786300232669539, -0.09641749705745478, -0.07542036848031354, 0.027137183151601747, 0.053333060886230826, 0.015029777208158339, 0.09311813502536566, 0.0012742650749939632, -0.043234304459766455, -0.05774453512732869, 0.02978155657006557, -0.11400067521305815, -0.026448810148370083, 0.01854070539147234, -0.06727982120757578, 0.052049267941596714, 0.08269608340913841, 0.056548875343877245, -0.037506554630760865, -0.027480159086564065, -0.031216163710978167, 0.07755815235322422, 0.12586243969888264, -0.060013419500778986, 0.034048647329917435, 0.07894157218971164, 0.1212313716166851, 0.11429983782574601, 0.133115639795911, 0.011689123640931337, 0.014718887117887533, -0.0036581783989291946, 0.03660395193130939], [-0.07453165235427349, 0.7309658213783574, -0.2712927626222442, -0.29428607470891294, 0.007114255298346917, -0.02971858370649894, -0.004231526339684756, -0.008014277343507837, 0.032952339392697406, -0.03235297753235244, -0.13601940955713543, 0.011707643742127126, 0.002152909787837593, -0.08087411556396981, -0.02206646430152897, -0.008079101242474592, -0.008132250046672234, 0.005697043796064145, -0.024637397808323438, -0.016913026969742048, -0.0009625350818975086, -0.02858028430710764, -0.005657684706347633, -0.0012153571733461005, -0.0021822649580909193, -0.010513420299725372, -0.010263968179636903, -0.019107466237323206, 0.001967709329837569, 0.00976103645628007, -0.06392212350083616, -0.039001747053590906, -0.04140461951130592, 0.06919007234611317, 0.011928569757955275, -0.00990230715218804, 0.035256128566410576, 0.025224922782185057, 0.06999949761976253, -0.0656218846635385, -0.0635189645985476, 0.05688333638747488, 0.032797251986544984, -0.06085578061938199, -0.05399692827405884, -0.019674140896833118, 0.006929579293850554, -0.019198437452331883, 0.044626735283721054, -0.04414507706125677, -0.006883039522608345, -0.022868184146341747, -0.022267299063050104, 0.06994966144181437, 0.042989617501495395, 0.009430104105113035, -0.06613054360134779, 0.0043347645674838295, -0.0571313221661523, 0.11440532837933037, 0.09953553159399543, 0.04438274352561815, -0.06633383208010996, 0.012186415824313606, -0.002949091281225818, 0.010148691583269148, 0.008946859052046691, -0.04559079542958459, -0.10478159596426913, -0.06912579800686826, -0.02627079916435569, 0.005261351502093874, -0.024670200639074373, 0.049687825659745104, 0.060440465865801915, -0.00785966199509222, -0.02520929640450916, 0.002523333115711323, 0.021252824663453154, 0.01806920445038547, -0.0026209403427505202, 0.07088364480204631, -0.026226641541145526, 0.053526103159677846, 0.0515066675394146, 0.0196495266127015, -0.0438664345161166, -0.053833475572023275, -0.0956750981304662, -0.07194820470582393, -0.0016225014648212268, 0.030475716386812717, 0.04516516358766871, -0.08111583842181838, -0.04027799798995831, -0.008933228233185467, 0.07658017145487257, -0.09558459937404848, -0.06853450620360757, 0.08338000036378582, 0.04582944033603739, 0.0017986783140057031, -0.047198054598538375, 0.024269434663431726, 0.028826311413289774, 0.09414223215295411, 0.030403932200743455, -0.00926567640562538, 0.011202388614138845, 0.030746815434408974, -0.022080015480315365, -0.054799273105797186, 0.029115312098613077, -0.10248496295714737, 0.03917040305638198, -0.045356622521543835, -0.01925240980275989, -0.04250803685948476, 0.0906227963746599, -0.0418490279718392, -0.0038338593039143384, 0.02096281146932386], [0.011805320930584067, -0.2712927626222442, 0.6998968607816967, -0.23005461501768387, -0.03020876368012055, 0.05158808669122081, -0.003013573737718732, -0.05251987596558348, -0.038057674732383466, 0.057043696802908314, -0.05981813960961146, -0.08027468993306618, -0.07959208972021256, 0.007108666052820608, 0.0017629344479030418, 0.00535736634371046, -0.009569247451196227, -0.015183471118020042, 0.008046281882354513, 0.006602207370965315, 0.009337069876096936, 0.004960605458702808, 0.007112145078853638, -0.0023956998557756104, 0.008092510473831888, 0.0051425882981018705, 0.004764639995670773, 0.013265966996919456, -0.011740568724504005, -0.011323678755940302, 0.047273740515327296, 0.0878115609550046, -0.0011980035473106668, -0.08097711743114872, -0.0717580190690661, 0.05525682601288221, 0.02178067783352908, 0.06483084385275223, 0.025312067293507785, -0.004825855334740749, -0.009884875994584529, -0.04361409438584172, -0.010065267782185217, -0.039781961384327255, 0.015744731994071382, -0.009884070676627983, -0.05032678498574165, 0.07325710322435099, -0.05694331924595748, -0.11523342413368462, 0.020837505960015507, -0.03042895949410877, -0.08887499255036604, -0.0052274320859570355, -0.04447284386573122, 0.005155733426227612, 0.032926118920620515, 0.0034192881544339105, 0.021452536511942434, -0.08067065834207009, -0.10702179424258178, -0.01624797661998379, -0.02451659043762776, 0.01305411607988782, 0.007471915867878963, 0.01304942879064642, 0.022218721461038787, 0.03178162794538518, 0.049678160928059704, 0.06723744045258602, -0.008493337494384355, -0.03177555161413259, 0.03923315802354298, -0.053144462810342165, -0.027797994603599337, 0.06544237305685686, 0.06529703155603771, -0.004024127366617639, -0.07850066271270423, -0.014135261550253032, 0.027843249552674955, -0.02310490298417043, 0.017044218843878422, -0.07004964142818018, 0.08134109061240144, 0.06615520383845608, -0.048466097297167374, 0.09357751636833332, 0.009226056528729714, 0.03849669459421018, 0.0019444104864238955, -0.008325755642690195, 0.026294975427139596, -0.04799018314823105, -0.013884574354192112, -0.005344996447384457, -0.027195935991792576, 0.07086998728869531, 0.03590779576599502, -0.013093543573637833, 0.02422297460745475, 0.06783541761923857, 0.026259221026076758, 0.05574065526995431, -0.0587275398440027, -0.09174379805963175, 0.006853143896236079, -0.06815108738080392, 0.01764291375746324, -0.03397552800345881, 0.008989366870202294, -0.03359795557554918, 0.004291807302497336, -0.026668268468245285, 0.01777309707419167, -0.0003011322380862242, -0.02743143135315064, -0.023119880920094916, -0.08583028425249865, -0.00352277278069467, 0.0024689342292018514, -0.01470453745027929], [0.010762380179307928, -0.29428607470891294, -0.23005461501768387, 0.7539977847364013, 0.07246155871912648, -0.03241787974560981, 0.015338152631870416, 0.035194969149899405, 0.06947327373319431, -0.05929004373883899, 0.18043219002826505, 0.08054996581765006, 0.09953643763584297, 0.02529945665507498, 0.01444359769774661, 0.014196176968156365, 0.007319058418245402, 0.015348275881461851, 0.013485833503778721, -0.004113708378557264, -0.0019334440965572974, 0.015016010004815582, -0.003402874203759938, 0.006409212747940681, 0.006383484866323513, 0.009821846602981937, 0.016047009918365066, 0.007248658115739144, -0.013133292277496884, -0.011703828470655939, 0.007917863137836031, -0.04942151157738605, 0.07713317726722511, -0.01703907718612477, 0.05595648238276888, -0.06701801375080098, -0.031834181512348604, -0.05745208831192138, -0.07793122271387572, 0.1304640842816491, 0.089475311375654, -0.02140584274336465, 0.0021936100793564315, 0.05408376710839672, 0.019283242254178292, 0.02186429566974123, 0.01926070983130874, -0.11141110090663262, 0.037310206705860716, 0.19128912219333236, -0.029605966837880922, 0.07775887178645474, 0.09806313961654196, -0.0889288883062556, 0.0029694348409927073, 0.026111726540896257, 0.01685998855776433, -0.019906956240135047, 0.017574761226774753, -0.04702289781886964, 0.014557302935272716, -0.06704179435611661, 0.05662213866887734, -0.01251922703425614, -0.03382117933120361, -0.049819907466733974, -0.0028368421588503873, 0.012939266779283453, -0.007747894374862299, -0.006583561096502041, 0.03454736490306236, 0.029077694544091905, -0.04494301333660718, 0.04704464742463814, -0.06144077129527909, -0.03602214948113793, -0.04716531128239854, -0.015416257838390545, 0.055911637728972355, 0.010889927366031373, 0.04894595992689653, -0.04504338833291313, 0.02273103329740369, 0.10268065798519421, -0.1557537217675238, -0.11152731253100373, 0.07183496756256962, -0.061337921610792816, 0.07590499119001802, 0.021704433475402293, 0.016951054531766232, -0.02210962593846592, -0.07808490162022802, 0.07324732538258946, 0.0698616150890179, 0.02082811935488726, -0.08368125496360283, -0.01993223777879828, 0.07487872218431911, -0.04135785254036119, 0.010380896742544825, -0.07018395360017249, -0.038712495930321424, -0.10725935732842508, -0.024501145373813232, -0.05966163730680031, -0.029191222591808827, 0.09418374862639975, -0.03513211483852633, 0.0024610724186113707, 0.03030335233868839, 0.08207100569230495, -0.021775644277212295, 0.12626047080235242, -0.04568125753803818, 0.03956902885923525, 0.048748622051289825, 0.051116048759166935, 0.040037337954834724, 0.03880868731202098, 0.006135072463773556, 0.019341259618187258], [-0.0006458773521024721, 0.007114255298346917, -0.03020876368012055, 0.07246155871912648, 0.8474198522651899, -0.035671076249509916, -0.04495575153317356, 0.05223566694906441, -0.08760587927768551, 0.011957940647234551, 0.05980629249598419, -0.00022695452155267659, -0.12359093507343794, 0.007040913841803025, -0.01453817606267339, 0.0007035913873341912, -0.0030857949819530365, -0.021445536800084885, 0.0024250280672835187, -0.003404007488894572, 0.0038809241057633347, 0.012823938796733873, -0.00031273579121009833, -0.011844335828198464, -0.001725475780317602, -0.0007133544727973784, 0.0009589507626224269, 0.008621241800838862, -0.0067007041544061745, -0.0017812037690951505, -0.007979835429647806, -0.02158831931133488, 0.006680031693349215, 0.0009021879181000171, -0.12605906103719286, 0.07304192850565044, 0.0409297744330136, -0.09309610479314512, -0.04847729252012041, 0.010953120098586674, -0.08684632384961834, -0.08328887046144141, -0.013564053304629215, 0.04175644968283996, 0.032531774808914705, 0.011419687439879719, 0.013802084458805085, -0.042212791635887204, 0.047343350110446374, -0.0007712709521214383, -0.0547598002573204, 0.03545682248868616, -0.004384857459598967, -0.07685670193057521, -0.03956822006515897, 0.009914634828996969, 0.008991898176704274, -0.12692749871628575, 0.032402810274603164, 0.054807801851117874, 0.03666993769465223, -0.033472113209463444, 0.022937142994196653, 0.007954206816913232, 0.022918606730322404, 0.13637225285599716, -0.0032558775605213432, -0.07371541790201315, -0.02208846424109359, 0.11695481134772502, 0.03664845738393915, 0.02079482278077342, -0.002744980936750252, 0.02543984503267427, 0.050434332531657224, 0.05422589443791014, 0.017352321411364443, -0.07184593626155887, 0.08172831232697013, 0.03460904431295282, -0.07760216367158132, 0.006463276967880104, 0.004868958061424103, -0.010759834658107374, -0.04841936868178101, -0.03916348283649077, 0.00040093843273470575, -0.05101279332319214, 0.07956570163383196, 0.02404370089095747, 0.053718114068559836, -0.07507171851978625, 0.13705738416681748, -0.06067675303850584, -0.02783500103148629, -0.019327225479981947, 0.06290466301763217, 0.0739312168027571, -0.06951115039847013, 0.040130892232206145, 0.03541214518761755, -0.0016075012585892354, -0.04986853065365939, 0.03138538607485923, -0.12133422347601044, -0.029678854399282525, 0.039367661201962674, -0.018820833542415226, -0.019947076142913064, -0.05508233159411843, -0.04786300963577778, 0.14074513352338872, -0.12898536022104878, 0.1260328554802006, -0.028004913635897254, -0.01731769411978783, 0.02976322207896839, 0.08076030565159138, -0.023959098274175895, -0.09126024700108341, 0.00815576847425067, -0.022759648629020707], [-0.03439221084623631, -0.02971858370649894, 0.05158808669122081, -0.03241787974560981, -0.035671076249509916, 0.492171985149354, 0.012998552558222657, 0.0010680903735899182, -0.03664775808131529, 0.025467550270119398, -0.06508792994450585, -0.05178347183384017, 0.019474750183823216, 0.027955880903146886, -0.017389405164812192, 0.015205858906118554, 0.009589164528972289, -0.007220376818480558, 0.011841290298915442, -0.004481718135631076, 0.0009928399977550888, 0.009649445912146103, -0.010618533092641963, 0.02061939275011475, -0.006081092207715768, -0.01702069811445821, 0.013229862621559072, 0.009844079179781324, -0.008782457673672708, -0.004187088768823385, -0.026459915174460655, -0.01968237462428123, -0.006736969461667083, 0.022701768829486407, 0.003471599362822114, 0.022177697891700952, -0.05249118308039228, -0.06512230033863009, 0.10410343904837265, -0.01654627983768337, -0.044606258841294266, 0.048812796287348054, 0.032597224323601105, 0.0013871863371336573, -0.0012244599567773082, 0.05308874866517658, -0.04565425059051045, 0.03599610159888869, 0.007590461387692764, 0.012212174034964144, 0.0018715525391777, -0.01840354878441608, -0.0021346309951296456, -0.12989250308197475, 0.007436618813108531, -0.03891906748138478, 0.0839575242771735, 0.05167520583009701, -0.037352209049251794, 0.012856039149930545, -0.01644697795680106, 0.002140907542407308, -0.029648986348339512, 0.003723751153509736, -0.00028603295515329264, -0.0600707683447323, -0.06328294541307738, -0.012467313689306767, 0.06683654384675518, -0.009352129624907385, -0.030462842246340806, 0.025058518111509564, 0.03634616271156884, -0.03996190385035236, 0.008344394513478699, 0.014077904650263045, -0.004286188573933397, 0.04970771599666714, -0.03234193780506849, 0.012049000356713004, 0.003142513144566882, 0.03817161305746498, 0.01729870779043756, 0.007623196507620983, -0.012923892719331103, -0.026274374686685153, -0.08386989099697414, 0.056062030713053164, 0.016666479036307618, 0.022639951937331357, -0.029010598322408702, -0.04382659742152296, 0.02328644534207832, 0.024899922396720436, -0.01764381487888678, 0.005781129466852681, -0.06297935903708766, 0.05416164928509088, 0.011498232356355706, -0.029096720332614255, 0.02698059337691314, 0.0031368669371795448, 0.01732984129255688, -0.019876464482115146, 0.04691731650609892, -0.02969435794402736, 0.020198081402325586, -0.049460311917043864, -0.016041211240919107, 0.008282391655412084, -0.0011707415057964242, 0.02279473451462013, -0.03540690101275893, -0.021495174905618936, 0.0400282363055005, -0.01937153416034358, -0.023365138565249306, -0.06800610125842481, -0.01656833295908942, 0.029779908705760798, -0.014344175810695243, -0.030153357375869636], [0.00133161832661615, -0.004231526339684756, -0.003013573737718732, 0.015338152631870416, -0.04495575153317356, 0.012998552558222657, 0.9918087848297696, -0.04862668872439655, -0.056154462746727925, -0.1119194317588518, -0.04977336243002871, 0.013649040641085094, 0.026406908312834453, 0.08757643780777978, 0.03919186318747224, -0.010340285912388203, -0.001605606665669111, -0.02195741585289097, -0.021494197471066713, 0.012961837885780442, -0.010021781404406736, 0.0016427866129300368, 0.0035215451871667258, 0.009203749047498494, 0.009065485009655724, -0.008727411743441974, -0.011516724716370158, 0.0007659851880898256, 0.0047764190702281085, 0.003914598336787855, 0.028938175285224937, 0.00619495218792222, 0.003264191504225128, -0.012227850998485166, 0.002241329589609849, -0.04406332133313621, 0.020173333859015, -0.05052482317598191, -0.09801085684359116, 0.002808908071053502, 0.03955955073157836, 0.03824296428233513, 0.1409471716250796, 0.06898080527737525, -0.062225938861636694, 0.032910987703830406, -0.004492406349730627, -0.0650714469578157, 0.08901238414349061, -0.020626422188707843, 0.07467824138056732, 0.1205115012570955, 0.1273609595395568, 0.06393679311543772, -0.10580508371770464, 0.09859980021504855, 0.003197063594077496, 0.12367520718293933, 0.021195222049203113, -0.05219424492939424, -0.0808598894084042, 0.05899759624370038, -0.0021795399065228163, -0.02339293612760266, 0.16482937180301754, -0.07380385930892037, 0.00032704426677825787, 0.0022037466651843207, -0.06938969253446743, 0.08369104385486621, -0.006195428917594283, 0.04689180812856053, 0.020728076723975922, 0.0414413192782518, -0.03856938234187774, 0.10519914364251694, -0.04604759122561634, 0.029765424409898742, -0.0005462712132782989, -0.017487497747466198, -0.009817462895730742, -0.03721682950593287, 0.005880082193254553, 0.010547509243977536, -0.043933018888505954, 0.07936484323895199, -0.04563545977030868, -0.10187842082130778, 0.034807286023144694, 0.024547192319391082, 0.005019177199724404, -0.010903806708043027, -0.0685465310295724, 0.08014116902204307, -0.000713676761552876, 0.0008995755802249596, -0.060935471681585175, -0.18351085601808348, -0.026566320970234987, 0.07357028787290287, -0.08049376361828756, -0.00277209255270741, 0.08632679047573415, 0.07287464997710973, 0.03239639372059948, 0.22178903287353513, -0.08978552603433015, -0.00776713512326673, 0.07890934035910124, 0.11265988067512382, 0.05290441985878331, 0.03059253249459824, 0.026931066357707235, -0.09598047135505669, 0.03345999498437458, 0.01933883620835116, 0.0646396631451367, -0.10484256420690775, -0.008674915318997901, -0.10767749498177834, 0.030185148473979632, 0.00630980287872315], [0.005857919346169772, -0.008014277343507837, -0.05251987596558348, 0.035194969149899405, 0.05223566694906441, 0.0010680903735899182, -0.04862668872439655, 0.9017022581725707, 0.1720006220962962, 0.0766171955425911, 0.03157893809900155, -0.054533705616414296, -0.018118285500048754, -0.013966809778244733, 0.033643028125042114, 0.0009269118078136457, 0.012538060582337106, 0.01012352933128788, -0.0033106293391774425, 0.01066186920530548, 0.01541195407083411, -0.004050191674878604, 0.016760625254655298, -0.010507988725623163, -0.017175358201276796, 0.011466296326185534, -0.011442047765954902, 0.010251890320010788, 0.008272219424059563, -0.02216630621952572, 0.021660876631912705, 0.025663321712838354, -0.048574347545066884, 0.0643301433204771, -0.12350821284292608, -0.06909891191721537, -0.07094944277824505, 0.01892674825244106, -0.004823932638212988, 0.020226277762489933, -0.06978601890213512, 0.0010828958739620995, 0.01903021240724157, 0.015293586639101348, -0.10200503333739201, 0.05998987946822515, 0.03518476515663356, -0.02046790185484662, 0.010033495061687265, -0.0024082606322961553, 0.013349795975327995, -0.052992606717197716, 0.08964642126179762, 0.0033755617483437143, 0.040551941557433156, -0.11625214640932227, 0.09974667513196295, -0.08986148708904197, 0.03215751345630916, 0.04996170979204573, -0.15483675055643667, -0.0067037605268107404, 0.01248796176757098, -0.015730055180803764, -0.07364126481852203, 0.006505375458152815, -0.09157659594826444, -0.02951800922836482, 0.1754264516004477, -0.019687016466410457, 0.09828955559873208, -0.07349904409031092, 0.04477510268387507, -0.05426668132156372, -0.00973330119550634, 0.017234474910202455, 0.03935000233156621, 0.011843466144678896, -0.04057090010532879, -0.05090713087957001, 0.02553897260286988, -0.032678789577346386, 0.0457192623083393, -0.08553109007819636, -0.09679050031566888, -0.05829711982890947, -0.06607057696027119, 0.05133728078842808, 0.010242340925952114, -0.07410841685175734, -0.053538549496227834, 0.021412631404598984, -0.03336899752519019, 0.05708285001912328, 0.02631029901130837, -0.044803495776984927, -0.0006410888120365949, -0.0016417065421017087, 0.08277871302268151, 0.11538131250150811, -0.0013433789695018118, -0.02965043140567451, -0.008150068893467132, 0.023795210500344128, -0.029813367042301028, 0.021343201967584463, 0.049483062675270674, -0.049999954012604216, -0.02397233905189796, 0.011488293052861044, -0.06466465584943448, -0.004181159217908738, 0.006494014097814995, -0.07042530817241115, -0.058685230380871825, 0.0036972438371291063, -0.09291767117147999, 0.05955477462743664, 0.03857424908380128, 0.0832568546801681, -0.02273754955983328, 0.048942515976900886], [-0.10694737560028289, 0.032952339392697406, -0.038057674732383466, 0.06947327373319431, -0.08760587927768551, -0.03664775808131529, -0.056154462746727925, 0.1720006220962962, 0.9266286232584569, 0.10293086184350164, 0.07663475999867274, 0.09386513541610106, 0.004506652281834049, -0.1523042242839439, 0.012935893543651706, 0.022622731005514457, -0.016580155672681875, -0.006179811229121983, -0.0037413936925978037, 9.161525549111056e-05, 0.012751213173099222, 0.02535388114984459, 0.024125854047831165, -0.03263891109653784, -0.001797419315507291, -0.00505156378885314, -0.013184467399269473, -0.002101741672106455, 0.004837240271051658, 0.009827403573813797, 0.031616313171014244, 0.08698622882644748, -0.041718632879036335, -0.04082578267987511, 0.07969847085653481, 0.008287437606089994, 0.0435096922159974, 0.08001193822395161, 0.0043632627404765634, 0.06511639485168136, -0.13402404478440322, 0.04547260042043918, 0.06494177922928945, -0.04960865178859329, -0.05494848397094305, 0.14675269347780243, -0.04327033217919542, -0.029435361260701697, 0.030885100727360365, 0.0193015827552014, -0.017890595643019497, -0.12957204326345903, -0.03336321244155896, -0.09407760847150405, 0.024245468349050434, 0.004812050850873709, 0.04665000995830696, -0.09910709709413291, -0.08402384311303446, 0.11599018990502247, -0.029606719773724692, -0.06670435745754388, 0.014360354315755183, -0.03874749083393386, -0.06088656641611215, -0.03899922477530274, 0.09563206011990259, 0.06632175797006572, 0.07043805599209008, -0.09982895043474393, 0.006477794324382135, -0.06870421339260042, -0.018006299708594107, 0.04596594112055176, -0.12535523517797603, 0.05659297601218598, 0.04128226168005135, -0.06168698400603124, -0.03325995145711345, -0.07466370606093473, 0.09730016114616495, -0.08980262308195147, -0.03984324648520856, 0.05756005059245867, 0.07185932816522819, -0.019209124115707653, -0.060669311847481894, -0.06189247294604724, -0.11700603211835901, -0.013158276908559783, 0.07799586334470925, 0.0801980186052664, -0.0901250149464808, -0.0009507710141195169, -0.0030043753597411983, 0.0053467048574159, -0.0058209333457022285, -0.16616170327276467, 0.20802549212506452, -0.0019116328290590843, 0.11688074850066653, 0.03805129121059867, 0.15881695130886112, 0.005235249051454563, -0.06772671491511122, -0.09371071440928287, 0.141410848698245, -9.403752033866355e-05, -0.1134807690450858, -0.061838060778495706, 0.008450262442721025, -0.1751582152886182, 0.09217308484947333, -0.08310944925730793, 0.04566942020300323, -0.018859615187264825, -0.03175603826826624, -0.06006938767485935, 0.06254085945382855, 0.03462716019096325, 0.02994667730546974, -0.04493125657097544], [0.020347686674478987, -0.03235297753235244, 0.057043696802908314, -0.05929004373883899, 0.011957940647234551, 0.025467550270119398, -0.1119194317588518, 0.0766171955425911, 0.10293086184350164, 0.8654540353756034, 0.04723288543526197, -0.05400860766180997, -0.029795258220940236, 0.014345878943578484, -0.057400012874848784, 0.01625464983110432, 0.00026269477624675546, 0.003191408961920176, -0.005109536262883234, -0.0007748730094290406, 0.00623509058453835, 0.003104350433666508, 0.02081275497496723, -0.024726114653462125, -0.006090720860313553, -0.0005111502867454624, -0.009176286153652048, 0.016914283634426933, 0.004542698492920141, -0.011364406250225775, -0.009373274785806414, 0.04625270017561325, -0.019463436837452025, 0.003392721018894366, -0.011657873633100006, 0.004142289264248632, 0.04648096872941338, 0.04511818419958449, 0.10125448211896002, 0.017377252167417704, -0.03795492800752902, 0.004385135198919314, 0.03622969027040654, -0.055424767125893545, 0.03690072798758674, -0.04048378228517552, 0.059678414976818334, -0.052253558194169165, -0.0520297754675013, 0.06507934617083667, 0.0009561777830492404, -0.07252236988338645, 0.044579968341010134, 0.05852229342737975, -0.024846768709214127, 0.04645695675573845, -0.014393210387990608, -0.04639719682089854, 0.016189495742812893, 0.13910188877291382, -0.03522218656980997, -0.017350294065691423, -0.009211892486250952, 0.035540082447544634, -0.13219118635062713, 0.04008063320437768, -0.005462815184161981, -0.01907665480223655, 0.03866623171813011, 0.05678202425515754, 0.09822119605123639, 0.07423684225402283, 0.02553562715292393, 0.035585960842035864, -0.0017908111953333177, 0.07020755977488675, 0.08677542756894277, -0.056178984585008064, -0.057371436953583474, 0.02475487769564724, -0.013007118064902422, 0.004968965996049182, 0.08705631461498632, 0.0024173706181884747, -0.01771725782467028, -0.11546654777755999, -0.12041971291500249, 0.08894095506210953, -0.035510555663799834, -0.04080670398718803, -0.0240838860606062, -0.007937390715509458, 0.022676790458702654, -0.023311783234406882, -0.08826710342753408, -0.02602174631267429, -0.02461494228393423, 0.007064794761321106, -0.016113200937813474, -0.004862378044166748, -0.006300250289330939, 0.04631471986615734, 0.014844375954957719, 0.016555475642119035, -0.0013906599568281846, 0.031029290821089232, 0.02991875123174309, -0.041655522426521825, -0.02477847168260004, -0.01955783000643848, -0.053703142893509054, -0.0022594053839482884, 0.09045846887087626, -0.09659684113739594, 0.004243996248944187, 0.06501840338998448, -0.002016590272615487, -0.032323055021425066, -0.036417853706408515, -0.05101522095550943, -0.021896029776785227, 0.019220787140892946], [0.030439845019157617, -0.13601940955713543, -0.05981813960961146, 0.18043219002826505, 0.05980629249598419, -0.06508792994450585, -0.04977336243002871, 0.03157893809900155, 0.07663475999867274, 0.04723288543526197, 1.0063269241782773, -0.02050577807771691, 0.0053041559958199634, 0.03185951327089388, 0.0033854792465892987, -0.017873914303285714, 0.01471707955781543, 0.00571831630463239, 0.009100691095506628, 0.024327577750177673, -0.0007885176989563297, 0.010253278302897286, 0.004160919826832065, -0.00018849024766159366, -0.004696067781900708, 0.002099600453173634, -0.008290402202713088, 0.012369283366266071, -5.859616113542621e-05, 0.00019620265671939238, 0.04369274727855148, 0.01163125640122807, -0.07367511383496311, 0.05883898849532835, -0.0228473087557155, -0.008820458157454823, -0.01765703230660718, -0.06342282539257506, -0.02114455610584454, -0.0041472324450689355, 0.048818501930486265, -0.015537014086499537, -0.043834044105892415, 0.05493452800122411, 0.07021077324000617, 0.011710291890157511, 0.0701742298708483, -0.01625423039676316, -0.056215436859820646, 0.0976497072676779, 0.03595215783665943, 0.02468115005221311, -0.10972793226776892, 0.00379699240596139, 0.037865432227617395, 0.05635180681436702, 0.018583629611652847, -0.07654427614147931, 0.121579981076559, 0.003089040188577577, 0.0916114992331541, 0.019266648997238865, -0.01608540426154456, 0.0948643424156122, -0.11826714014787859, -0.027409008126153937, 0.06033597950309735, 0.0020513025992135283, -0.09987492722642892, -0.032761631135984993, -0.03787117275373084, -0.06505899096786308, -0.08055612005812911, 0.045970097618193005, -0.007054925301804021, -0.023057086852516055, 0.010433870792724561, -0.05977332052290655, 0.02019903651222975, 0.06252871125180008, 0.057313137889813515, -0.035506838440485626, -0.015515172740022454, 0.07199189052348041, -0.1364491171488023, -0.05892880854877366, 0.13134418516152965, -0.0127073105791287, 0.09760830261006366, -0.019092818483187033, 0.039307172769982, 0.05327776981058443, -0.031249997168681914, 0.016722418007948797, 0.1290309080213726, 0.04262645794181109, -0.016213644701416216, 0.05172527069200484, 0.05661655680632331, 0.04252743995380374, -0.035570535251411524, -0.036386549512678966, 0.004513471498091309, -0.06379485093853457, 0.011543135703661946, -0.009165648770653796, -0.028748916103040086, 0.06601082606824021, -0.06986156122921498, -0.007427489145063311, 0.012335994432357021, -0.04572735584396601, -0.0017671157607574233, -0.06052316500448497, 0.01596778203526128, 0.09243870070305141, -0.06589616157016863, 0.03862023981218108, -0.02193563630004257, 0.03163741890994899, 0.03939776521586134, -0.04990082664878979], [-0.018913848045970585, 0.011707643742127126, -0.08027468993306618, 0.08054996581765006, -0.00022695452155267659, -0.05178347183384017, 0.013649040641085094, -0.054533705616414296, 0.09386513541610106, -0.05400860766180997, -0.02050577807771691, 0.8616859241907141, 0.06920904981924499, -0.051427748594140225, -0.05798767356437317, 0.006988836032610672, 0.000629002389268832, -0.015370118341608114, -0.006545039809297932, 0.0014729488162671485, 0.014361258865433286, -0.009499074253079401, 0.0038098337743514743, -0.0013546139471841152, -0.023847056435455555, -0.004837356806841696, 0.0026189389625684957, -0.012046264668984716, -0.0048339704031219325, -0.0009771166974270925, -0.013947001361035832, 0.03819441871455256, -0.04753562079070281, -0.008041628504391433, -0.034333346906311804, -0.015131226574392902, 0.05867092349491223, 0.008228228866531677, -0.046045104872175384, 0.05835176279282181, 0.060777827828289575, 0.07242034737025917, -0.026822912681892918, 0.09110552024435649, -0.06578776567005598, 0.061341128375781165, -0.038127087839921456, -0.05236211225662993, 0.06208262033210559, 0.10402817048378281, 0.028683354165825462, 0.01887164659519552, 0.0051257036855213356, -0.08660566859622634, -0.05850153186149787, -0.0021529897279958274, -0.08144348495748985, -0.004868764317018205, -0.06312787328698742, -0.003993148615831108, -0.020150570138292193, 0.04626103139498213, -0.05612067306731842, 0.020296458304654843, -0.03771909836048479, -0.07175324089413745, 0.08943358086911066, 0.038364408944503305, -0.08358652210312038, 0.03280764746967561, 0.03563846776060288, -0.10674312971770211, -0.0873900044373752, -0.001353399385958905, 0.009032578454334032, 0.12880627503374734, -0.044492456027469623, 0.029270665277668063, -0.0014381202384334607, -0.04049392347330431, -0.054423004773524325, -0.020058790637009594, -0.016089760798652958, 0.05512563699887425, -0.09936954840930019, 0.029747592836210895, 0.06990242644171743, 0.03592310062502022, -0.012584183334657386, 0.055580118400534624, 0.0051372933147542255, -0.0696594669575523, 0.06009605809939314, -0.0002710985686294809, -0.04400389977945321, 0.025894374594023814, -0.015918867401199625, -0.0007695817416316702, -0.042228408567451074, -0.014333223709199337, -0.046223322130311974, -0.05912909002382253, 0.07632246983614543, 0.05028890759675822, 0.017159908644761895, -0.01545047403583081, -0.0751523368133378, 0.002940670291786834, 0.062130604286597904, 0.057431599529073986, -0.07720237726841288, -0.06789145978441069, -0.10250923997259218, 0.05938844351327849, 0.0023686399751288415, -0.03651173579499216, 0.050232222046109186, 0.04408905439186678, 0.07781164487138835, 0.03870938562533198, 0.017887308736622472, -0.07133792087891797], [-0.14565415499279993, 0.002152909787837593, -0.07959208972021256, 0.09953643763584297, -0.12359093507343794, 0.019474750183823216, 0.026406908312834453, -0.018118285500048754, 0.004506652281834049, -0.029795258220940236, 0.0053041559958199634, 0.06920904981924499, 0.96275802237709, -0.017957355102493924, 0.016279374463083307, -0.00707043326614727, 0.0224064572600587, -0.0076656661169020686, 0.023755647590791587, 0.029331114795388524, -0.029250665760892434, -0.004851248506236608, 0.007708538836636076, 0.00551780321673603, -0.006408124028347056, -0.005829775774774767, -0.01265977638154964, -0.011480777195429158, -0.0004225575309940969, 0.01155270952278901, -0.12231385115876348, 0.05886075649154069, -0.06560128736459805, -0.04923361659734471, 0.13518418975442956, -0.07562869608631032, 0.056020454052762875, -0.05855050510032399, -0.01027931311184508, -0.0643441777675067, 0.10258556715221162, -0.019364963122537004, 0.011034918017372197, 0.052082574908084614, -0.012865688375872715, 0.02506512561880048, 0.034123719916937294, 0.12983102267579397, -0.07710977234048048, 0.15775393751217873, 0.04269106336186004, -0.00362017422602393, 0.0390140598205704, -0.06199063993178415, 0.025559708813559165, -0.11486287456558061, -0.06775100471663673, -0.04559011068071789, 0.06634428409706111, -0.01922505529770733, 0.11257283607759117, 0.06418895627793507, -0.003718807672520709, 0.002987746418706925, -0.0785004990075919, -0.07456611394069128, 0.14275844569715282, 0.01769654460433436, 0.006185043813480072, 0.0009776211117651001, -0.01701716988515997, 0.008882285226341822, -0.010663082206210848, -0.0600977900226762, -0.03441737872628594, 0.02164263479718323, -0.1327598034028977, 0.06866865236312157, 0.057623791947906455, 0.05876877153729229, -0.0018292184013656571, -0.012957965882003613, 0.033655961674479644, 0.05084932621375767, 0.05778444123203795, 0.07190679308696253, 0.11809496295207053, 0.03983427430092119, 0.02030716010183644, -0.09743935272144252, 0.017318823035391933, -0.05451391234498605, -0.04022770556833078, 0.08876924156662434, 0.047470434819192116, -0.045539181231550666, 0.05776902443968483, -0.058406755301640065, -0.03467178020161158, -0.09314952958684096, -0.023018542953676252, -0.1971289058511931, 0.2001470517845244, -0.022866658846402987, -0.005555665897217427, -0.02338020729004014, 0.05866441370073489, 0.03288511761814658, -0.056988593502389, 0.0916573909186283, 0.015996837637224922, 0.019145943310342323, 0.04793418409861695, -0.07084629648012375, -0.16137878135882122, -0.02418421816087227, 0.027090671703869144, -0.11713079901338229, -0.029472016362264493, 0.06520762176227855, 0.024296816000807932, -0.048936464727584804], [0.013532235665657857, -0.08087411556396981, 0.007108666052820608, 0.02529945665507498, 0.007040913841803025, 0.027955880903146886, 0.08757643780777978, -0.013966809778244733, -0.1523042242839439, 0.014345878943578484, 0.03185951327089388, -0.051427748594140225, -0.017957355102493924, 1.0189163320280565, -0.00785134431391547, 0.012561661320394378, 0.015846305794695894, -0.003543793620333594, -0.011904585118671424, 0.016121037201326988, -0.005222986839467498, -0.016412428812364925, 0.010144274976121359, 0.0015788288020572353, 0.021169424805373423, 0.010562163086392908, 0.01219052778859919, -0.00931675269288542, -0.008685357217404184, -0.013871841283165879, -0.10917893354999189, -0.005162999338921176, 0.0212002585798937, 0.005653153040721913, 0.056885781464756084, 0.0020668093367139447, 0.025750629474375807, -0.045755856575360104, -0.024151089522671348, 0.043473404651268595, 0.10664985683305478, 0.016371436489745043, -0.03531646155220011, -0.02263020155106159, 0.0009363516140522155, -0.10097392746863856, -0.09120141678685863, 0.06157032186255755, 0.039288196639865706, 0.16337849091362747, 0.026564180841048515, -0.17040514761031778, 0.08878842830063238, -0.014654537277012615, -0.0495950713453828, -0.1011452265949911, -0.11848910586579453, -0.0015854451249339794, -0.08546120744816167, 0.08816118412102465, -0.06873712922339435, -0.13657785764727334, 0.1526799732790476, 0.0251606909639756, 0.06325742295565591, -0.021130844272960407, 0.09922402967960363, -0.09732050292765443, 0.0906995859524886, 0.05227186887861157, 0.019518310651480807, 0.043095268226941236, 0.11884764599123582, -0.04761703770707637, 0.02407992748486529, 0.09286766239997535, 0.01717158501592709, 0.010472196142779283, 0.0066022115690446805, -0.042282061698900066, -0.014508470640123387, -0.005855128583233083, 0.025505228284217096, 0.010366828964028898, -0.02746650384483847, -0.204025707583276, -0.08117194224533407, 0.033320968270605995, -0.025673800400506434, -0.020451959462684785, 0.11659253946714213, -0.05072922642008471, -0.10813200037146227, 0.08681385251472734, -0.029241417467458883, -0.01088191885163701, -0.17650409823009947, -0.051083512338143504, 0.056492476570905455, -0.01105216341469841, -0.12432097673546529, -0.05794853446986175, -0.009125245014930105, -0.01599311430299226, 0.08691898033935587, 0.07158476015879121, -0.0926954997505542, 0.003763812603851734, 0.009617882583970736, 0.09516945734794677, 0.052077854324239704, 0.0999587518310496, 0.06415164403507506, -0.0031803840972780373, -0.22354844490444942, -0.14125399199701902, 0.024394452210777535, 0.11148651125188047, -0.06961147771228451, 0.005131105646653887, 0.056663011852805596, -0.006075238770375407], [0.041736624740316156, -0.02206646430152897, 0.0017629344479030418, 0.01444359769774661, -0.01453817606267339, -0.017389405164812192, 0.03919186318747224, 0.033643028125042114, 0.012935893543651706, -0.057400012874848784, 0.0033854792465892987, -0.05798767356437317, 0.016279374463083307, -0.00785134431391547, 0.9172668721346834, -0.005133141712323507, 0.006192978388794731, 0.002161715727723124, -0.0006304130503713768, 0.020280237135494077, -0.008541333873123587, 0.003828063738741177, -0.008592589809417196, -0.0005073906350146824, -0.016533051173755, 0.012229559173842608, -0.030036741042987525, 0.0070871083712565255, -0.0054032259089948605, 0.01177846077014175, -0.022145238152594792, -0.010683280367394285, 0.027725652020554884, -0.01632031950402466, -0.06980821189670447, 0.01859781540481054, -0.11257667678142864, 0.04702870133862413, -0.10314181115989539, -0.06319347278441921, 0.015065845821495978, 0.07975525189398215, 0.008920804894654218, -0.07424707828333049, -0.07879542131426479, 0.016437960519087517, 0.0023167754463153936, 0.0324409805033375, -0.055068563915287555, 0.04797539273856634, -0.0302989992734085, -0.041604423057485955, -0.008851027818413907, 0.010047722633270344, 0.01917338150488425, -0.07888284528503363, -0.03505389223746108, 0.06227142783356275, -0.04220536544734542, -0.14264742512377057, 0.08547391929362465, -0.011445996687121575, 0.060126833741778817, -0.04874599992537887, 0.0749496818404289, -0.0016778484043391793, 0.04982080160986987, 0.06153585081819467, 0.064196562316155, 0.03799737784363207, -0.028236430761082287, 0.12425884689682351, 0.029274252814893677, 0.014544383813016948, -0.0605135015306723, 0.09417098753807332, 0.0019247865352619983, 0.025433031705853437, 0.0012743931924906358, 0.04203631863042053, -0.05727830656447172, 0.03825454118545308, 0.03984659853244075, -0.07302203717193446, 0.10834985448609225, 0.07002245947756133, -0.04857427967653189, -0.06762699877426395, 0.029795294391349706, 0.02528213270556687, 0.03713511833719902, 0.007574703646082144, -0.10679085728160632, 0.10845365025382205, 0.012045839195805196, 0.04370076683167706, -0.054516636966887994, 0.005279106175285726, -0.028021280334949553, -0.07745850530414526, -0.031162678859768037, 0.017449245167196224, -0.04661927828528787, -0.03171959313337108, -0.0047367485308070735, -0.06292180892597028, 0.0872288814261304, -0.003836397727522468, -0.10053673022387023, 0.06471253269896192,