{"inv_metric": [[0.9054911217110054, -0.019865799355653704, -0.00810531139273819, 0.11822287261518126, 0.03393681912864973, 0.020962160949722877, 0.00534508378022827, -0.12722728619194903, -0.029359570594328414, 0.019404071927970005, 0.13132694788346255, -0.06292709226569188, -0.02332096061077173, 0.0349557059729086, -0.01983250596648348, 0.020990459532409113, 0.006759800921071499, -0.00930419906625835, -0.006723897716127458, 0.010691889525208999, 0.01791399851248617, -0.017315345152500692, 0.006732367853588307, 0.0014906313260479366, 0.02218674282105063, 0.015201199655616017, 0.010980512942140374, 0.01661134972310005, 0.0014762679294267602, 0.01213757266190454, -0.07729530742863087, -0.024456459628763853, -0.0725325534357004, 0.03165775530660487, 0.07310088533684421, -0.016105473645644578, 0.08307090649086665, -0.04891433729201885, 0.027838865604116657, 0.00801649219535758, 0.04654676567599723, -0.01478426902667995, -0.052760862702525904, -0.027666168012958278, 0.052442474043572974, -0.04029378732970833, 0.03291813445508462, 0.031939488987587694, 0.02333879145929393, -0.08685983218009266, 0.021434635894223782, -0.05756283771695463, -0.010579976183057027, 0.014180833144195085, -0.027614749183984263, 0.026237427543926096, 0.0011762602086546666, -0.007133561474720003, -0.051480818918228956, 0.054943768451515475, -0.15534259307197407, -0.07854512481574405, -0.06778296250178986, -0.021866876269115047, -0.013747828285841823, -0.0007012661484068275, 0.0017535099493491146, 0.09737558422759558, -0.01334649767486965, 0.1640143176095044, -0.11168794631479498, 0.08682347739947484, 0.016997261511074547, -0.011064875209369603, 0.005303296551385667, 0.012830610147263556, 0.03005424798255842, -0.046017568406091794, 0.07798636706642503, -0.011540207392933318, 0.025039868571799455, 0.027790566841611044, 0.01797293793720794, -0.03459991122116552, 0.02561046966930795, 0.027312050079430245, -0.11310385703764447, -0.05221479561299148, 0.02916942193983857, 0.05356869391403502, 0.18262024954548473, -0.06606920322152357, -0.013731286391435421, -0.04173184178313401, 0.06980421863833254, 0.07289729309609506, -0.010514231393432022, -0.0727504130024677, -0.09532537836752815, 0.09595161792316421, 0.12987191396059877, -0.03655177648263514, 0.04792078575532256, -0.04965349535278249, 0.080496543797548, 0.07228882285536825, 0.06794772004698668, -0.009830477754447387, -0.03622407715640563, -0.061437637053151535, -0.023742552545470336, -0.05580734031082623, -0.07595829404464963, -0.07593421740982177, 0.07691253319092578, 0.12654384176541064, 0.020391395099123154, 0.03216340643247043, -0.06879535708777657, 0.018708799082671358, -0.014162920190939307, 0.012997592150722262], [-0.019865799355653704, 0.8658743649100288, -0.3435904908475953, -0.18316717398771856, -0.019439635746547123, -0.09159611783529871, 0.03323314349100651, -0.011103793496736097, -0.002702672865755653, 0.10341916335592291, 0.20572936824231633, 0.0019369667239626197, 0.010440323839716603, 0.048275497157026115, -0.12097608002099093, -0.0033288813498422855, -0.00856708350818271, -0.01776585187837372, 0.013808647908894902, 0.023527173026172188, 0.018467800442326005, -0.0015620289877811694, 0.0030744340529670925, -0.004306753797332173, -0.03115092162402128, 0.012668686350067139, 0.015406079697415028, 0.0006693917860677384, -0.018620744919208725, 0.007501379296456567, -0.03190520331177572, -0.0835246088742574, -0.016876544834961146, 0.08269718068278659, -0.03272359626866007, 0.00041562646915144143, -0.03600409080543832, -0.011583252837541896, 0.028484607771442808, -0.02150541591321028, -0.07481965158085938, 0.06151255814196311, 0.041811483947916527, -0.038554028678320994, -0.03338395094802255, -0.020645117060953205, 0.0899116919032267, -0.07438964060188576, -0.01451583443286521, -0.04929566221318533, -0.03734764920295219, 0.11784499741759014, 0.14296175319490428, 0.039108670811355044, 0.02785517851382483, 0.006320769541462011, 0.10178655937727017, -0.00596623693062976, 0.0059199821113280916, -0.021691297334918664, -0.03735189319522736, -0.06628070804357394, 0.030124373008686055, 0.018361941728774873, -0.047324695400458174, -0.026232385323830213, -0.05590318336485486, 0.026161317758205346, -0.005667349142506139, -0.011994024038880172, 0.034502125691896146, -0.08006462307785821, -0.1054558764991637, 0.08032759032937704, -0.037978200602742686, -0.06477594746785695, 0.020654306678213188, -0.034365769172542006, 0.045576311684823546, -0.011312974538112322, -0.02947340852497088, 0.07544881460059562, 0.01565461243806252, 0.00999222487930326, -0.032231471676298494, -0.03147593924477887, -0.07818318165618843, 0.003711365216173462, -0.005306023669600002, -0.10254635408219494, 0.010811883012116387, -0.08963003466353422, 0.01574680818742824, 0.06966699109110885, -0.0388924349228762, 0.05622606044947712, -0.02743872457002289, 0.021749403317866, -0.0036307440494885907, -0.05127117408329767, 0.07408340471811585, 0.00513262916490175, -0.0642483475253653, 0.02146925962263966, 0.046092674811544034, 0.052759138769670456, 0.09657502886942723, -0.026323940496933797, 0.016453848392772974, -0.00021355158037452437, -0.03759099174536914, 0.062358206493346544, -0.08362567787443524, -0.01640400365105124, 0.04014034059190288, 0.05237803910781974, 0.03424519743810533, 0.10450128957746063, -0.02485359691470042, 0.07629064297619727, 0.01072492975442161, 0.015476342291252838], [-0.00810531139273819, -0.3435904908475953, 0.7019424941467829, -0.2327714875883063, -0.032258379920642385, 0.04855563889377464, 0.008539521978117817, 0.027817624425690045, 0.017740471869119288, 0.024191992011467784, -0.03837384068313939, 0.015032057445549984, -0.0053131251873987815, 0.03551367784193162, 0.08180186703200297, 0.008607080462964614, -8.199300045099814e-05, 0.015404988687146326, -0.004092084275281042, -0.030100266323671698, 0.012181136661825673, -0.010741614782071373, -0.005927710863394595, 1.6920175922829248e-06, 0.021675235866611763, -0.014761771922532045, -0.019516005324305953, -0.019410084844667934, 0.015942188355916567, 0.009350205571361217, -0.011735716847476683, 0.04595600833818036, -0.011975900126596764, -0.015494597148385665, 0.050422498826239184, 0.04328880051317463, 0.038662282923173426, 0.06154061986590158, -0.036890508017669014, 0.010823083668918848, 0.0324998402503667, 0.0030377479046026124, 0.021809121294921904, -0.039508979781481, -0.001370573554023907, 0.031031763183714433, -0.0955410184823394, 0.04052148557324944, -0.0034632492808690974, -0.016449135721092193, -0.017472152462492323, -0.08955138872584233, -0.07945533237560158, -0.00395572326754877, -0.006873503227145283, 0.02396333967159959, -0.06069849205810148, 0.026350117962181986, 0.02868319435329796, -0.029002954509565533, -0.11467648166217549, 0.0367600682561692, -0.020733183155609333, -0.027008365751208234, -0.01563704288758989, 0.008433961666924393, -0.00669425067110345, 0.009286228933938606, 0.005704698263665116, 0.005177740756271201, -0.03831519856416206, 0.06475172665390456, 0.08567971721027616, -0.01399914226002195, 0.06147112083327929, 0.010157729390321205, -0.007864473169985313, 0.005926599391705917, -0.04435479909890412, -0.06217772484938535, 0.015259897430353365, -0.05158110985766937, -0.01933093140784588, -0.006617341549688285, 0.0710038529189416, 0.06381587008018347, 0.026809770808908787, -0.011290862563167185, -0.0251874385339299, 0.02723933831606735, -0.027732012281206173, 0.031599353948086835, 0.06136758846562407, -0.08143913158960904, 0.018441048941843216, -0.04263755291747212, 0.07155530436045897, 0.02719189516334126, -0.007306636928428041, 0.09697876755505891, -0.04333223532138988, -0.05001770374151963, 0.009151580641025713, 0.017289465841399707, -0.10258917042892213, -0.06910103753599779, -0.06170683856056811, 0.002772539792216657, -0.025682264235350197, -0.005259781617473676, 0.04237450581315856, -0.05515350604728712, 0.013499971692955456, 0.015205852958871693, 0.03117745181037728, -0.00807655156048897, 0.012765312346024557, 0.003824244844369341, -0.005596694468998857, -0.06446944427643934, -0.0190492221103154, -0.005780413944001434], [0.11822287261518126, -0.18316717398771856, -0.2327714875883063, 0.6812077298057776, 0.09919487077254328, 0.0359886677860891, 0.03539297362597375, -0.06038029101967921, -0.012992512176927663, -0.15148345667262905, -0.11541152323338275, -0.00902440521922067, -0.03778127957843304, -0.0447191222479496, 0.0997499558027337, -0.007260749054614238, 0.005685908525989281, -0.0046927100443706115, -0.020132133804801264, 0.0003583702390460928, -0.01164836040723435, 0.0009341734709880183, -0.002194264965329693, -0.009322534162083734, 0.002570442545818989, 0.0021236759695957477, 0.011259082095465589, 0.022803220815481886, 0.008212929032983625, -0.0069150102755227965, 0.0001555985703489693, 0.05631305195151775, 0.0038400255193417627, -0.011486463040253077, -0.004925341337589646, -0.05531048116903089, -0.012286013621583885, -0.017997917987917254, 0.019304230121608652, 0.004718659694797261, 0.07198664139909472, -0.08980977549961949, 0.03480431025994309, 0.09712252681589584, 0.023551133331136887, 0.05847421740938921, 0.02788980033723135, -0.014071993609716756, -0.00886194119138197, 0.09235491743733883, 0.009767262939411544, -0.024851945667842466, -0.00920388500338181, -0.04250908648560961, -0.05593738393741034, 0.007959321266557974, -0.02386133524679852, -0.03436713806750908, -0.01597661094670871, 0.05912815252054209, 0.07852271201938806, -0.004908756691526874, 0.05962373673631879, -0.0685858891744028, 0.04270053184465225, -0.026924904074323304, 0.025685796280112944, -0.012378159934370749, -0.020523998029297948, 0.12177810285220649, -0.05329803456231561, -0.06237848055419636, -0.02154784427129601, -0.019580711159059558, 0.03847316797045706, 0.03936419715748797, 0.002090886118546319, -0.010143644613973248, -0.05667584247044048, 0.050188038716033084, -0.021768145197036647, 0.008671825928718038, 0.017726370114542978, -0.015347184220141573, -0.02881305217803348, 0.024760193373333537, 0.024990600750533026, -0.007409579331150308, -0.012092070052238162, 0.0436999097050239, -0.013717916535578816, 0.020087578432064792, -0.08625931428860312, -0.010989483140428318, 0.03386486130474752, -0.027899003287609105, 0.049017782961098655, -0.05585297709438974, 0.013736445924186299, -0.08990142998109789, -0.0014977596610422305, 0.05294878582075515, -0.001989400847721991, -0.04872161563141882, 0.1434205312068781, 0.006186313391508096, 0.08283126464108728, -0.016835611419276964, 0.04172383816805982, -0.01072641604179183, -0.00867797177072295, 0.029849337772273443, -0.02529202443786459, -0.017012133310389813, -0.041888104771158764, -0.13218281708424626, 0.02689589712260848, -0.1365840340881865, 0.011579100429464665, 0.034151301285280614, 0.021092445265955793, -0.001732931580993728], [0.03393681912864973, -0.019439635746547123, -0.032258379920642385, 0.09919487077254328, 1.0953012066528138, 0.0862936387286491, -0.06581459958934324, 0.06202323758996158, 0.009716238723139814, -0.01736225616298374, -0.05272868362080646, 0.026912334216676246, -0.059641718518814425, -0.011379960927599197, 0.04517361771967112, -0.006025975187548994, 0.01004455902521982, -0.0061155424794794725, -0.03713335900395222, 0.011525308560925126, 0.009933310131494677, -0.013369534499812815, -0.004094839010551372, 0.01745020207644765, 0.029759518291666814, 0.020125250984352687, 0.007342934019003989, 0.044227574513374716, -0.01060647764187142, -0.025557316426009887, 0.07762712782820819, -0.04443508615769384, -0.07179466413972135, 0.1420200687354991, -0.0689235310844147, -0.05953547050081472, 0.08095107288794363, -0.023532255309016346, 0.00884948914287926, -0.031048042841143094, 0.10009075918250877, 0.05578211093597525, -0.033585939542734526, 0.057603851856645155, 0.07176784922696237, 0.04239171487876592, -0.05071914231526912, 0.01258068376119339, -0.007543848463589255, 0.043532695371142946, -0.025482217553079615, 0.16598226731865107, -0.0075655412639551636, 0.03693851831320053, -0.010667752924302831, 0.008565342385389408, -0.03814780376820649, 0.10365047729396273, 0.08798291326202864, 0.16404700746907822, -0.07836929667436705, -0.015024245100212467, -0.02700162728459862, 0.023929499963316447, 0.0964588906827098, 0.0032523214655147677, 0.07572498962221191, -0.1520751083597756, -0.024821439301374076, 0.051334699871142, -0.07883348653381536, -0.13898066606809847, 0.09167581342914909, 0.11394844698555909, -0.016428110946182174, -0.06335975436901851, 0.008881365767679408, 0.021276633276911493, 0.008845632165353676, -0.09652702129424863, -0.07522710414669335, 0.04576227329803902, 0.0644269193889321, 0.010566860510101632, 0.04557058590908743, 0.027042833162838648, 0.10153534671749731, -0.02293949881650667, -0.004701790845582114, 0.012676358800929982, 0.021270415467765334, -0.05119201585252935, -0.045206053912925266, 0.006339761340220645, -0.028458728261810663, 0.028951395442366495, 0.0012249783753367964, -0.07436295933869538, -0.058438939033185346, 0.030116299345745685, -0.06712561398670008, 0.028198810873817905, 0.0008975488900972647, 0.04625363329579533, 0.08031351946012573, -0.03411220935549112, -0.026108134966001763, 0.04249581616377202, -0.0027252866396990662, 0.07113645277531251, 0.06391129964044139, 0.11587414360383874, -0.10050967949590928, -0.03636984110693687, -0.07432651613031338, 0.01046624463614709, 0.012543663689759484, -0.07975918767318291, 0.03702955783676553, -0.008163714284218913, -0.032716126400030174, 0.0018412751460410402], [0.020962160949722877, -0.09159611783529871, 0.04855563889377464, 0.0359886677860891, 0.0862936387286491, 0.43499168281672496, 0.07248614819411253, 0.08615254122392024, 0.016865929339376723, -0.1209902739066201, -0.05364732048240328, 0.012677170436453741, 0.030468874329689914, 0.005732088526086277, 0.09801940849183219, -0.003609987420579897, 0.01511764843932782, 0.0020388706802973735, -0.0024882082733691966, -0.00941541531475644, -0.008278223127467175, -0.020019828029862408, 0.004592363133559967, 0.001422201308399228, 0.00932782743111748, -0.0042635896318687, -0.003282491903516604, 0.006179247919667178, 0.0016362744698530374, 0.014544195613562587, 0.04868690326952137, -0.019235948104900136, 0.02376200608225363, -0.029121009854222817, 0.0061236358981439296, 0.06546559110018127, -0.010058893807635189, -0.01625886723971476, 0.015104935057442533, 0.04649967262485268, -0.040141975145093226, -0.04450892904867305, 0.03240179279341351, 0.05378761405823384, 0.04092944897935401, 0.013857677313455469, -0.04950314268516304, 0.0882882905902499, -0.05448555179051315, 0.04251328650186797, 0.05373745952922422, -0.015603280625279159, -0.009503391357026852, -0.0017593795193203763, -0.053853603342757565, 0.04772012628134809, -0.03554229498198328, -0.03178912128301935, 0.08830882417190962, 0.05308927389850309, 0.06415941747817262, -0.0073005296620087074, 0.04289650097905695, -0.02387675311004119, 0.03219888387316748, 0.012781612807053956, -0.020010582563739568, -0.074389514146753, -0.014210736239249875, 0.003317234006182451, -0.05265849118450409, 0.045699839374795694, 0.0523939216000005, 0.07272824614694384, -0.023020496947282074, -0.009916554842030642, 0.036399932191649775, -0.05134202252551607, 0.03391349052203774, -0.031180959672469703, -0.0014421723349527813, 0.039349794718569336, -0.0370288715161721, -0.004817218750488697, -0.008761782429812107, 0.05187780609204238, -0.022382762305783687, 0.023527485905242805, -0.010320378034389411, 0.056813096779326576, 0.0753118638435909, 0.01662256784214746, -0.005284806617626141, -0.023587442696641182, 0.03175583046366451, 0.05021660314444138, -0.055297757115337555, -0.022630825601143875, -0.04802985875815306, 0.07123321051534061, -0.00909827316995035, -0.030812246064959664, 0.007687431562996761, 0.02616307698810939, -0.014973986239535097, -0.02223403192232334, 0.002842086673386019, -0.009000774815026443, 0.015450592747956767, 0.03269764986077752, -0.061064477900657194, 0.024772227619944256, 0.01756263559643952, -0.028495370418768512, 0.009019995599848948, -0.04266199220125617, -0.008612983420846555, 0.013141460035670079, 0.041956943677592125, -0.06164284001321211, -0.0047686179021417755, 0.0033001467712176712], [0.00534508378022827, 0.03323314349100651, 0.008539521978117817, 0.03539297362597375, -0.06581459958934324, 0.07248614819411253, 1.012582701603233, 0.058861591298081564, 0.02291149884884419, -0.08540087278322346, 0.03936247286909463, 0.017752170572668844, 0.0772566741169279, -0.009472708689471707, -0.07136884241636628, -0.01744845670471092, -0.016641013752216317, 0.017807969633440696, -0.010559371841982966, -0.01686720222360503, 0.004381316439401169, -0.018745878688140913, 0.010652451420414169, -0.003362358439988105, 0.003289094169772065, 0.009718673525490456, -0.013889956538292093, -3.991279253230995e-05, 0.014629824440398818, -0.013910159137389612, -0.04755511354747746, 0.019242954871877292, 0.0922150258948787, -0.0772841527356885, 0.0176344113966557, -0.004335518130099663, -0.021952498219422075, -0.07571220980989592, -0.002015531064874042, 0.07424994329182855, -0.008225483558218043, -0.0010139311664828588, 0.07177771749164488, 0.0331394442731527, 0.052762378170777335, 0.09341290136591535, -0.09323227027583944, 0.04797753186618752, -0.036909655711745634, 0.01907259200044624, -0.031052969944158754, -0.024059713937095235, -0.03620302565315817, -0.007782463111937686, 0.03022837056638965, -0.015454880965729263, 0.07289969185713167, -0.1649016034808405, 0.06176814613888098, -0.07556559723308721, 0.03838244307124354, -0.02152004558979138, -0.025305287054335882, -0.021683248140344672, 0.014939842062034449, -0.03878712974561481, 0.11665105474999406, 0.010189825658711437, -0.01971961235510795, 0.005994618806057462, -0.1487426244813468, 0.01911336390854417, -0.10352901005857211, 0.09345841054629264, -0.013308718777352341, 0.09498442346136737, 0.10167426910113782, -0.09117602659494008, 0.05635087468719593, -0.06773059616786486, 0.028262521552166704, 0.059171388361045525, 0.01285589673279807, -0.10126601830659238, 0.006768332172002005, -0.0500136790089291, -0.029053459929363968, -0.04813701121064976, 0.04869194122993651, 0.008184519273949836, -0.012397562655729643, 0.03390868290763731, 0.071205734361739, -0.04421995669084148, -0.003084422721818451, 0.031563609187659526, -0.017002709083366655, 0.14066687806653624, -0.042334882419999775, 0.07218094398592957, 0.0825514766389672, 0.022150243889544622, -0.04348355215927379, 0.03525994428134176, -0.061827339661843256, -0.014810250794221713, 0.07439501449151212, -0.07121154792622104, 0.00501430279234927, -0.01172808172019329, -0.06943890349472095, 0.018402602745322502, -0.027443367656454713, -0.05664715128068741, 0.03724663298385919, -0.01195063733372686, -0.010017960598346247, 0.057948520926025336, -0.017032655757890956, 0.006151713410173796, 0.014467358575953082, 0.0011011122792941412], [-0.12722728619194903, -0.011103793496736097, 0.027817624425690045, -0.06038029101967921, 0.06202323758996158, 0.08615254122392024, 0.058861591298081564, 1.1051576380150905, -0.003088352818728918, -0.03274623222901664, 0.017887415231538372, 0.006008408148905859, 0.021839500965636874, -0.07002836656882895, -0.02981689442380116, -0.001546743933562066, -0.012244896604148318, -0.012239023174327485, 0.004506636546279329, 0.010921863295121206, -0.0013860990168586885, -0.0058504817356573235, -0.00667908403059245, -0.0009404940412393055, -0.01835250707535658, -0.0241451772786922, 0.0041611725021186464, -0.009209124551819213, -0.005959137285591828, 0.0016622176169238413, -0.009652107257272708, 0.01636916123658571, 0.0799562850708103, -0.0605011636033015, 0.08228346609005555, 0.007689593561052172, 0.05756188856934442, -0.02109453841954829, -0.03855198109892254, -0.02533483818673374, -0.033578861259262016, 0.07484580493039325, 0.10598181197307033, 0.057194958769905775, -0.06951139745793711, -0.04963913138792148, -0.01363799023953999, -0.021094312068591817, -0.0193385457566135, 0.059666720054071885, 0.01946675811232518, -0.03856399542672084, -0.05225075947586915, 0.04830588722052588, 0.045798149159056244, 0.034625712454841896, -0.028191017403753193, -0.032519973418806664, -0.022992678703394477, -0.036910456102646046, 0.12101035105994311, -0.0142899509271723, 0.05499906893162338, 0.013117315763182813, 0.06174203633099798, 0.03252522450322021, -0.06062387172878943, -0.060678504076127245, -0.04457264873749676, -0.06695280712290226, -0.026806766452679317, 0.007682608040180167, -0.05527818627067007, 0.07050883559170326, -0.025310453992492023, 0.0670189208327068, -0.02776907316705861, -0.011905987697072224, 0.12451489815241089, -0.08150761543063452, -0.016979818298650962, -0.023713233259226817, 0.0060114365108437364, -0.015428483290201868, -0.011806487516934873, -0.04398002923568708, -0.023603552473045235, 0.031684708405817975, 0.06393340828632746, 0.009139235392624602, -0.03891812386321483, 0.04094767566117449, -0.0480887726225243, 6.429229519579444e-05, -0.010408212799869662, 0.0010431135377771017, -0.08816210965417054, 0.09089511133657985, 0.020593424583583667, -0.040176004368387946, -0.06380465539759117, -0.01358034736032565, -0.07704350662128918, 0.03675739533010943, -0.06770237668450371, -0.1212120926201011, -0.05442087137328385, -0.015659503921574374, -0.005214522968371304, 0.0030731517382311204, -0.06041098368209494, -0.013494952642902942, 0.07199329144214987, -0.019104874293145262, -0.11043715926593484, 0.03215104239345142, -0.009713948038926402, 0.005022750247962801, 0.056463869230553874, -0.12222687071678384, 0.013274031587479312, 0.009654625316471785], [-0.029359570594328414, -0.002702672865755653, 0.017740471869119288, -0.012992512176927663, 0.009716238723139814, 0.016865929339376723, 0.02291149884884419, -0.003088352818728918, 0.10238736483557435, 0.015969975082802672, -0.030208571363111253, 0.02247081927900355, 0.021050549896806155, 0.0011828125666598196, 0.01672045707091919, -0.009770862074382866, 0.0004220556473592909, 0.0032845254845464368, 0.0035426827853971433, -0.0052409701951467115, 0.0012190168501087883, -0.007316667038917404, -0.004815200528910254, -0.0014207707102675852, -0.004328841576914036, 0.0029208547764496295, -0.007627541409158327, -0.002546386956920016, 0.0007084765524420987, -0.003234347515494184, -0.01247253892154573, -0.004415913542188727, -0.016768097429672255, -0.006941037235337938, 0.0093241815640335, 0.0135994238832415, -0.01542170511261943, -0.014310794319801689, -0.10023577326256224, -0.01215699861480872, -0.0015530792290281636, 0.014367300269726385, 0.01884780886573063, -0.005503219430180688, 0.0017580375145547483, -0.02969085414345262, -0.011052706379451514, 0.009182614461571969, -0.00949438930181582, 0.01935648287452767, -0.015803158347500453, 0.005132086062703417, 0.014419329138634326, -0.11197323343424956, 0.019254401535329483, -0.00527825024024357, 0.002154179883233887, 0.00982266323278097, 0.012765980267610439, -0.038913712714855886, -0.018749884750733997, -0.00012469322661707755, 0.00031174293383307857, -0.020707252851078647, -0.0053876046155759425, 0.0071231051488923735, -0.02286495453079201, 0.013107567894441017, -0.09390000948868053, -0.014409601820810048, 0.03580618702634372, -0.02176050904928048, 4.2516318748991276e-05, 0.006264343514141237, -0.0077990472032062694, -0.03849736863798684, 0.0003425380659542503, 0.0030893228110728073, -0.01314941895275101, -0.043653640474417846, 0.009240213595308674, 0.020175220436336298, -0.014293549324912003, -0.11275601380049699, 0.02353874578799506, -0.00179235453959141, -0.001934552464870577, 0.018251720363505575, -0.015126310925411985, -0.013972662399438656, -0.04538898236106844, -0.005588977092925888, -0.0018714500815828186, 0.005793853484871515, 0.020701545778587602, -0.007483061809376449, 0.0031531413396748515, 0.013668404125643172, -0.08452709765052553, 0.03532624797728683, -0.015219116016961106, 0.0027696122716049532, 0.005581375381307475, 0.0012231473232184602, -0.00013259429823903819, -0.015905936324196682, -0.02906766524794475, -0.014497795258394158, 0.01723266979843208, 0.017191921573994816, -0.01408239375860606, 0.021873490675097973, -0.007233650744435183, -0.09752528650553752, 0.006846116269657806, 0.020410394595811523, -0.0071619820621344945, 0.004725664006865842, -0.018657387320581913, -0.03972611400804983, -0.002768602635272521, 0.001257661459821308], [0.019404071927970005, 0.10341916335592291, 0.024191992011467784, -0.15148345667262905, -0.01736225616298374, -0.1209902739066201, -0.08540087278322346, -0.03274623222901664, 0.015969975082802672, 0.5875376933766948, -0.1884001777456689, -0.0011189068232401022, -0.029866801356027817, -0.08697488376052327, 0.06811773313099771, -0.0004789730271628352, -0.0192685941770291, -0.00022466082790827338, 0.010289913890562842, -0.013545494935345868, 0.0018029021286504682, 0.002164926942155187, -0.0069275558048456296, -0.005728531875045535, -0.02156230392885032, 0.010363928549460123, -0.015749007468847664, -0.040081551730118424, 0.014311620700072508, -0.022250553044315488, -0.0011083938283139503, -0.0736440900829756, 0.0014883887497247378, 0.05784024239630987, 0.0015790600014250252, -0.07570385857106242, 0.014708316890595827, 0.024146906993100955, 0.03244715413907853, -0.07551491033511588, 0.023355817878366558, 0.08048412144282956, 0.045106260848357324, -0.052284543376638536, 0.00015857199397240483, 0.004023406151918294, -0.018679127174091058, -0.006212207652238415, -0.020365808265145814, -0.009268496097942787, -0.07860263428623779, 0.016304241491727083, 0.06538743879691536, 0.00656927391986322, -0.04251624439053447, 0.029419567955730985, 0.054003673013514004, 0.044427124190212657, -0.01387925978757893, 0.002845570520945015, 0.00662064722244665, 0.017695375088845472, -0.035350023573105176, 0.023655072898084002, -0.017447811242669028, -0.06780789700190987, -0.06983704793196496, -0.016179060928149174, -0.0071603263046996326, -0.1069142904796876, -0.008718590153270395, 0.08893962976075566, 0.08170984653356256, 0.07448160234024415, -0.05697128257068161, 0.03708323095750295, -0.012211787146964697, 0.039055690200503985, -0.019190667182322277, 0.052222748080955464, -0.05620543203039157, 0.06909540407407261, 0.0067150055201259775, 0.0047981682906918155, -0.11620367199498326, -0.01735041335186642, 0.04469378887386438, 0.059540572948297385, 0.08206131845129418, -0.06602650551345975, 0.04934676701322561, -0.016833111307585507, 0.045772780705605476, -0.07279123180642538, -0.014108097388087354, 0.045224562887521164, 0.018079556179373752, -0.0014752648555324075, -0.010177443183051256, 0.07433350438871163, 0.03685106757095009, -0.028341871019701988, -0.007437280546126523, -0.09183486709407626, 0.0023937203393088985, 0.02971596497508025, -0.008049043079679246, 0.03325205382555651, -0.056375676139728666, 0.0062837145223848595, 0.07776134929183147, -0.05173923478454659, -0.12024497335360712, -0.011580755962705422, 0.028157451517934716, 0.03853861300802596, -0.01539460998826393, 0.035477051037205366, -0.053826617149255844, -0.0016814725955552527, 0.01378640942221266, 0.008191943985909948], [0.13132694788346255, 0.20572936824231633, -0.03837384068313939, -0.11541152323338275, -0.05272868362080646, -0.05364732048240328, 0.03936247286909463, 0.017887415231538372, -0.030208571363111253, -0.1884001777456689, 0.6970961608687809, -0.030881715513345388, -0.025926016570548768, -0.03297743134094609, -0.031290061724674, -0.0009357301024838962, -0.0031304115649488096, -0.01175936028562342, 0.01667601506824505, 0.010791654927136306, 0.004769986602572386, -0.025264942521951488, -0.0024964108279996577, 0.0005228737797679279, -0.00025680056066598554, -0.0038174631231640854, 0.016241642394170253, 0.000697370695283463, -0.017308803469032248, 0.03343963881482738, -0.004618538823556828, 0.0339105487616895, 0.0021569578553986366, -0.037154747164562546, -0.013307970611829919, 0.05341956845333477, -0.05254642456692903, 0.012837494884362128, -0.005211543570899349, -0.040728836954298575, -0.13077975547161966, 0.010425287315983871, -0.08265614057743857, -0.02143554387893026, 0.007932128156808304, -0.022903897136876045, 0.17799029304053648, -0.08655778755169462, -0.0595592217865741, 0.012790985241822407, 0.03418896427773349, 0.018754450781287464, 0.02430336221277621, 0.043019300095645904, -0.01708112204640892, -0.09255567167796115, 0.02153869220178946, -0.04566490956744797, 0.011799951375357902, -0.015372494645819641, -0.015315780683305724, -0.05025576945437386, -0.019050805895233853, -0.029771723474725034, -0.026350056366774382, 0.03427527691284403, -0.015525617182501936, 0.07096974341687902, 0.04470085622830496, -0.05048104692995467, -0.018887886501993106, -0.04723093234678244, -0.10278103005781625, 0.022918548640364973, 0.03594131740810701, 0.05318381447502994, 0.10617941558023619, -0.04102161475923493, -0.006768818308294047, -0.03828494461512242, -0.007381413453490903, -0.059464477529687594, -0.06406477969224234, 0.006607875160643957, 0.01530536114735213, -0.0259702651283511, -0.051586242360917155, -0.03520141166829322, 0.031342612917221, -0.014329865462728178, -0.02208677283965575, 0.015540572089121754, 0.04278831169551503, 0.007471591995457591, -0.058156532712226906, -0.025925804168786704, -0.0015196602268357558, 0.013294219964638096, 0.010450297321308928, -0.09770583347808423, 0.09407759166793815, -0.0003388375326554623, -0.06633765240738995, 0.016023747557080602, -0.008061131632572556, 0.0023937525011871056, 0.07674961753293025, -0.011859704488609882, -0.06709924364483157, 0.018895934241774784, -0.02958850408299669, -0.04308586018343853, 0.06332434644048297, 0.01819620872042087, -0.029416892639349084, 0.10793695013801953, -0.005499711085023813, -0.020589929373405202, -0.08837329813829711, 0.06345307151930087, 0.024982532799643978, 0.003518121183353058], [-0.06292709226569188, 0.0019369667239626197, 0.015032057445549984, -0.00902440521922067, 0.026912334216676246, 0.012677170436453741, 0.017752170572668844, 0.006008408148905859, 0.02247081927900355, -0.0011189068232401022, -0.030881715513345388, 0.8755231161073421, 0.004349724655778475, -0.033805839333164035, 0.012802330868754612, -0.0034272436624769496, 0.00046668860022267336, 0.030723902497208872, -0.023030453404164444, -0.0024780993518145294, -0.011498483249462265, 0.012999220165747435, 0.017972104507829528, 0.00899066905456851, 0.0034758456636791446, -0.00030434649244983887, -0.026649433331593114, -0.026130551213386626, -0.016505380671367958, 0.0010699219607121166, 0.054315084496869254, 0.029533978933219095, -0.03090438760596229, 0.01732266779848068, -0.0763133365841312, 0.021084997528370654, -0.00449422755120749, 0.07198688649547605, -0.018382032116237873, 0.028497624770071964, -0.006675129410270813, -0.04606787304298819, 0.018561291129673283, 0.0763488248577859, -0.06317482157245731, 0.051946853387299013, 0.0638507205559617, 0.006383638982555182, -0.04245644170099167, 0.010202374500397944, 0.03815911849414343, -0.047689669661825494, -0.013263152702954329, -0.05887130447861721, 0.0036274305546048886, -0.001516382500848045, -0.03194021984237034, 0.08210565733357644, 0.040164105535230234, -0.056472183009618336, 0.044171576750384044, -0.01914887916919519, 0.040721972108342365, -0.019451452269253204, 0.05521566408022254, 0.0952115112881763, -0.0497307615536795, 0.06977177885319537, -0.032362118717046154, 0.018267165286926533, 0.00859985376074908, -0.07222559644953165, -0.026520706303173467, -0.003066371722635289, -0.03622743129978336, -0.0425593605751438, 0.041576488457645076, -0.020804461580118772, -0.009652333245646388, 0.0023164182309247106, 0.022126375191997196, -0.03541556894564232, -0.03243144262009419, -0.03766620547117449, 0.06223739318219884, 0.005739321828598399, -0.046501558630911224, 0.0521520456660427, 0.03707785875257762, -0.028494102955620836, -0.060270641788375566, 0.01440119853062255, -0.03751415244313363, -0.022098004488304783, -0.023257272893169877, -0.02821267086133614, 0.03560326951413225, -0.004565422907641564, 0.003448207302449709, 0.08457222620584036, -0.02532973448606189, 0.008355141174303226, -0.001706058633117551, -0.10159029758619902, -0.1176348311573659, -0.13154471710407176, -0.018085350423282173, 0.0015312420782890278, -0.015531617383036118, 0.09882491167382275, -0.024678829168027664, 0.07306219325332025, 0.022461810041189918, -0.07286939426142482, 0.042610756329344905, 0.017133835517700053, -0.01970452898582573, 0.05071694114024822, -0.004525036644902645, -0.00415200787540771, 0.009132034548428378, 0.007558253551947053], [-0.02332096061077173, 0.010440323839716603, -0.0053131251873987815, -0.03778127957843304, -0.059641718518814425, 0.030468874329689914, 0.0772566741169279, 0.021839500965636874, 0.021050549896806155, -0.029866801356027817, -0.025926016570548768, 0.004349724655778475, 1.00496328502457, -0.08348257935628463, 0.08355780151261472, 0.003408406396016104, 0.009098107793211638, 0.010362853320866706, 0.02948696592281658, -0.02407495211450892, 0.006577863847357315, -0.013765139440182738, -0.004735920046167881, 0.008791819257707473, 0.00890744796537682, -0.015861265969750248, -0.0062641105202990875, -0.0024638775457685503, 0.013278097793268549, -0.00928739864373538, -0.05737936391877268, -0.021147966743303815, 0.038307966240723496, -0.019358290909728158, -0.0298823906533613, -0.0058504802577459495, -0.0355342801711209, 0.022105271751954883, 0.035052093046847185, -0.006864574412803691, -0.06581453597075396, 0.0336914168011782, 0.06001091422213971, -0.02489836075342432, 0.03679306273781802, 0.05051151802888656, -0.012012546209229036, -0.04641891822863032, -0.007776454440262205, -0.03199166576939319, -0.00911547649770251, 0.029199786873137547, 0.06482691835825635, -0.029828862688047523, 0.016910990483665744, 0.05268039994564814, 0.009046230605834413, -0.07888754378904511, 0.027257428396947822, -0.07061134746310385, -0.010397677383846511, 0.038683054785367106, -0.02957106962942157, -0.030137172179033847, -0.044764892505398814, -0.0345831043144869, -0.04985451767334811, -0.03484885311028218, 0.06922553488623732, -0.07775947386342022, -0.00180069684901993, 0.060552965195019265, -0.001833031026520767, 0.03885756276903634, -0.05733026461535177, 0.02528508808753338, 0.04663811939637681, -0.11188246640711813, 0.06707963192000999, -0.026330934075097644, 0.003024559936448833, -0.0460818914620431, -0.01019120544892351, 0.05254407239790066, -0.07665335681194906, 0.0878418873810956, -0.19682767782486996, -0.07178143432523373, -0.00814454873641325, -0.0694673433293253, 0.05410509786542299, -0.0803358023897759, 0.016660801403755914, 0.04483738205911578, -0.007311044840587155, 0.06722154196850218, -0.04697809700923656, 0.010997028520787254, -0.04068052665001716, -0.03086959851528638, 0.021407350657366597, -0.14402789237655206, 0.11142069403186547, -0.03556275025546945, -0.11570173487302694, 0.04303088666217633, -0.010439625139230751, 0.05515316186584426, 0.031486175144987784, -0.1109884183265819, -0.004189194070002235, -0.04636982966508915, 0.131048876258606, -0.048113863353298224, -0.05161425070376502, -0.04725038456002206, -0.13620443519716738, 0.1576174495386004, 0.037531997622266104, 0.03628589519350791, 0.011471774966769986, 0.020400159577628807], [0.0349557059729086, 0.048275497157026115, 0.03551367784193162, -0.0447191222479496, -0.011379960927599197, 0.005732088526086277, -0.009472708689471707, -0.07002836656882895, 0.0011828125666598196, -0.08697488376052327, -0.03297743134094609, -0.033805839333164035, -0.08348257935628463, 0.5114453804305221, 0.12045201087215061, -0.009107674398385661, 0.00335343046430969, 0.007817294248425494, -6.823557422049224e-05, 0.01457109562121902, 0.015147502857482844, 0.009007270706778505, 0.005612034332955193, -0.007489751364848169, 0.007409026915067226, 0.006881194651962246, 0.003114008763653898, -0.00010013545936429674, -0.020387559458121773, 0.0015975567225712738, 0.007263889745023257, -0.010902239296047427, -0.03592101331834101, 0.016894239230684678, 0.012332275950873299, 0.011923027272021595, 0.042665406660699325, 0.011255234215403392, -0.013929895538906585, -0.031293929681774565, -0.022762114917647396, -0.05966609076965848, -0.06945574544728728, -0.05347269309419428, 0.01352872101708708, -0.010108453963395669, -0.06979393135005763, 0.06728300058929586, -0.005117311964445924, -0.09335600135945843, -0.014989448359793591, -0.0041858557036036055, -0.005555703069074009, 0.016803687570210814, -0.017995348867431725, -0.00630013484614944, -0.016159572011692547, 0.027531528072416222, -0.03207833187456466, 0.0641435586800568, -0.0795029586849031, -0.00012949283399098777, 0.03350164214679957, -0.016343738141003542, 0.017877773143551712, -0.022263893295749123, 0.08531029880928796, 0.05844709259412314, -0.0033815536186191982, 0.02579200181144581, -0.029065685496503405, -0.00727948437629603, 0.07382600186505216, -0.08149757816674533, 0.10310029905625755, -0.05478570723768708, -0.031006345912543233, 0.02685900149117756, -0.047166028686134724, -0.017375786658197223, 0.026193921773125364, -0.010475042373171685, 0.018024328663255276, -0.012595946193001147, 0.0220608784155415, -0.05135517422719941, -0.019742046518883744, -0.04193504245054167, -0.08486405893061297, 0.05664391140973217, 0.056887725340038706, 0.060656504950467934, -0.022572458778108803, 0.0030946430882752675, 0.0007490786773803135, -0.040352340834371746, -0.01566359038675992, -0.02876323414706894, 0.022515044119800574, 0.0051889129016443, -0.007962445741402466, 0.011497162413294773, 0.016070934982575426, 0.06682628121950611, -0.007933917633397335, 0.05138941964392584, -0.021239736515041418, 0.030408565150037925, -0.008673494530216617, 0.02588147224250651, -0.039600489943409846, 0.06680278781910459, -0.01977879648111708, 0.019783694638804934, -0.018744289562955756, -0.018673744312557698, 0.062473054912712184, 0.003880716271276311, -0.02444711038034145, 0.02144289154486175, -0.026277728174266636, -0.011227232637367563], [-0.01983250596648348, -0.12097608002099093, 0.08180186703200297, 0.0997499558027337, 0.04517361771967112, 0.09801940849183219, -0.07136884241636628, -0.02981689442380116, 0.01672045707091919, 0.06811773313099771, -0.031290061724674, 0.012802330868754612, 0.08355780151261472, 0.12045201087215061, 1.149955616445943, -0.02351398512127608, 0.0056581613629693075, -0.017492267121358526, -0.0031788973525769923, 0.00257537898881584, 0.023399558712686095, 0.006838291239985801, -0.005124041238406405, -0.001789347860565815, -0.00019762430285331657, 0.01278585701206486, 0.002796634696977531, -0.011740153366797726, 0.027851750178476235, -0.0004268051237467775, 0.015943925380589634, -0.0007262510865273376, 0.007598372518518786, 0.07210426122959229, -0.020726607923993456, -0.028690501012218043, -0.08582379368093626, 0.09823581321837736, -0.032658726125196415, -0.014652659930471615, -0.02384179574339833, 0.04724690484792206, 0.08516200401627327, 0.11012808946110143, 0.054578214493402666, -0.004991587958373783, -0.08129912367420356, 0.04691802651015192, -0.04896160015992807, 0.06793937180132462, 0.06762853878702078, -0.11206104643172077, -0.036064286659537384, 0.009614872849153954, -0.013551474370475722, 0.060243604307606, -0.07272468449745831, 0.026552736183662388, -0.02376478799048252, 0.08268816013117285, -0.04020507233899009, 0.022669216190288517, -0.020360271293901562, 0.031147256945850365, 0.0440624428019005, 0.005915880987742314, 0.0020217347031954947, -0.0069123667296193585, 0.0315600462335907, 0.021564948066297197, -0.09199242439318618, 0.008570699119436406, 0.051022062171851824, 0.11703035992465978, 0.03540650992970708, 0.01519878355257267, -0.08927931563916236, -0.03227572841871218, -0.012237469900881374, -0.0015918975347430722, 0.00339983409118991, 0.025183378982877105, 0.03500639740880819, 0.01709803006121437, -0.0047917963549228585, -0.01915774812865694, 0.035678451131512086, -0.034172464985339275, 0.0849048858325764, -0.011341365989858012, 0.021695250594122445, -0.017097283396055082, 0.030154700093205873, 0.016183342346110057, -0.013294808267463059, -0.014452828262898397, 0.013863897628394895, 0.08366625404156568, 0.07066343822082709, 0.0196078713041709, 0.11079266175772985, -0.05665602711028354, -0.03632460994327528, -0.07436721594552426, 0.06935354549698383, 