{"inv_metric": [[0.7650757087492798, -0.155742478827757, 0.08256169094627952, 0.08478095910937594, 0.02761653073197761, -0.010813076407121355, 0.00923932853907221, -0.0372595542318721, -0.017942186664738475, -0.03756498162598688, 0.20755580860678938, 0.1272672881911825, 0.04974042482279793, 0.06434735509274776, -0.036125448529342345, -0.016945127733841592, -0.007391638184470838, -0.012459799776650626, 0.018410868532200298, 0.01575493214433569, -0.016925804037824548, 0.006967489555214158, -0.007547260252468346, 0.006062646218429716, -0.0018653963698570322, 0.006514248448413852, 0.03215482065931774, -0.01049762221352797, -0.006676382804750907, 0.0008296636759456194, 0.02158657359502045, 0.00614883273612975, 0.00903148292777415, 0.01607469475706146, 0.021073435368702882, -0.01787857968812211, -0.04035820142475437, 0.07450703226450658, -0.0009201162657157207, -0.005326710890219578, 0.1026291860931964, -0.017144961982340116, -0.04132821753828869, -0.1615498467530432, 0.03563974285234978, -0.08923489032510414, -0.007352227716406127, -0.03550648731803007, -0.02541582623658586, -0.026706561947647724, 0.02797603891834049, 0.020777442868850644, -0.0861586599638238, -0.019187346182463313, 0.04781207115675137, -0.0886123778547755, 0.060444066304124036, -0.005979417758963213, -0.04816930933919941, 0.06806059651384906, -0.11725089078056164, -0.0304166981307386, 0.030853618985973576, 0.0028859529110778445, 0.05498567353713726, -0.027402540716130342, 0.12870726846935854, -0.07447853592175775, -0.038204806895258174, 0.06027727343343422, 0.02070173165923714, 0.04628212433298856, -0.06944016029637363, -0.061608259984490724, 0.006332487880299035, -0.06866486891226406, -0.06295449442734427, 0.0937158049886064, 0.005296566871881331, -0.005896816123883746, -0.005357920812531733, 0.003971967433760034, 0.11756297893012155, -0.0206216981668914, 0.029976574442329394, -0.09577794783605822, 0.030742421627322086, -0.08080511046764517, 0.059323961785936775, -0.002520053255686335, -0.03191354973370537, -0.0358219910132344, 0.043045864319035926, -0.07452064474876412, -0.07112168975045795, 0.021276374150683612, -0.05386001993758401, 0.04944091115597327, -0.039581741281176655, 0.04537606797498828, 0.02428347799077515, -0.010987039845918397, 0.08510069200375693, 0.10611541765104915, 0.009191826875855472, 0.13316274961147972, -0.0902897095627966, 0.042189596909720246, 0.0530859951945172, -0.025315327436657074, -0.02531811292666897, -0.00131440473514794, -0.03241410688007939, -0.04542685779174311, 0.010737740204485714, 0.16145728493157577, 0.020338956673081256, -0.03012744720235739, 0.039690225751506616, 0.09422192770734074, -0.00820420105979166, 0.0022703347932567517], [-0.155742478827757, 0.749329905745627, -0.1754145484805896, -0.26568680185962595, -0.043377545085442004, -0.07401537141631623, -0.005976869154890789, 0.07407136552339698, 0.012455940257641743, 0.03835446017990203, 0.20079807974685962, 0.002370329980370591, 0.0037432021540760563, -0.007649620637940729, 0.008056414188385238, -0.014430282926959321, 0.02105773916264595, -0.033733439328044214, 0.003595442182432102, -0.008788108677986657, -0.030116410490177714, 0.007424449861435445, -0.027927221921837428, -0.006831338882312088, 0.009107938532579525, 0.011919720707751248, -0.005361920530967328, 0.035653357961455315, 0.026264842908497014, -0.017220017124017904, 0.05345168480162287, -0.051060576441922786, 0.05220437778382586, 0.03050863871062456, -4.373278129074474e-05, 0.007856984285232314, 0.009373261648433051, 0.001831153998894427, 0.0009127974969841426, 0.007002515060096059, 0.1268117951421226, 0.047548267666338254, -0.07778703554355594, 0.013577356495000133, -0.03958437376599251, -0.028770286594423374, -0.018298976985279117, 0.017098952952981528, 0.06590299015817973, 0.017716547188533813, -0.005413931794418673, -7.677003656184136e-05, 0.0569220419061909, 0.005140354969132532, -0.031938914130061585, 0.0019079423534114472, -0.03961815096778764, -0.02117048548058816, 0.015225984958450978, -0.09016270719900732, -0.009438106563021307, 0.03117737464691958, -0.003895658007059814, -0.034755884597360544, -0.042053455923901355, 0.046457451946265146, 0.029992813235399967, -0.016827361927136863, -0.011278578035086763, -0.026318050594711335, 0.07972485138004759, 0.0019519804130943503, -0.010374422085430858, -0.017929799050044933, 0.017380140235449697, -0.0551440400498788, -0.04089838897443637, 0.007526041293915945, 0.022524794921133608, 0.01669651049647646, -0.02654865089109215, -0.03934465964791531, 0.04395128187007635, -0.0066530849615592585, 0.02649374142401319, 0.008734743512576281, -0.09495936637921396, -0.008233661494660231, 0.011988544088757899, 0.16388621498805922, -0.08064638023957649, -0.08252928711650474, 0.08628716118141443, 0.02339100435998974, -0.00609946844751261, 0.004530519439846681, 0.07525739562325189, -0.024086680031266426, -0.04600188230159667, -0.007312293001989042, 0.01761180037545241, -0.052840840183296815, 0.045840090886431775, 0.02725655364459028, 0.07311014343487225, -0.02952137678577423, 0.009010894207478037, 0.006903267292935135, -0.022764768506321503, 0.02797343323636397, 0.008670714732121124, 0.04258062253736458, 0.052382277351674826, 0.008737848594600965, 0.00023275668224678173, -0.052756171177735615, 0.06865659428068904, -0.05648688199394748, 0.11537783665158892, -0.05168677622105291, -0.005524365007053206, -0.008353205103386694], [0.08256169094627952, -0.1754145484805896, 0.5359226582036224, -0.15927371161753348, -0.023157412516287196, -0.021487679826248746, -0.04586627465477953, -0.07057480884745375, -0.006410039716511155, -0.05592564096146902, -0.016589989037779192, 0.051299736116186684, 0.015764638851622256, 0.11049657616978324, -0.010634199040581193, 0.003776410182553168, -0.0028006683813427743, 0.023634253416627463, -0.0028312034498617833, 0.010910825605573876, -0.017006150771893793, 0.009567299212147867, 0.004495923881316514, 0.00867171426659235, 0.0037135715605301975, -0.006141461657615935, 0.004930025487691102, -0.0006924845349064612, -0.007140742501111941, 0.010225125109430251, -0.005400969843441628, 0.04416081354258121, 0.011666467102282745, -0.008794983893125564, 0.03222707772702843, -0.001324586932248381, 0.037106795375169685, 0.0020970479946804065, 0.0030708889127960496, -0.05567817121145917, -0.10122222264602229, -0.11070504469269576, 0.03323625377970876, 0.013430372465497819, 0.01981221518178751, -0.013767533723519357, -0.0017012722952651506, -0.03260411244144819, 0.00422692888582749, -0.030338083823395142, -0.07314016535884856, -0.032305465890605845, -0.03354061763241538, 0.0025239496272705503, 0.02592635916214175, 0.01585770537728688, -0.01725324078569055, -0.04683847909019536, -0.04921574117311561, 0.03672827076715354, 0.03911819440237037, 0.009975494843164404, -0.07275993491114528, 0.05628167524612795, -0.02099324790610552, -0.05020510342963883, -0.006307155260152178, 0.02677641309113763, -0.003295680321615636, 0.029257599059408015, 0.02458373627879529, 0.07539819532700034, 0.004670856563242329, -0.03264341125080318, -0.029990228598548087, 0.059985398999042414, -0.06625496792677832, 0.01096273081680482, 0.013727787450656084, -0.0016846001687252203, -0.05863516554567688, -0.004831170320663103, 0.021917846653519153, -0.001779842552380166, 0.03285152363264573, -0.031136371225636124, 0.09543932796945599, 0.022480391998672168, -0.018777937787752996, -0.09427954444303106, 0.11443238536344658, -0.008558954805373052, -0.0427569317199716, 0.0689908444139137, 0.06173953909885906, -0.06572015839163896, -0.0012222437876502749, 0.003022448348735999, 0.014703798573348402, 0.049068449337739246, -0.05658442474398092, 0.030090173745094796, 0.011207374227777187, 0.03623326627442904, -0.03271176078078845, 0.08732760144205713, 0.0008939077699905531, -0.007568991868993092, -0.002760582358298197, -0.06256612990769292, 0.03595745804425582, -0.013994646598031648, -0.007367685983432636, -0.005359204390147884, -0.0496554210070256, 0.01906939076167603, -0.042152119156694486, 0.018140636230701754, 0.012569155842341842, 0.07329133060526974, -0.0036827847941886638, 0.00570549262885174], [0.08478095910937594, -0.26568680185962595, -0.15927371161753348, 0.7215761617880346, -0.022609757086430857, 0.05022750244649987, 0.061017369137086254, 0.013549114078328341, -0.017044727531255466, -0.03532993696177449, -0.2457020254437446, -0.0171898719225648, -0.009896863601884427, -0.1083255962466535, -0.0044992385365314, 0.0018506031280367287, -0.006065263133159387, 0.006846440423716118, -0.011971927988542422, -0.009086854780986767, 0.014791842735583, -0.006870945626475062, 0.005795589893595944, -0.000357854720216942, -0.006046546485173198, -0.014596354920534089, 0.014540989513506611, -0.012497731269675256, 0.007099876084381694, -0.003601784949349798, -0.03239847812355497, 0.027554109502731756, -0.06035614042969581, 0.03322471123538574, -0.0092666731202324, -0.02640423382923624, 0.002172940910685378, 0.05603363160442417, 0.01986908347473039, 0.007370847140761257, -0.03195912872680904, 0.0030871665922805394, 0.024991077553542768, -0.03869483367902265, -0.05960339506654549, 0.0828571384713881, -0.014110454015573667, 0.031773444466987, -0.06910944627736519, 0.06314631906565904, 0.0003758279495898921, 0.030561338095832936, -7.954610824474107e-05, 0.01944537227862596, 0.060026871513375685, -0.07869460514516322, 0.00279624136776759, 0.03331231736771985, 0.03908590168506758, 0.019497777276517827, -0.03540283645825536, -0.08743425098111975, 0.12940249056211303, -0.10692129025070808, -0.038593313919665966, -0.021682622484656165, 0.003413606519358223, 0.030435689450449128, 0.001382365783499392, 0.005115371775318203, -0.07906085120009676, -0.06802722517970594, -0.03898162366455424, 0.0440427922295578, -0.011118831648408933, 0.0052754591852095896, 0.06093691412862557, 0.010143569800508349, -0.03381484492717025, -0.038853523946626986, 0.07939247385532223, -0.01940946108101439, 0.022597402239423747, 0.003989434905768777, -0.020364618258079246, -0.0024919840299503304, -0.004475793416445371, -0.0037082176404584664, -0.0021517781117353528, -0.029637640917789473, -0.017805534584715222, 0.05414395665343404, -0.04860333667804779, 0.00720608697044994, 0.015303913052618046, 0.03039546490662705, -0.06141178951999911, -0.06988158279180855, 0.02555491673683117, -0.08923894810048726, -0.02872458095253531, 0.020409200318769357, 0.05136148171745668, -0.08647253869629655, 0.050628534338838134, -0.05342044349463317, 0.04421474347431738, 0.04268107909117813, -0.04267640211922352, 0.01248310536230074, -0.053267134973018944, 0.035696454212673506, -0.045587591421068774, 0.027134514219165216, 0.10449360166990666, 0.03879900805995989, 0.06543096616633373, -0.015759870379775665, -0.10430677773747833, 0.030680232093057275, -0.003949210495039042, 0.01463907736750644], [0.02761653073197761, -0.043377545085442004, -0.023157412516287196, -0.022609757086430857, 1.00311652386586, -0.022231034387839323, 0.028051198255489684, 0.019563593841006834, -0.010300208223090539, 0.0356620207362821, 0.04569297059835468, 0.12572672809505805, 0.0649541268802561, -0.041900574793075886, -0.024022644712213832, 0.015285242926571246, 0.008688729272530898, -0.01811680903807452, -0.002494333593276733, 0.03582175686639455, -0.025093017436933394, 0.0050898098796784315, 0.008326716675601297, 0.003402080955409792, 0.014878686789663987, 0.01405415339177475, -0.0018663156378622473, 0.0009267149433165516, -0.014865153499198789, -0.01698060364666122, 0.019022216909251953, 0.021140219638105175, -0.07507444987598036, 0.05852245499106303, 0.025371136073106162, 0.059414856563524736, 0.0075718233378427435, -0.025822469472898974, 0.025151069798860625, -0.02544755862108346, -0.011348070059177038, 0.05685843485031365, 0.03652432027859621, 0.003571725838618211, 0.054615578527633483, -0.05348220109082683, 0.0843249968316743, -0.0625998351027234, -0.0156528913620378, -0.055919426307847256, 0.0012349081198440724, 0.08506626597378729, 0.06296653456037121, -0.023208940552815735, -0.011703444596257214, -0.0183389663281306, 0.012552134462137618, 0.0026375431874085943, 0.02243491556072463, 0.127614635619433, -0.06150335776389759, 0.00750604900071847, 0.04633967247681346, 0.004373699624808643, 0.08407325856135787, 0.04908162520221424, -0.04795049219585082, 0.03092259807537966, -0.0023163036191576874, -0.03522147294200773, -0.05167973125259238, 0.017940324669750048, -0.007193744383257461, 0.06425941130196486, -0.045481741048592664, -0.06018744729274673, 0.07366419821603477, -0.11107851868404867, -0.013091787160975353, -0.008809692941281831, 0.0219262084754685, -0.10247834274447518, 0.03716796197438659, 0.021020560369277717, 0.007624970692840439, -0.014291763204672837, 0.0011804566429598606, 0.07669710990121205, -0.04131356772668003, -0.04840485820040086, -0.029056169357319778, 0.009370725143342359, 0.06261572450540867, -0.04657836074476707, 0.03777883438082942, -0.019287213782904333, 0.06479599456192223, 0.0872199192802751, -0.03056917077057287, 0.015169372038817125, 0.14569308473079973, 0.05782718377769337, -0.11791433497712368, -0.06400726419468548, 0.013918014314862698, -0.058622285445306274, -0.009308094414236356, 0.048552430500281005, 0.0055323629724779114, 0.02689899559802563, -0.02701038832260965, -0.0783377356052745, -0.12576768557162005, 0.01595883653428755, 0.015052439933432851, 0.0003266311986003554, -0.06613375321175609, -0.004394336345188701, -0.08615758100146895, -0.07612875166431136, 0.010692860641399855, -0.006080182227194101], [-0.010813076407121355, -0.07401537141631623, -0.021487679826248746, 0.05022750244649987, -0.022231034387839323, 0.43296324684525916, -0.023156058364036825, 0.0451221449576557, 0.006113881120131333, -0.14519610185008577, -0.01817573451005949, -0.04420188595480282, -0.025230566761418986, 0.04354849039846505, 0.019822175871652165, -0.007554101370966931, -0.013463624430173462, 0.006497649745742516, 0.000380652474287757, 0.00743197514074646, 0.010197063512540398, -0.00851089710030073, -0.02600407487925441, -0.008950584259528412, -0.0013059461709339331, -0.004270860698975189, 0.00758376475520114, -0.006625442501918584, -0.017036844192487497, 0.017096534332524473, -0.013656655532659141, -0.011007533942855186, -0.005166116536042952, 0.03608953772781427, -0.015175664048924009, -0.033234670428682604, 0.02043923808122753, -0.046275652890569466, 0.00967472246758442, -0.0029086499733619207, -0.03716989816042436, -0.13402483670322207, -0.007150172588380685, 0.03885011648777842, -0.0035713574848769375, 0.05829510561092649, -0.0027275559654279862, 0.04078232737249433, 0.024358493934196448, -0.0028681286350400485, -0.017080374537632937, 0.03958354304226287, -0.05387019919764475, -0.011615122175586594, -0.04055332906972856, 0.0031499788765124727, 0.04971683754932797, -0.04723443897036232, 0.03069185539856344, 0.032546409723261525, 0.049987587819154765, -0.011989367435313847, -0.004198844735468915, -0.012983143707546786, -0.02126067007242121, -0.0395587652553854, 0.02009646569154989, -0.020950779894502756, 0.006150791051427558, -0.022168576394751706, 0.030541959244398266, -0.022382025458427268, 0.02969630401976421, 0.04894234230696782, 0.021871113459094146, 0.03314114615659656, -0.035232122305536705, 0.04714658437645126, -0.008898651558510565, -0.027849953432139044, -0.03556924664832507, 0.07787948677106472, 0.0003112089214333384, -0.01034228865248447, -0.02352178813641611, 0.06953875177462557, 0.030444980960868125, -0.054031940521324345, 0.04133968662992875, -0.004062373905530765, -0.027403948922609625, -0.010990856175493623, 0.053502545536220164, 0.00912225460045992, -0.05216782028480385, -0.03557392073645682, -0.014069644595559863, -0.026334697690404044, 0.028137938085445388, -0.010527509143563622, -0.02234323687798302, 0.013652114783320303, -0.002846445386275163, -0.013755442023571554, -0.019043321597734083, 0.04893933187008672, -0.035774681870786765, -0.011722722575191205, 0.07031756463546676, 0.016802104082873158, 0.009836273387685055, 0.061394361482951194, -0.027634133850266564, -0.0034485482240879783, -0.032745695195752246, -0.051297584287131756, -0.0024923885385218485, -0.02472507078837152, 0.041650427419945166, 0.022071770836352932, -0.0035105997686335527, 0.006554066465445515], [0.00923932853907221, -0.005976869154890789, -0.04586627465477953, 0.061017369137086254, 0.028051198255489684, -0.023156058364036825, 1.0043505413011056, 0.025287948978918263, -0.028510168433605196, -0.021360231369612584, -0.0405487498601344, -0.010916606949814976, 0.014764228349402662, -0.02885829945896251, -0.03765933465820169, 0.008192289020747843, 0.017889028048608792, -0.028101494635871006, -0.011007261701747286, 0.016438387188145803, 0.011887456500543712, 0.009485963060025745, -0.0005990936597253028, 0.013432103051838912, -0.005022943675785645, -0.004339620771801246, -0.02169412912775375, 0.002285334771528522, 0.02136056209754631, -0.02984256873304414, -0.15805919711799696, 0.027825719369888292, -0.05015492866274438, 0.01116725775868709, 0.01730217402433048, -0.07629303674083894, 0.14208565327197542, 0.08216827500648903, 0.08964129937972144, 0.020124465424728184, -0.06414032776370296, 0.12087163100563038, 0.050896986932172324, -0.031110611948946824, -0.09409733428733522, 0.06068369315247642, -0.01910096428386199, 0.03786134465094412, -0.06923800972881333, -0.0244782742090621, 0.025106653032384275, -0.023913163681957412, 0.027435565326418256, 0.022228190852430926, -0.09789781351531575, -0.024282991430751872, 0.0348108362879064, 0.009949788337436429, -0.025004703748854565, 0.006316824450149151, 0.026830461969973327, -0.01806874186129852, 0.012639554805267928, -0.007132629137774453, 0.012838025511605861, 0.030160521722890528, 0.09702158177702808, -0.03264357729399638, 0.06187986724271459, 0.047937764137266956, -0.03670261984868444, -0.031142145119913877, -0.027174091132313047, 0.024129233797730288, -0.01469206788673519, -0.00618717028140337, 0.04759793404668097, -0.0621071140028632, 0.007675184150772281, -0.10489936738860557, 0.016268997171750788, -0.07428064314451202, -0.08826338690864334, 0.06161753134968383, -0.027820710651123296, -0.018899315759475583, 0.047478819210632316, 0.03465942643982338, 0.0919515730424114, 0.0685787309348491, -0.12861336974221682, -0.0014463658114395705, -0.04822880414294559, -0.03283846741921858, 0.01755153767774774, 0.046137039186360765, 0.11880234331655994, 0.042852172418529906, 0.03527660967934882, -0.0617255065134343, 0.08824735623251735, -0.04283875742424745, -0.18404417027456343, -0.014847802471394741, -0.0024943293704272713, -0.06116636611880758, 0.020989102899069332, 0.04748672766054182, 0.00713951055456755, -0.04202434882974753, 0.10670518649467041, 0.029833548522677868, -0.041177544887221154, 0.0222171871605554, -0.0038615151760800124, 0.0945951918848563, 0.08019919575866487, 0.005682335119242659, 0.0002680353060502911, -0.016569791934253134, 0.017119602970832287, 0.0024373049476840982], [-0.0372595542318721, 0.07407136552339698, -0.07057480884745375, 0.013549114078328341, 0.019563593841006834, 0.0451221449576557, 0.025287948978918263, 0.8408162219253908, 0.03965333137646396, 0.018384308436953607, -0.019622603866839967, -0.06856646537666082, -0.03996140382052824, 0.019741157200091116, 0.06153503439820062, -4.571539914833519e-06, -0.011692486729393872, -0.02131339561961073, 0.004676037037025338, -0.0020901355352445053, 0.0046130914640735605, -0.011169960460799622, -0.025498207551478056, -0.004779018210953306, -0.004074436304939184, 0.0162752224157147, -0.0014729215296298418, -0.015143745813057028, -0.0331981053507438, -0.009547298076647174, 0.012013131094776024, 0.022597360619582573, -0.0053000476706343445, 0.0029937066737795635, 0.009011252589095733, -0.08534275366900179, 0.06848379536026297, 0.006515597233602103, -0.010695026399321779, 0.06173119233543053, 0.03922175951314134, 0.010976197835648472, 0.06906739260274558, -0.11831632302870446, 0.02229456608349619, 0.05648347467601679, -0.038284785272968365, -0.025597793072633095, 0.055582362195827156, -0.054938056612784246, 0.016244208802103074, 0.030458242285177954, 0.06619351076620177, -0.05948382285086814, 0.009595496799816196, 0.025581356336410694, -0.015730298346253408, -0.09499304063207242, -0.02380764093195439, -0.04381243129966534, 0.0024385322126933805, -0.004787276801857373, 0.03927485395326832, 0.016093986292264165, -0.02127437571742314, -0.03291740852493203, 0.04784855110719987, 0.04141665384520896, -0.04672920143082744, -0.023116248940445564, -0.031211393682699807, 0.010010577010422931, 0.007569618460742618, -0.0018440310888872477, 0.005055336942298718, -0.00031927180465803333, -0.04762402121045222, 0.03248368877159821, 0.07810779187628387, -0.054806672347313755, 0.04638699708260245, -0.04036227859480442, 0.0779997762169542, -0.060173100904687436, -0.055704389038222085, -0.01435627814362272, 0.005847679539441688, -0.04803635414539779, 0.030822774550424703, 0.06881941420214413, -0.08739381069702074, 0.004338643422173664, 0.05217504157069906, -0.046139887347106466, -0.05744820644802442, -0.027093271399683965, 0.054218469214240596, -0.015737492567248466, -0.029456023416453838, -0.02653305126089491, 0.0011832602772679827, -0.03411899438896489, 0.008172024397906165, 0.12148250180597824, 0.008307308375880054, -0.019882219501653284, 0.008327603440845025, 0.018574990344429155, 0.015165891814415647, 0.037526757532825326, 0.032629899593783, 0.06293062591107446, -0.02116002944207023, -0.03391608452382326, -0.022085760791253243, -0.0826541982072932, 0.0693529141718288, -0.03127436899086296, -0.013621459363664528, 0.02959046081200321, -0.0035588142190722863, -0.0007216416800973431], [-0.017942186664738475, 0.012455940257641743, -0.006410039716511155, -0.017044727531255466, -0.010300208223090539, 0.006113881120131333, -0.028510168433605196, 0.03965333137646396, 0.07381365110689404, 0.036480542776014244, -0.00800178419106482, 5.777315688294176e-05, 0.012539994460441026, 0.009960380158316488, -0.007785633628313428, 0.0009873548450128203, -0.0027298638974946983, 0.011750674771403093, -0.0015788422150173338, -0.0051499331882155965, -0.0034197031320331223, -0.008614840835218374, 0.0023724403785727764, -0.00889922210056097, 0.0002891821910252488, 0.012607328416878854, -0.002664458125871043, 0.0015053550879428016, -0.003210924103318403, 0.0058192097297091235, -0.004216313040454991, -0.0074881582039434255, 0.0010200189081099574, 0.021094941611209023, -0.001363131764577776, -0.004818599995133459, -0.011639582511410717, 0.01199959932276437, -0.0984823589889615, -0.017502017157312533, -0.00020295915291114526, 0.011513047063842577, -0.03195269598542493, -0.037819795550236, 0.02912550645575622, 0.005212276391199921, 0.00029929968768146185, -0.008734824985276689, 0.018344924264649703, 0.011056394324204084, -0.005821135607689576, -0.013848267735639443, -0.00864750243086295, -0.09856926767930067, 0.015682658621667997, -0.00028155418027241076, 0.013647365737546952, -0.007894729812749605, 0.0057992569394700755, -0.015973254640553557, 0.002607398797324942, -0.01832672709390078, 0.008951759952609616, 0.004580752421436123, 0.036550346922012866, -0.005412279325453784, 0.015526848601855681, 0.016501480352358495, -0.09425052531172068, -0.024539984457142554, -0.0045728626324846805, 0.010325027772647972, 0.005170333327524075, 0.015393631151083938, 0.0004838344448341648, -0.0055459333781582056, 0.01620633123810902, -0.006261671268389449, 0.0005582294614525659, -0.007484789763111613, -0.019534420526987374, 0.005080599594408648, 0.008967279386766868, -0.08978812579095363, 0.011717979864313333, 0.01217349334956824, 0.023573019665169295, 0.0045995204759377685, -0.030323156715747087, 0.0001626168821496408, 0.007365206059157673, 0.007058759040021773, 0.00519776018399666, -0.007062393567895647, -0.026130541131310497, 0.005688601920992173, 0.004002120985734408, 0.030149605643139184, -0.08393011528330531, 0.020507259842377244, 0.002401081047472923, -0.01068589078246791, 0.021844802654916468, 0.0039894858202878455, -0.013121987260023272, 0.011274529248522434, 0.004425978292527365, -0.006063561996328928, 0.007185104404371059, -0.00996198253113005, -0.010135417597389501, 0.004451901313215863, 0.02593615212548751, -0.08347795406843378, -0.007361935613713198, 0.0036098821934630932, -0.005790765188582887, 0.019281016002182082, 0.005517600849586807, -0.0019298265922824281, -0.0031697495593188555, -0.0001508981620630699], [-0.03756498162598688, 0.03835446017990203, -0.05592564096146902, -0.03532993696177449, 0.0356620207362821, -0.14519610185008577, -0.021360231369612584, 0.018384308436953607, 0.036480542776014244, 0.5012401299981971, -0.12683939333505306, -0.0032862384267436516, -0.01298100206808241, 0.03122143245049844, -0.03215349999810608, 0.024983220693170757, -0.010060800002567614, 0.00841729072278285, -0.02231842174518732, -0.015021911036784234, 0.011723878567844553, 0.008956843462539202, 0.013353347163851899, -0.008437910163708104, 0.0046860997897625765, 0.010793752597530779, -0.004596543201826917, 0.005419194375595295, 0.00436242306093948, 0.002351612373103196, -0.1014081980222533, 0.006973971074028426, -0.06092910662866113, 0.008518292200884245, -0.09295489590649944, -0.04264225345454963, 0.023800902334845997, -0.024849862527674044, -0.01855992781211543, -0.05391016509286659, 0.008103616059939225, 0.09211485302974413, 0.11055185319935704, -0.052829390575347975, 0.09003168698320399, -0.011218028761769904, -0.04165045810413078, -0.006964366256476528, 0.029242365661468487, 0.029754421959421073, -0.054655156028292726, 0.013135508393257035, -0.006365948274792695, -0.05444736478406354, -0.058188236125003394, -0.041980516432929556, -0.020024611660964177, -0.02567617470891634, 0.015970274726962205, -0.001854650138896197, -0.05349880095620209, 0.02068392301294186, -0.04608555882348801, 0.046139325604097337, 0.03492015923410344, -0.0536859286865402, -0.02920286124117758, 0.05044563968974311, -0.03931897193855666, -0.08678981925703878, -0.061173629593782856, -0.0020321535739260756, -0.07912760430642124, 0.016343568604822445, -0.022054578057684075, -0.02625993747539221, 0.0308053324459989, -0.06422392075287124, 0.09153425437224198, 0.03771370899725559, 0.028106663886035627, -0.016073157066088917, -0.0415663138252534, -0.02454035557131863, -0.018496643161204987, -0.086750468854916, 0.03723799705865987, 0.03348823521183482, 0.045679682646006414, 0.025648350449329504, 0.002487317050401443, 0.005722598484322675, -0.025682562986787016, -0.032786031401142744, -0.003574113364818183, 0.043351318344910524, 0.027043621285003195, 0.04657895009035155, -0.0026354816964479838, 0.056196130283947376, -0.06320538810135969, -0.013595797854923425, 0.041176100426443235, 0.01908349646530643, 0.03353379863801381, -0.04835093523802434, -0.003181699550820872, -0.018500413914082484, 0.023343222537720237, -0.012121616446775993, -0.024923384803685007, 0.014824160029950233, -0.03213557970879312, -0.019668838970642366, -0.05209334297836029, -0.04222990956011143, -0.029758092254101313, -0.03176095099135417, 0.022742533917349733, -0.012421868094073339, -0.0041479874517206805, 0.011525231383438818], [0.20755580860678938, 0.20079807974685962, -0.016589989037779192, -0.2457020254437446, 0.04569297059835468, -0.01817573451005949, -0.0405487498601344, -0.019622603866839967, -0.00800178419106482, -0.12683939333505306, 0.6252401316155023, 0.12677326250067392, -0.005593883079327731, -0.06731392615558277, -0.0010263542836853137, -0.018388973134077752, 0.003430523357806695, -0.007142715922818037, 0.020162983642920896, 0.0032704873916288256, -0.01826477012117174, -0.0039057687267722275, -0.008893784681875431, -0.007001250050250208, 0.001318651367370596, 0.02044276329395965, 0.00757392549219572, -0.003724753376320246, 0.011403949326638742, 0.002610746021962491, 0.15755932247835167, 0.022512507217165238, 0.11578641090412246, -0.12471240279526334, 0.03410627785890341, 0.048692101387330815, 0.023159358521655193, 0.02275394642416671, 0.003647112518243078, -0.017441618333548146, 0.17420813074895236, 0.04318657062264541, -0.15672877977503313, -0.043873223184252415, 0.0319266074928824, 0.0032466207867333174, 0.032673336610982984, -0.020139985898821107, -0.033260195602831964, -0.028540007214939548, 0.020128328058602395, 0.017153068480346333, 0.017073795407612516, -0.023980080481862683, -0.030079459502802712, -0.13576720749793036, 0.013241185813407982, -0.015118138393334105, 0.027731485629457722, -0.03744957055171652, 0.052666255976096546, 0.0338461736096304, -0.01400029039583934, -0.035244493886750335, 0.05067545771885568, 0.017872536628777726, -0.010170312534312146, -0.0073421409469937955, -0.027393274740612893, 0.03712958927116211, -0.11841153027322505, 0.06709938369310446, 0.0841849454952275, -0.08674356013292757, -0.006318585692988306, -0.02805508346758281, -0.03188359314108451, 0.02134584635297802, -0.07081068121603473, -0.01054895495918769, -0.013506691892847244, -0.05981941050726147, 0.09134831343518061, -0.0056631368804347885, 0.012043957268000526, -0.12009694060002367, -0.010468553108475264, -0.037244044708205463, 0.011736190013363058, 0.057521951140088144, 0.09866458455039478, -0.08767439551136687, 0.09994586481281825, -0.03808441882610403, -0.042043221991378596, -0.04785893006326691, 0.007726435605247986, 0.009166440898362419, -0.05947958125751701, -0.06142256712353684, -0.01186034162704514, 0.016127447270891007, -0.00858644439099226, 0.01865200429665466, 0.055181537176058594, 0.13039631636081933, 0.0706930219807098, -0.008665121342914278, -0.05035225998190836, 0.022564256761389987, -0.026821173509220256, -0.05213141644475425, 0.056694134472456394, -0.04522826805153173, -0.013529028706283943, 0.07181844934037902, 0.019241714327638187, 0.02697242689620156, 0.017930964557576624, -0.0032991769004282394, -0.014565055616247706, -0.010383543401057507], [0.1272672881911825, 0.002370329980370591, 0.051299736116186684, -0.0171898719225648, 0.12572672809505805, -0.04420188595480282, -0.010916606949814976, -0.06856646537666082, 5.777315688294176e-05, -0.0032862384267436516, 0.12677326250067392, 0.792608066581271, 0.03434495920254177, -0.08654269518196939, 0.024840157206875508, -0.020097033960358134, 0.0006278592317075876, 0.014728577763346275, -0.001573739779287112, 0.003433088081117329, -0.041720050123907906, 0.009720677672958174, -0.0010734996896749705, 0.0046662688919137, 0.012398039965596363, -0.0020282033923863818, -0.013756359470435865, 0.008699560398556398, -0.011618076125275222, 0.008908536870283779, 0.04144103891377045, -0.09392889247094345, 0.06706670346840166, 0.005065973499774204, 0.057436393625961785, 0.024920570812393954, -0.007617751360671867, -0.14687585140710735, -0.014902557659783836, -0.012086369849167724, 0.10664860228934495, 0.04798325834666375, -0.0767619757365105, -0.036310492135732765, 0.01669944442630874, 0.02299612313230744, -0.005667745982398802, -0.02306254701638769, 0.00500754125315748, -0.05472762019269505, -0.0372195885383968, 0.055292560557342385, 0.0281880229748195, 0.004729336347927984, -0.002940090843979544, 0.004606195551686981, 0.03856314455627268, -0.0612974697804741, -0.013866950474357622, 0.013278328769546493, 0.003005351794620064, -0.06906638655512991, 0.09862279661245385, -0.0008689871886243399, 0.03429105349702449, -0.0020810004337438763, 0.026350358252530202, -0.05209190524598401, -0.0387912406950934, 0.0008406110648877904, -0.028951493472723116, -0.026655560075538536, -0.09426347972478005, 0.0025361911813321773, 0.027985273186180926, 0.008816881030671504, 0.004595454278294199, 0.007015425134226866, -0.047809287446869866, -0.057496355258954954, -0.03152480146478139, 0.014519123423772996, 0.058865591836004066, -0.013604536573458724, -0.02858337523126707, -0.01474316330430222, 0.060672472101518236, 0.04321143582822795, -0.03071898008537744, -0.005122967541196471, 0.10129657583410262, -0.07323729343081546, 0.0354524207094489, -0.02435109523039767, 0.01629455486397444, -0.028701107971805116, 0.016101926238048184, -0.052564903582132665, -0.019120734236668702, 0.04965228765962594, 0.06707530352303935, -0.13816470553352814, 0.04706166440983214, -0.10763616654802927, 0.1262585869927999, -0.02304629461021978, -0.06117289000983899, 0.06057512070849026, 0.01308164695623086, -0.061976719696078535, -0.05668436711283361, 0.011505625498363415, -0.015890337990901098, 0.013538177697534659, 0.05126857103860849, 0.016583933454173687, -0.056686211300305246, 0.04340358586218379, 0.014427140121215853, -0.00341217600832822, 0.012023717647960199, 0.0008798965583134857], [0.04974042482279793, 0.0037432021540760563, 0.015764638851622256, -0.009896863601884427, 0.0649541268802561, -0.025230566761418986, 0.014764228349402662, -0.03996140382052824, 0.012539994460441026, -0.01298100206808241, -0.005593883079327731, 0.03434495920254177, 0.7280572236186975, 0.02296197787248887, 0.08828060703393953, -0.025360479912357677, 0.0055005906877990994, -0.0015816223145524548, -0.004640180681025489, -0.018925410459429116, -0.00043611181913881834, 0.006463262993468891, 0.0038914277359930905, -0.011152462828442535, 0.0036723760380725718, 0.008878985584033106, 0.023313881557204073, 0.008597127847668534, -0.010629196814977086, -0.010355606313985095, -0.010669594096957594, 0.03294127992047687, -0.007430235145548913, 0.003096473287151895, 0.07537975795825894, 0.04600317194700484, 0.019030525911104244, 0.011485557875917138, 0.04402402396941282, -0.07597721795691924, 0.05518563545301543, 0.03068742456743988, -0.05571714311293987, 0.002763448869275085, 0.004479165032700427, 0.016590805274442115, 0.049765120576423676, -0.06903460682048097, -0.023177319104429647, -0.08228604507714549, -0.0979608830082842, 0.03268958132942678, 0.006410761368178678, 0.009936899064210209, 0.11419768080905099, -0.007998700380679454, 0.13970097880403853, -0.02778805191808176, 0.04744925479940986, 0.04542786247185307, -0.007167268774392081, -0.05066128324018398, -0.003423485987808902, 0.041567484756270194, -0.02750987265133048, 0.07060298230357875, 0.045247894014982824, -0.03818429860186156, -0.020743572025508073, -0.06855274775568818, -0.034192680454993046, -0.03608007900613206, -0.0625444124953423, 0.023825628249558684, -0.0048743323899811475, -0.0463214773994769, 0.023048275258021805, -0.08757181469917018, -0.032228214102206464, 0.0694165467768203, -0.04586208368097098, -0.025555358728940873, 0.06977004606657974, 0.0083596590204448, 0.04231800650725218, -0.02834569864325948, -0.016297370583833, -0.013120139930991502, 0.0315231086087957, -0.034417922683375825, -0.04506092350292753, 0.05172143653413965, -0.029906899158451558, -0.03311850406407136, 0.03068290735100847, 0.0166784545800051, -0.011518412093255067, 0.03557811982094997, -0.003831888600413771, 0.0688831594044992, -0.06462855143477128, -0.019661861130709876, -0.016821702784117758, 0.12339456966550492, -0.04812682318796236, -0.0350025634790836, -0.0033670459102119947, 0.0048902916808763, 0.007848348343458463, -0.00752285869331228, -0.046329219588209306, -0.03988128806395563, -0.014368047698490502, 0.005095324343720623, 0.0104960679111675, 0.04012981832928664, -0.04329535366573167, -0.0776805921935684, -0.005097583655599011, -0.07724348391702641, -0.001096129649405825, 0.01018201598461445], [0.06434735509274776, -0.007649620637940729, 0.11049657616978324, -0.1083255962466535, -0.041900574793075886, 0.04354849039846505, -0.02885829945896251, 0.019741157200091116, 0.009960380158316488, 0.03122143245049844, -0.06731392615558277, -0.08654269518196939, 0.02296197787248887, 0.4667378971145085, 0.22131465941455786, 0.007788191422024587, -0.008277180700304643, -0.007825970247896542, 0.011554344130510489, 0.0027424756412483373, 0.01125198379319936, -0.00438872631585789, -0.019975238004347154, 0.0031337136881177353, -0.012021412407389374, -0.01198359526230306, 0.011156876516129536, -0.005023973420367342, -0.01224206896857896, 0.0023311736641852174, 0.060785277915515634, 0.014425056890212402, -0.029691068745415355, 0.054370308654246344, -0.0034739821244319648, -0.04036119505869349, -0.007982665440111458, 0.0038509910603139247, 0.005969380321438209, 0.0013787255938655294, -0.0969000839614788, -0.03134371935822398, 0.01796529229549911, -0.07785696433677752, 0.0606907248045018, 0.06067263355394424, -0.02658196614118577, 0.026086556922323003, -0.00945238640350833, -0.022564517504096052, -0.04702411587488368, 0.0049011891110803864, 0.01663423157756679, -0.015741634235967264, 0.03337519584749439, 0.0020627890762587686, 0.0030771432510090886, -0.04302450545933895, -0.10154233041242793, 0.07778532091591164, 0.03691089545545624, 0.042461213422223226, -0.03429807042400847, -0.05292039595960692, 0.007246004912529646, -0.026052465429134752, -0.005950616094936041, -0.03277834804854393, -0.024330146448944667, 0.0669402307151664, 0.026716577603720308, 0.05648522684826973, -0.04151126357586561, -0.020357567108488794, 0.03862989301416312, 0.02293508810080659, 0.03537358797219257, 0.04115531807180105, -0.03917727182523327, -0.0012035472351641233, -0.03875260085742523, -0.006323044068904485, 0.004878477865031196, -0.040938755236470295, -0.025630415459823787, -0.027248342738764857, 0.004185493679717526, -0.015022096757076933, -0.03129406937432447, 0.056975512912642, 0.06413277818566904, 0.00655915353245729, 0.030032832299615175, -0.04110175518931593, 0.025280382921650777, -0.015495696806231024, 0.0061443303064738965, 0.07622552587283474, 0.006240818768559516, 0.037593936519251976, -0.09428567742805351, -0.008511028815030052, 0.01732903250972523, 0.08548874460051299, -0.09338649898569443, 0.08540584610700871, 0.02239142235632639, 0.012727169121093476, -0.05119312995613978, -0.009891034743198008, 0.03840475670380248, -0.0627511026461894, -0.014952105594023268, -0.006015655591497623, -0.06469278337283577, -0.06173476992569628, -0.014585350201522688, -0.019596318570222863, 0.004002989777622019, 0.014044564087884062, -0.004558462891008481, 0.00344186483648191], [-0.036125448529342345, 0.008056414188385238, -0.010634199040581193, -0.0044992385365314, -0.024022644712213832, 0.019822175871652165, -0.03765933465820169, 0.06153503439820062, -0.007785633628313428, -0.03215349999810608, -0.0010263542836853137, 0.024840157206875508, 0.08828060703393953, 0.22131465941455786, 0.6639634305683947, -0.0062897440537938625, 0.0034356911010137454, -0.005136021071120493, 0.013381227181157232, -0.003003829418546209, 0.009930092456373961, -0.01723054980387129, -0.018276141424546914, 0.005299557436751273, -0.0005938016617745924, -0.01784627604107728, 0.006430926699252807, 0.0014816450067241813, 0.003488616767900779, 0.002959941198918634, 0.03144680259705295, 0.015822755423090435, -0.03409151961748552, 0.08967243167125713, 0.019687035260103923, -0.0323246384732743, 0.0658237378894881, 0.0023933652368322896, 0.011077941239862657, 0.00948715234090484, -0.024496551916804797, 0.010847122458265876, 0.027510213382514255, 0.004962600115796296, 0.01105914477383248, 0.033973710799893836, 0.0043271865212231525, -0.0005723338509348259, -0.004211435603363489, -0.04408960656181844, -0.07459315967520543, -0.010712462866412933, 0.025192488121487958, -0.0008560331744668694, -0.004563958817594428, 0.018056065680107678, 0.04258636742827262, -0.10681764391121783, -0.008029448295705776, 0.09850106639153323, 0.03631755584693697, 0.009457772390488046, -0.0321634771639883, -0.023509388163779524, 0.008394636653558746, 0.00975261906396836, -0.030928602624479582, -0.0107797274183051, -0.0019729326306451144, 0.02353720755147326, -0.031024469199507895, 0.018639563081787536, -0.03233747955586484, 0.06214867070605871, 0.0035712352844457606, -0.024109206537402835, 0.042962135193250386, -0.036762119259033436, -0.04367895363665454, -0.028848111739014054, -0.0381608031673156, 0.03802090313856936, 0.08245007102059723, -0.006958295232484867, -0.04961400743351824, -0.01781233036228423, 0.0011825618343175332, 0.018552562051524314, 0.06613966419152281, 0.026720326286713177, 0.032081610449984886, 0.02106363650343494, -0.04494037851619392, 0.024995079644510625, 0.10165112397490328, -0.01889111335228218, 0.0411871763478941, -0.05149447197412738, 0.01855191445513455, -0.05146427830033591, -0.06755368497621039, 0.017136835297433355, -0.018231430795486822, -0.0800