{"inv_metric": [[0.5644250506394571, -0.3030968368881543, 0.08471288226804037, 0.21577098244855347, 0.019239068160501173, -0.04998127788646884, -0.018976746736086174, -0.07867659231022713, -0.029204376442128557, 0.030593132825416536, -0.0584756192339543, -0.06649597524703156, 0.013492310076743631, 0.03764890613641624, 0.09614724950496302, -0.0022243477018561134, -0.0043205460112844, -0.006432641270535375, -0.015257222686001595, -0.010847822405806702, 0.017923638616733586, -0.008169018313628597, 0.0029971950393886467, 0.003408199040219895, 0.03731726228968445, 0.0039184246652337, -0.020593478806111253, 0.009259631475341298, 0.006096692840051588, 0.0045013259886239115, -0.05478513305930818, -0.11213836246585263, 0.001588027165099512, 0.06168567426425154, -0.03989024985103193, 0.01896016144925996, 0.06215708015787024, -0.025997174081334354, 0.013747705830296443, 0.032328823554995126, 0.04674106367464372, -0.003797050137887083, 0.006774146580315444, 0.04382130068565453, -0.01031915225655502, -0.10483431729097355, -0.054098281001772594, 0.014233049011262164, 0.0466688262479888, 0.005653998378457072, 0.025583819211367275, -0.061204535988047884, -0.035976091244436986, 0.005696700906289808, 0.030792494625359344, 0.006024485386040837, -0.01792929940164662, 0.05529704731124699, -0.01718303359332336, 0.018080224248244525, -0.09762673953281467, -0.09676628206863269, 0.06735827406047194, 0.03481527970950295, 0.03888760619335357, -0.02637481399809365, 0.03085838863949071, -0.019667113221491853, -0.0215719796744785, -0.0011426722025925195, -0.019417462018371755, -0.04839389160370371, -0.021072505997625907, -0.03444656129558329, -0.04353811703828159, -0.08285674991611812, -0.06018759962316458, 0.08271865230866547, 0.017661520370570102, 0.003623245687244548, 0.008263396989977028, 0.021966166388280632, 0.044567642356011745, 0.0006889553302087703, -0.01995334219882804, -0.007675494286612703, -0.04188825413405504, -0.012119920635133594, -0.013146796749890863, 0.014379637565399287, -0.04610254877079567, -0.06861069005250238, 0.05960205909854221, 0.09099069258328979, -0.02450758963087627, 0.0010948642358833368, 0.008361730489125257, 0.008295431009153793, -0.034285564931026136, 0.03155761862693638, -0.06304186323744276, 0.0011550243043943725, -0.04077615585128669, -0.02548360638108716, -0.05415371056748419, -0.13428338584840713, -0.062291310582181424, 0.004163531321024947, 0.0467995903124454, 0.014477510624548932, -0.03069916095416321, 0.014151759977357382, -0.029770812475453674, 0.004176402345959247, -0.03962589108366141, -0.051260095416230736, 0.01716391950143921, -0.026814410788759988, -0.013911142148920337, -0.050422714548300475, 0.007728180570672229, 0.00524672937570926], [-0.3030968368881543, 0.652406556557925, -0.11647298627950538, -0.17539402141701926, 0.0018024181011225416, 0.07500655329068352, -0.004058508019337028, 0.050105698143483236, 0.025136940562502548, 0.008155727196843154, 0.05600565161674341, 0.025089717729723675, 0.08912093527823911, 0.036267217156332056, 0.03328399633894734, -0.0056114051142614205, -0.007886280206001435, 0.016234580023076216, 0.005779717138429306, 0.0022847317810077384, -0.026570357222515713, 0.004728030985311094, 0.0014084785201992091, 0.006926703215304376, -0.016583167722953013, -0.0009797289861519054, 0.008917136818670693, -0.012109067862110244, -0.002865856946748151, -0.013345823317412648, -0.02139271568505944, -0.02956558067763427, 0.030955051511197245, 0.0905371171285701, 0.06485436298011345, 0.008580686396253277, -0.015181287448253974, 0.04457416700233773, -0.013486672460551923, -0.01612450676207172, -0.03131256231334332, 0.0004262854514780572, 0.02989069651245124, -0.015159966547233002, -0.02227695416196689, -0.022527217243656656, -0.01371413622547977, -0.02400754988629521, 0.02286397197338466, -0.019933493602434262, -0.0034017560164268075, 0.09026234236751815, -0.05232840850791682, 0.0021873093882125135, 0.0027081328282076256, -0.05183327694974659, -0.0258797302045879, -0.07967729563093577, 0.021712149054197424, -0.009907724914090537, -0.0034430808335810226, -0.015062349283108487, -0.05915782583735621, 0.011793422690886655, -0.015759380726421017, 0.05309186855803138, 0.028245085545923396, -0.03771804006162925, -0.006632477096014914, 0.013512301308719409, 0.02412431816214429, -0.00028149730900617527, -0.01799354379118863, 0.0006760557045216635, 0.04517981208838693, -0.02288301641326701, 0.03215325343137083, -0.08248035763082023, 0.04829450176214833, 0.04052101658900155, -0.011219617948504216, 0.023259453826024776, -0.04717679958120199, 0.006181042156173553, 0.03909149719910717, -0.03623995205211383, 0.03447278459312662, 0.015952118548112168, -0.02809903893509272, -0.014723729391904519, -0.06983498917861487, 0.029154123358402815, 0.008768013850608783, -0.018405191456751364, 0.006266277136970272, -0.03239839931723462, 0.02963913213683243, 0.031784917972103546, 0.03680223114365856, -0.006647624130094237, -0.002652602568129563, -0.02257610034666032, 0.05911408971082926, 0.031068760024917978, 0.022563593589125987, -0.02659587950220545, -0.003572766624675193, 0.05768123879971048, 0.0005393750744675808, 0.0012979794092067589, 0.027950684163427525, 0.008566737505347422, 0.02275740413591635, -0.009025081778352694, -0.020007481437090458, 0.04383289596388461, 0.01647280342459971, -0.026085819923373024, 0.012584087792741368, 0.062477139882849836, 1.3893148090740028e-05, -0.0036586606585313395], [0.08471288226804037, -0.11647298627950538, 0.43732318976509515, -0.05098907752617455, 0.053991615839208584, -0.09092030078560305, -0.0017522204592055324, -0.006549094865352785, 0.0017604340100116553, -0.15804859510402844, -0.004324308903227099, -0.059780181809435756, -0.0746758018908547, 0.037450820139859495, 0.04338984079545937, -0.002364149666171879, -0.013841848767922903, 0.0012995879157783597, -0.012285457154281523, -0.007836031339898372, 0.009643926834976222, 0.003144519935481346, 0.0015969867226198757, -0.0028672259114114708, 0.019912202213246973, -0.024831632793826258, 0.002107716718716558, 0.004967297940984921, 0.012096680351979583, -0.008236392114750964, 0.02526878391424788, 0.03757648300207364, -0.06454156913805985, 0.043213576474075165, 0.0229329221246256, 0.01880211141877778, 0.026600924500537245, 0.012773441135620258, -0.01552136100022894, -0.06175978677063886, -0.03752746744320734, -0.01346586891809288, 0.061317638692356284, -0.005025621293644338, 0.06319619841124417, 0.0394251078335837, 0.020583884164842702, -0.04190423068169348, 0.008544544050640214, 0.05819834846328704, -0.06423870142554633, -0.023650798555002878, -0.0171806698418515, -0.029869642148630266, -0.01086383580840788, -0.0024185176035122287, -0.01738831896202265, -0.07868818152859242, -0.04149158156611232, 0.02962782308135551, 0.005041333156673085, 0.04313765382775553, -0.017450258065694904, 0.017194503951164588, 0.02436013286311898, -0.0780793899874944, -0.010104184210731285, -0.02240113796483661, -0.037165132168515545, -0.025207529461846127, -0.020712043759900673, -0.02835198305023399, -0.06887940316276826, -0.015461423381972077, 0.05507516212737856, -0.06328457881827983, 0.0059487588816290946, 0.031034620074022877, -0.05309547105377723, -0.04020544959131223, 0.009593246228673857, 0.005327600144615635, 0.008024309509929564, -0.0159492489779288, -0.160702506721682, -0.04624293364986934, -0.11065070241577471, -0.008783385341637275, -0.02514897765806267, -0.03497102833852192, 0.05319077654557744, -0.004428155312545066, -0.08480887513543314, 0.026252548726731682, 0.048961625480763056, -0.02355949558461901, 0.019403960622513074, 0.05748301693244251, -0.06914478127827545, -0.0757293396966119, 0.055102737841780006, -0.015173840291735683, -0.07950256025124325, -0.060651309264730606, 0.02400916592188296, 0.06613021595237249, -0.005669163505820942, -0.09413498902209054, 0.10552136338388367, -0.06992767536147027, -0.009447312229638743, 0.041911961952075645, 0.04958179459282145, -0.013307205657730005, -0.004812048575791683, -0.0009097280075089684, 0.013219895185090048, -0.03450424017091331, 0.015401845691628084, 0.014756928390731094, 0.0017691275844974339, -0.010068144329185905], [0.21577098244855347, -0.17539402141701926, -0.05098907752617455, 0.4566164428510333, 0.06870139766937655, -0.004703415113159404, 0.018579631003510545, -0.0001678399591061109, -0.02375772193264405, 0.11230731862396813, -0.05225120811968286, 0.06369438247301791, 0.07137026775890941, -0.06721479837481456, -0.10336685484990124, 0.005455128669979152, -0.0002667167925259407, -0.021143151753086026, -0.010182619320904394, -0.0007920417400587627, 0.018255079345005473, -0.007753562045338027, -0.012905448625182928, -0.003473031592594613, 0.004157113096227832, 0.02069564993922675, -0.006980955742704503, -0.00294781461696517, 0.01113438518148732, 0.00017566587816840855, 0.0730035698374787, -0.0386018583902777, 0.04950546136657917, -0.07914092329887412, -0.08879275383058706, 0.0025451522817173835, -0.004931078613202522, -0.026945285915022286, 0.03768277382936526, 0.0822029545809395, 0.08924379780042747, -0.01576812803164788, -0.058400244842359124, 0.026290017606600845, 0.016394256373685058, 0.02106944216688318, 0.07192697056037362, 0.0801214159822788, -0.08765856629747906, 0.029683657611230572, 0.04928585476594804, -0.046579914217776686, 0.016326995348243896, 0.013486444051356362, -0.015319757790674526, 0.03637921312591117, -0.029367379626524217, 0.05100312389175564, 0.006571129095904978, 0.04449715906435873, 0.004544370587789596, 0.08329233960852171, -0.011441213802618998, -0.10364264727681871, 0.047801918572068225, -0.008330233465702023, 0.020197386624456255, -0.02087698450662818, 0.018564961150676653, -0.02882591042181824, -0.01547816946183973, -0.02973862510223399, 0.025541606187978676, -0.028813103353291243, -0.056840360307452396, 0.1573373565246649, 0.014982373618352762, 0.06649350162897583, 0.022057817041229767, -0.022337678870866164, 0.02568895155178413, 0.014572259827558096, 0.008954152153957841, -0.0007236441798837837, 0.03867120169323082, 0.03576438965216687, 0.005437354938210389, -0.013226154268277621, 0.02101941187402999, 0.08028314530736701, 0.06549037123773023, 0.03754264512089438, 0.05084180347311193, -0.050819387739020484, -0.0755612378115072, 0.022117802718449486, -0.037402827107866556, 0.033225732320982596, 0.00034963521912217656, 0.012065315717180823, -0.04994022854544492, -0.0042092794686036635, 0.0014113366742584809, -0.006552250279054766, 0.01592400078280359, 0.03659685599080334, 0.00676176859951527, 0.04619975229061016, -0.09055080553227984, 0.06500952586857531, -0.039275298588429236, -0.07039023897722804, -0.0021894634148868133, 0.020213110336625657, 0.001695570440592814, -0.02534210837153676, -0.010534131920782128, 0.007195088474373057, -0.048019770833306885, 0.027241076621720355, -0.004050784333446198, 0.010871900035707259], [0.019239068160501173, 0.0018024181011225416, 0.053991615839208584, 0.06870139766937655, 1.118797356535043, -0.03712018957627601, -0.03601279833057302, 0.03530753769841672, 0.004060874130601866, 0.01526824461521286, -0.012353385856048829, 0.03668406960617612, -0.028550145605465656, -0.02008816761553295, -0.040512654058652606, -0.01744342597650201, 0.006347487420804798, -0.033725722721015476, 0.008929354494532282, 0.012839071779229699, -0.013531124990204733, -0.010642717000760613, 0.00940810855491561, -0.016526243956340222, -0.010727178409728795, -0.03330434284611625, 0.029244193252071986, -0.01173077059890483, -0.018000414547479863, 0.010927843616650227, -0.03117375698240914, 0.007855141286011152, 0.04462212412303771, -0.03537691919387837, -0.03490349813802601, -0.03338780067029029, -0.049994545510279216, 0.07593620492718048, -0.013415031143060335, -0.05743304508993234, 0.005424474626772183, -0.021529202598604052, -0.0473308254257364, -0.0009092698445378818, -0.0018367842617363491, -0.01793032022880684, 0.07688714437814938, -0.027871372545397788, -0.010484567046076686, 0.04854150947458385, -0.0576820330991686, -0.09129535246520613, -0.051016787822546934, -0.023638451823765366, 0.019525442020470934, -0.018254550508846716, -0.0013019005774038191, 0.137917000692881, 0.008075535284332967, 0.0924608101201005, -0.009910913638055345, 0.052177121270538945, -0.08404855382914483, -0.011264778544900045, 0.08521799793195622, -0.003080208559840341, -0.06291793188727592, -0.06835375118508756, -0.028797906232450866, 0.06321335416122965, -0.04880407290457655, 0.0025114193730506923, -0.019203664446406827, 0.0026587004054623494, 0.02995745319199758, -0.06748656691827716, 0.02396549963534035, 0.08635465676777015, -0.027363792165810013, -0.04838531928611075, 0.011166992243125154, 0.03792254756800028, 0.07161788124405782, -0.01473210545200352, -0.029562549626949396, -0.0015152410761036408, -0.08514823914228041, 0.028388372724204716, 0.06943276366088695, 0.05544253954633162, 0.004016398032837586, 0.01113766793735158, -0.05215871413819622, -0.008400092763079499, -0.0018176305658461208, -0.004476536906296647, -0.018688022621511785, 0.0466028375271482, -0.03609807225425765, 0.07009709331822295, 0.04857739163891698, -0.09845397318294706, -0.007683857343361148, 0.015094979509608407, -0.0980757481714438, 0.10230679206397797, -0.06511138997885332, -0.02155115072832113, 0.047367409368448396, 0.036606996740293704, -0.012371947398025699, -0.07573149969171018, -0.03686036986401232, -0.025938315104221645, -0.03191995026559463, 0.0039190895279833105, -0.03959413662704961, 0.06949374048978721, -0.020651560853573784, 0.06407937495770855, 0.005181029698249386, -0.005625245592687257], [-0.04998127788646884, 0.07500655329068352, -0.09092030078560305, -0.004703415113159404, -0.03712018957627601, 0.4854194467859947, 0.10463947077344746, 0.059736772945279557, -0.019963215197319525, -0.14401996037744338, 0.10022219899228305, 0.0307729068713316, 0.016959341583145975, 0.0126586360629589, 0.018194697107355176, 0.016129821753187428, -0.004322214868630746, 0.006525207028780804, 0.01832953362798895, 0.008196659419528523, -0.008665881480215576, -0.01183207848997152, -0.0002648484077526208, 0.022044433682449543, -0.024156074951954036, 0.0025262991379075453, -0.0006502853842901397, -0.006019888542601746, -0.002521367354684016, -0.011264993179891917, 0.004824297069238519, -0.024156704788201283, 0.00795866091200588, -0.021406772779091816, 0.02894102489410583, -0.005702194983746148, -0.008211105401616918, 0.05883010769226122, 0.021446208896280114, -0.008616493846114931, 0.04932296774488822, -0.022097358313890928, -0.013799529865848642, 0.026859423940429995, 0.04854027532136693, 0.04815804591607016, 0.026527620607966613, -0.050416581203390834, 0.02340534057819891, -0.03771616484446621, 0.024966387901305318, 0.07144822291313917, -0.02440441425871642, 0.024310677733880206, 0.02458511049566169, -0.0013218079810099399, -0.03662127157554826, -0.05809738639231099, 0.002027144224128888, -0.0013165079602328158, 0.0476929605693022, -0.01613942622139858, -0.041583101574456605, 0.029836974122759746, -0.026596227590256365, -0.014261041888309931, 0.052097868530217584, -0.0019089778076661207, 0.04772506020146285, 0.008554237564683867, 0.017728368572701478, -0.019627035015030984, 0.06440638490544037, -0.011590413336523601, 0.012858088067112777, -0.020567895036633876, -0.03325145662465537, -0.06098122225470751, 0.029142763910932415, 0.07052990538175587, 0.000145011164209642, -0.015022942457100032, 0.048715635311392384, 0.04527440369501507, 0.11363351566645377, 0.03699342050436842, 0.017401768217256038, -0.06675735081425595, 0.051214801130375395, 0.026254532817581545, -0.013272115148445049, 0.0076354491277592215, -0.012860976315220669, 0.011276760537505424, -0.044452903845113814, 0.03169852455085003, 0.054136567009789076, 0.05453151240595762, 0.04839695437677298, 0.011417581418581258, -0.006895404979877179, -0.019085952648309326, 0.035295269215609, 0.04279138416683022, 0.026254457824030252, 0.016910281750559787, 0.02354209485786514, 0.011865334844093835, -0.00859974313090685, 0.05641335478541692, 0.019296779864358723, -0.057751713026170264, 0.019768220430035028, 0.05204855247217597, -0.03562151382581554, 0.026243234487426534, -0.03604932674974281, -0.0090874229648644, 0.03036376300065706, -0.01657761008039371, -0.001068631637756342, 0.006394315950865644], [-0.018976746736086174, -0.004058508019337028, -0.0017522204592055324, 0.018579631003510545, -0.03601279833057302, 0.10463947077344746, 1.0493108246061096, -0.03079069564671625, -0.009308625251050529, 0.0008370769753339419, 0.023818170169821885, 0.01823829301058144, -0.005071909195164484, -0.019128518380648492, -0.031914978743288185, 0.005518232659773893, -0.007181878289026235, -0.033027523795838724, 0.003933507395939983, 0.015899726035537198, -0.020594424471452134, 0.00046750421941207845, -0.05443640999490681, 0.02434244899420528, -0.007718926134244277, -0.002966938209174838, 0.010724864021452521, 0.008179583155652563, 0.007386275796444168, 0.003742934545756775, -0.07408970988614684, 0.0951234756358264, 0.013780955542447458, -0.06813386902398647, -0.06901980434815644, -0.04855245323542089, 0.03296022290642275, 0.026738327028056168, 0.005713815437582599, -0.08040891964119952, 0.018906365121732126, 0.032244470176790115, -0.016014563779142687, -0.009567254625650948, -0.03238929001446731, 0.02101415974406262, 0.10879587730406527, -0.1125566100441181, 0.004795283756409148, -0.018740833199285465, -0.022452371764230296, -0.08448952207785242, 0.030737989634940257, 0.0010249429379834368, 0.08268921211289444, -0.071445229013867, -0.018924660560406606, -0.08713963892774906, -0.015171779262985265, -0.005601783715495409, -0.04304093738307437, -0.053951763882873746, -0.035130150482997585, -0.05725798525351408, -0.018343503257504827, -0.07919483880729024, -0.009371821549457697, -0.06962978907139505, 0.00663896754725528, 0.0004930783322309068, 0.003751186745304951, 0.02956357062713622, 0.01511931949692114, -0.02211470934226062, -0.06029125175476857, 0.03634392303124115, -0.11987853104487288, 0.0011258427765126612, 0.07686771108739143, 0.08471815547650262, -0.0017404544493549658, -0.11735296012467486, 0.14915230158956413, -0.008438231953952855, 0.007020930568885677, 0.01525517870747517, 0.03428789419526405, 0.051696474925446635, 0.001835023979522881, 0.0309187566963739, -0.0118121830781997, 0.033318282540925545, 0.008450383103597704, 0.0011540899097547018, -0.027589448132428182, -0.03298686344192914, 0.024301553645030973, -0.054396515250195426, 0.008163978986126797, 0.03264254866510583, -0.0005208192741838323, -0.0185533717606544, -0.04169669767811393, 0.04761529303148763, 0.0359693513942212, 0.0020277802089494756, 0.046287709496011895, -0.035237444206729425, 0.011651296915556998, -0.001909259192918347, -0.03403123592469151, 0.08830452264811339, 0.028616718384917535, 0.006793427811902453, -0.02692381893751267, 0.005413387505773155, -0.0025375810702949145, 0.020995770666801195, -0.007574021640277715, 0.016211734787179886, -0.004058600939824084, -2.3503246227718907e-05], [-0.07867659231022713, 0.050105698143483236, -0.006549094865352785, -0.0001678399591061109, 0.03530753769841672, 0.059736772945279557, -0.03079069564671625, 0.9897794379153113, 0.015192837559887047, -0.0628135000479332, 0.03694425700104661, 0.021298747251785263, -0.04259515380503212, 0.009623875530484941, 0.03387606461637711, -0.016628233435863924, -0.00128319935105673, -0.01042652119093074, -0.014839967805893925, 0.014794954945870718, -0.019417139751317168, 0.006972038671106921, -0.013345282458974799, -0.022313166603628868, -0.024932838058602025, 0.0068947569320734975, 0.0003385699801760821, -0.003081803276753569, 0.026727856559679245, 0.012409447322278928, 0.019463308203623714, 0.030178632887699237, 0.020606231667460246, -0.0035465216335101744, 0.13463349064395813, -0.01771663604081546, -0.026854646593520014, 0.02845291185743467, -0.007797459814286192, 0.07441639023714053, -0.05459181941173385, -0.009094001833546436, -0.03406408328239812, -0.008357706070128488, 0.0028465443158712483, 0.019612837695508648, 0.024515732209369645, 0.004409840566321793, -0.03888828427038733, -0.0022519708621238856, -0.007444155465862306, -0.07381752043371624, -0.04955053101321778, -0.03942336783933704, -0.009626199885384469, 0.013381882333764993, -0.012848818434498333, -0.0963990003164132, -0.0367347729700959, -0.04311935498149139, 0.023747990998367618, 0.03012182893693615, 0.01994774062017422, -0.04495031017762867, -0.1470241378884716, -0.002235706612350245, 0.04121781463660107, -0.07630701781927084, -0.019380895433895255, 0.012108581975756667, -0.005024389246513396, -0.01792115788229216, -0.12450431860218819, -0.020928988164030195, -0.017997143922605267, -0.0039022838507027182, -0.006673874446537583, -0.04053790499497583, 0.037379347255741935, -0.03355366368134131, 0.002436651825181549, -0.2042725345341677, 0.07246454304885337, -0.024254237643104838, 0.11012708216019491, -0.010613565142168437, 0.01138065954837827, 0.024491628819368845, -0.012067907842193804, -0.08795985268158528, 0.014572767099091931, -0.03448732580272423, -0.03150656844032091, 0.011098591863068625, 0.044579916019699385, 0.014165301229021508, 0.025564960077425085, -0.00842091593764851, 0.016083220632902923, -0.003594812555583768, -0.049458058324545834, 0.03178433575648726, -0.030551585731629662, -0.09422782305319244, 0.012456430384302839, 0.04729785773106039, -0.022445919738827376, 0.003906575527140834, 0.005870310925024505, 0.09602571006231844, 0.053653019652467576, 0.09981833970561767, 0.01581924647799354, -0.025890464892576983, -0.04576013313938918, 0.04683439796603214, 0.03855582996426057, -0.03906465738091785, -0.11939929505755015, -0.06927133577131106, -0.0018765774945270575, -0.0004820532019319323], [-0.029204376442128557, 0.025136940562502548, 0.0017604340100116553, -0.02375772193264405, 0.004060874130601866, -0.019963215197319525, -0.009308625251050529, 0.015192837559887047, 0.06055557043555398, 0.008528605818677688, -0.005558779912500865, 0.0032826190679839757, -0.002721512271508333, 0.0006928843052281788, 0.0003726218053239338, -2.4346246613626303e-05, -0.004585211776584367, 0.0004627129519318108, -0.004932670804650182, -0.0015648856526988776, 0.0023104723027892846, -0.0011176517362112448, -0.00013939694745317312, -0.005065707338296551, -0.011435577266906331, -0.0007220528153913443, 0.003212011210429298, -0.004265877193798851, -0.004532364092734235, 0.0026965676639556556, 0.014364825094341657, -0.006645907152426879, 0.0013131648680877576, 0.0216446923769987, 0.024179233682803367, -0.0014576478576638471, -0.014507861264166274, 0.02054898463021268, -0.09188755539037152, -0.013180275596026313, 0.00012253922878224986, -0.0036196127463588353, 0.01147222292315233, 0.009133905285618998, 0.010834229555300268, -0.0039362662853394004, -0.01087250982338251, -0.002662352952821044, -0.0044573371874818595, -0.006266597867545597, -0.006212227341211888, -0.016705468692970224, 0.02000589730830641, -0.09877209115339874, -0.010803321428691129, 0.009087965026489907, 0.0028087755311113753, 0.014909651150085409, -0.0011763131400886117, 0.0036699374785286037, -0.0094464900692252, 0.02102318975929348, -0.004169264373275144, -0.015087583982549654, -0.009640603867269025, 0.015030085037817914, -0.022705364663517774, 0.00861791814867874, -0.09324405643686143, -0.021133566601996067, 0.007592916143852042, -0.0012368937025295304, -0.01360705831867768, 0.005284101046199889, 0.008266687988301456, -0.017163171682607222, 0.009763263019777492, -0.02050627274509805, 0.007510671375098084, 0.006568386423099233, 0.01689943769380699, -0.015785665295327107, -0.006337940404045712, -0.09635480860840273, -0.0009981282558967047, 0.004109832971704633, 0.014066310740044517, -0.007501823508505842, 3.98245320909407e-05, -0.02615213110260746, -0.008542420781909175, 0.004006725219847921, -0.003506046231868242, 0.0009868202581996685, 0.01896874835552205, -0.0048698118474666255, 0.008541809626260341, -0.0030964828970678963, -0.09242343007620533, 0.014664366327721817, 0.016762116869521938, -0.0006296093437523887, 0.020326920026571264, 0.0010319663880323038, 0.00024534510405240445, -0.002003675068274589, 0.007669369368178639, -0.0067893294753509515, -0.007837489277676383, 0.00995158998650237, 0.014409707189206856, -0.0010659535692721066, 0.0007742426866455877, -0.09016876244172882, 0.0031177296616719916, 0.02086570228014206, -0.0049353205190409335, -0.015798916375562688, 0.0005007220873506192, -0.0026980956500780463, -0.0015122211271121479, 0.0004446714789229398], [0.030593132825416536, 0.008155727196843154, -0.15804859510402844, 0.11230731862396813, 0.01526824461521286, -0.14401996037744338, 0.0008370769753339419, -0.0628135000479332, 0.008528605818677688, 0.6887991302642101, -0.03912640179976403, 0.028055852331863525, -0.1272720274119507, 0.005838112619137191, -0.02515800601489738, 0.009348299997335285, 0.031619232069663085, 0.01314811774640685, -0.02579365037766257, 0.008560439157991586, 0.012610614726008669, 0.00016139173695430998, -0.006409455002448097, -0.01628087196706793, 0.031183877156011282, 0.03220435288245625, -0.015316540358471431, 0.004354586588828885, -0.011169555132453603, -0.003876315331289239, -0.03578791353227071, 0.015249507732409006, -0.05174413509030712, -0.04014874970511545, -0.026923875692720953, -0.06947271376764191, -0.05166907525541395, 0.02431252290925997, 0.014736380016684175, -0.08200666463607667, 0.053806138017895376, 0.017128086051919435, -0.020252297801811127, 0.03266168412161575, -0.03881924046566184, -0.03850538451335994, 0.009829514572032317, -0.0005545336916754441, -0.0021943870012263566, 0.01930392834607617, -0.04379931867211124, -0.13536312801691117, -0.1003445662504489, -0.01785698074176257, -0.15686292289038395, -0.03913016646816578, -0.011858505937307527, 0.08590417954556992, 0.05136207376500463, 0.06722870522316966, -0.01935263111745067, 0.02618240580522682, -0.042893786896126614, -0.01742795947636618, -0.05564323406004369, -0.062417553739597495, -0.03236007249000031, -0.006741465147338272, -0.01748426307715525, -0.028788796162409536, -0.013234436347931752, 0.01707394786906254, 0.015236336767694885, 0.01936889856513015, -0.024244839260517213, 0.1371067180917039, 0.06948600549657964, -0.13699920471928706, 0.07478475374903003, -0.025172834691838217, -0.03460689928477444, -0.021530593564276987, 0.009784995196480564, -0.023319758485720633, 0.08670919224135579, 0.04858682150526994, 0.15212016423437408, -0.04391419340277987, 0.0027802589340425233, 0.037932752838101054, 0.04298239742526169, -0.052037020842961565, 0.025115163246774295, 0.04210846145158416, -0.10900783247052519, -0.030118624850723977, -0.08145366025577362, -0.008938156448649787, 0.021982777853940937, -0.006429981896303175, -0.09643746656215049, 0.03061703865704511, 0.03535190351452479, -0.013269300786332199, -0.11146412834403398, -0.053299532778543685, -0.007963901437682108, 0.011948713023775811, -0.08342930643434764, 0.035804983929407834, -0.05580572907871455, 0.019984794575320947, 0.010067463410183422, 0.010872403510803633, -0.08466833851117835, -0.01918970770197835, -0.006368032446885373, -0.00975413988546778, 0.004840715166484408, -0.020130983409073818, -0.005008760507549846, 0.016952129541451262], [-0.0584756192339543, 0.05600565161674341, -0.004324308903227099, -0.05225120811968286, -0.012353385856048829, 0.10022219899228305, 0.023818170169821885, 0.03694425700104661, -0.005558779912500865, -0.03912640179976403, 0.13600847146578887, 0.023369945063633293, 0.00601385746342326, -0.013232644092923804, -0.023716950794292136, 0.009770909388560773, 0.0020393228533404028, 0.0024948711163491183, 0.005899461654466398, -0.0007445433549778045, -0.011659057535416502, -0.0016990010577440583, 0.004482562826082606, 0.010025933398985299, -0.008650647431397, -0.009457633576528263, -0.0006884335681121461, -0.0006059589313090092, 0.002029052259761937, 0.002060232979800328, -0.017686750473807772, 0.009383087892149507, 0.008890755931756313, -0.003787142951878382, 0.03865809774401678, 0.011589689675732158, 0.0024702705221227375, 0.030182885577847828, 0.005191282413890183, -0.008376339700392147, -0.10282592624015027, -0.0150865249107322, -0.01470665004551081, 0.00574267243616228, 0.01522764511454182, -0.026814175907157473, 0.012085184344156319, 0.0011143667206653422, -0.011330244116410398, -0.03449813486345287, -0.011828265985975217, 0.034817444122437986, 0.009205126842408741, 0.02056697735086545, -0.0024263814667061226, -0.12038297402634088, -0.008087065445591828, 0.006248522061301384, 0.017682447393756677, 0.00686890609222884, -0.01621861498570724, -0.009727594470166008, -0.02074165408221363, 0.01931402432964741, -0.006033546758704859, 0.015588231975244005, 0.002157590400130015, 0.030116157189782316, 0.016453237291848895, -0.01457146408783206, -0.10377341711387607, 0.01014741279779245, -0.006746619809003475, -0.007953025502429028, -0.024641828521306888, -0.0009607185691922494, 0.01570140409578066, -0.013149257467957436, 0.016206744075762922, 0.03876040542777323, 0.00925874791887131, -0.023169740009108312, 0.02952680006174114, 0.01154448614745132, 0.02501712552540618, -0.10196071777330573, 0.004741650555927649, -0.02196378765833044, 0.01173509822661568, 0.03129255117470927, -0.024433486798181223, 0.00022268631278540615, -0.018650672541420277, -0.0033404211797815075, -0.007880641851281596, 0.012909670010990193, -0.0029192331931998804, -0.02362605604764739, 0.007877085973961266, -0.02536785473957563, -0.10322978618500714, -0.009159623184747471, 0.02530139750308408, -0.0035439401234826622, 0.028906868909373176, -0.013287444385310536, -0.0037084714303364905, 0.00734866093157769, 0.005976096371648346, -0.002642937018885909, 0.025066031081095466, -0.0012920176639950435, 0.036192420882008663, 0.007734784685841382, -0.004837689228907147, -0.08765960326423564, 0.01712282505934533, -0.01992718918876831, -0.018429701131302056, -0.015881202490804307, -0.004397869471203417, -0.0008379206928791913], [-0.06649597524703156, 0.025089717729723675, -0.059780181809435756, 0.06369438247301791, 0.03668406960617612, 0.0307729068713316, 0.01823829301058144, 0.021298747251785263, 0.0032826190679839757, 0.028055852331863525, 0.023369945063633293, 0.163897091930788, 0.039072668882200165, -0.0687803733447759, -0.10784458845158992, 0.0138311911824818, 0.0035911087569609596, -0.0010062815198090748, 0.0033175413486538534, -0.003941778694116186, -0.0008073733674248014, -0.0003489863115453274, -0.006263832179722547, 0.009115025666842315, -0.015470550174290679, 0.008243553477476859, 0.012797347570555832, 0.0056937551482056075, -0.0023512390441790382, 0.0014660569071591318, -0.0027706966557663843, 0.007771762859461565, 0.003915081057885934, -0.011156102817101441, -0.007869431995603172, 0.012447463217317616, 0.0048996166565251015, 0.007263818216113004, -0.007901611313728362, 0.022342775858347153, 0.015121578501657223, -0.09942563547594141, -0.03376977364831619, -0.013684106097297245, -0.009481589337772503, 0.01579259947169353, 0.04749058567631042, 0.01773936972155767, -0.018695551111248945, 0.009310034956134942, -0.0015256085956004623, -0.00670440336557954, 0.014688883869070472, 0.004550396867950215, -0.0054174292405309845, -0.00951233879510187, -0.1269271831896006, 0.002315209620862791, 0.007229696558451498, -0.007867996007822462, -0.0005547143770744656, 0.0004252034662256482, -0.032552574033977134, 0.008596645085830669, 0.04906544491354162, 0.0036572197249586597, 0.0168616154552313, 0.052460855213132075, 0.011522421479078521, -0.01549870767766941, -0.021150848518319713, -0.09098995109989191, 0.034451882881847785, 0.005133346829175272, -0.023218607356765286, 0.032578869158557996, -0.0011149876064622853, -0.020795074978157402, 0.035624983281763646, -0.002751849098062624, 0.010718781076430787, 0.0010528918736683514, 0.006266147194887875, 0.005859448220998894, 0.06367709645003068, 0.027671490046695377, -0.03121142892311772, -0.012517993653829116, 0.018472872273063712, 0.014250931116824711, -0.012926153336538715, 0.017013809981299893, -0.010193024107291494, 0.0017474291423564292, -0.024977108335371166, 0.007775176309088898, -0.012357774975667878, 0.0014780036059217107, -0.007983931172929887, 0.02182785955515681, -0.018196637497643418, -0.12018417563454938, 0.018341863575679615, 0.015844050747158465, -0.0008365325176905379, 0.014549557165279739, 0.009528633794279503, 0.008567683486482108, -0.011784895610335903, 0.019590645177501385, -0.0077378107227876105, -0.024663358251147138, -0.0034423421549979864, -0.005683116910478978, 0.03284930275388898, -0.006826972694654201, -0.08377926704840961, -0.005172673432415414, -0.04915557943451849, 0.012044552952392219, -0.008597851450151241, 0.003752493442011], [0.013492310076743631, 0.08912093527823911, -0.0746758018908547, 0.07137026775890941, -0.028550145605465656, 0.016959341583145975, -0.005071909195164484, -0.04259515380503212, -0.002721512271508333, -0.1272720274119507, 0.00601385746342326, 0.039072668882200165, 0.9576089068850413, 0.03226047238403271, 0.25758904397809507, 0.025413432467384492, 0.0003023758660029473, 0.018621576411625918, 0.009037115392646221, -0.025809457041125795, 0.01489594588041358, 0.01275830185326454, 0.006504912502779224, 0.014448897300621185, -0.0044770591055946635, 0.00404567409994754, 0.0036571439781661716, -0.01219303832001241, -0.021959114654274803, 0.004865846673712533, -0.053041027329026665, -0.04825173385885028, 0.02571186065212786, -0.02896606323622378, -0.11638953232054212, 0.06212500199387098, 0.026842860213586808, 0.011023000734839455, -0.015652329355867786, 0.03208558950678424, 0.0788715540602043, 0.03491320539319426, 0.019459912944968474, 0.09461257471548447, 0.03830592340868189, -0.010470321744213924, 0.01003438006167117, -0.010093055972449022, 0.0082317189511704, -0.002352098515244235, 0.07160112547506904, 0.027830042009599525, 0.030710753806511212, 0.013303415037226101, 0.013441171007917318, -0.05116141100903477, -0.05189467089823901, -0.036482666350041416, 0.08256404159855053, -0.04926499681613688, -0.04765356287675743, 0.09904398711391309, -0.07559637952731785, -0.024077351417084503, 0.0007329451515454173, -0.03167716049401499, 0.048159675020707726, 0.006253383881579962, 0.015570624088547098, 0.03940760449093897, 0.010124784287742803, 0.0041295953792557065, 0.021968941791603587, 0.03473281779309568, -0.05156815376194561, 0.05932224681730011, -0.006127365200873886, -0.022624124538058094, 0.03347314453406137, 0.02165706423494813, -0.053867113756301876, 0.0019385710276977894, 0.0736097231912006, -0.011783498880216448, 0.04189923030143552, -0.05756725757970511, -0.004994579716407742, 0.02064001997547424, -0.003444770526772041, 0.12553999872217644, -0.08712177300247805, 0.09689493090300985, -0.03601483397046773, 0.022223926312092836, 0.05727365426334912, -0.03217935143390449, 0.015801920376039117, 0.06312942782532358, 0.03679574399258988, 0.08006103424422963, -0.04211730392616518, 0.04469426094207385, 0.0657135658209835, -0.0016721593310151351, -0.012807523736951498, -0.041972935139679445, -0.016835505930934507, 0.08103389965663473, -0.049594067668873774, 0.05890771470477764, 0.0058172481403313825, -0.017337558448981112, -0.041162478786822984, -0.00597269067613385, -0.036569524510450264, 0.028542867425288956, 0.05875634765205063, 0.0026008634037564577, -0.0016092275715675103, -0.004286694058960855, -0.0005318778806844079, 0.006949089593163785], [0.03764890613641624, 0.036267217156332056, 0.037450820139859495, -0.06721479837481456, -0.02008816761553295, 0.0126586360629589, -0.019128518380648492, 0.009623875530484941, 0.0006928843052281788, 0.005838112619137191, -0.013232644092923804, -0.0687803733447759, 0.03226047238403271, 0.13479422325994625, 0.19896198178714666, -0.005370534360346334, -0.003181928804302688, 0.000656820626439554, -0.008188051842538232, 0.0026480410712627863, 0.0022727733941516745, 0.0019337500234168253, 0.007525549720881307, 0.002461900816593791, 0.012419860186078978, -0.0021131726398930157, -0.0017276924655036407, 0.003583327650425689, -0.0024670532848634205, -0.0028669244142981165, -0.0040336609861498715, 0.003917479631250887, 0.0035027814248221097, 0.0031575253224544043, 0.03410038741037513, 0.0055866442540733205, -0.0007631448272052943, 0.015378226909776475, 0.002439906975435051, -0.022291817038598505, 0.004518191399848711, -0.009084374929395797, 0.0192438327017167, -0.004461089216944526, 0.003518533357825703, -0.0025894775858304533, -0.026853282537993534, -0.006622737701551561, 0.01135584624617121, 0.023972500128725344, 0.016219651550715638, -0.006686770060066418, -0.03666505332224111, -0.012867385441881922, 0.012877148118363223, -0.0021231325228915766, -0.006191506133244572, -0.016437938607025707, -0.033375162321514634, 0.028079264319593445, 0.028510389980468596, 0.0016779910650511491, 0.021978011441405543, -0.010502522553605174, -0.01998844757008311, -0.007003079073754464, 0.012011918926431707, -0.02824057236741986, -0.01696425412016789, 0.04095126536898675, 0.009585248391416267, -0.045379538061032856, -0.02984936511617656, -0.04216790509432216, 0.059120164789403226, -0.04433560460394989, 0.009665268799202334, -0.0018131964039273278, -0.04843012312168123, -0.011103865089961555, 0.008097020379381314, -0.015592318755092134, 0.012745455617825899, 0.002495575476163321, -1.578597106446863e-05, -0.00864793917275336, -0.02274624165420581, -0.021634296845048803, -0.04663154138149733, -0.02142920008120122, 0.006273550681437424, -0.007649886564624365, 0.021661800529282568, -0.011743956249126256, 0.027828071081607078, 0.007081289189282029, 0.004897052191004367, 0.02379249196313886, 0.010159783489313753, 0.0013787580690931593, 0.008533913400676978, -0.008851195128918627, -0.003200490104557902, -0.08005002698427968, -0.03830789065840749, -0.01733090187284567, -0.009810383374073117, 0.01745815083478613, -0.017759413666451392, 0.0016871578118316472, -0.007125658038437643, 0.019194840846795715, 0.005906212939899071, -0.001676191513009935, -0.03792155274938735, 0.013933484450953229, -0.01192675373632164, -0.004576375349359622, 0.0030703720243534785, -0.022503686451022412, 0.009007866987685286, -0.0006700137561457351], [0.09614724950496302, 0.03328399633894734, 0.04338984079545937, -0.10336685484990124, -0.040512654058652606, 0.018194697107355176, -0.031914978743288185, 0.03387606461637711, 0.0003726218053239338, -0.02515800601489738, -0.023716950794292136, -0.10784458845158992, 0.25758904397809507, 0.19896198178714666, 0.41269104138183704, 0.0010097678785904224, -0.007285217419311036, 0.00422662376711369, -0.006064280840554561, -0.004712199887006835, 0.008230880322531239, -0.0001795115447060599, 0.00741552470838924, -0.0008677584944375763, 0.020686774154784083, -0.0037250461477148326, -1.8719482674342265e-05, -0.0038727534882185516, -0.009478095336889873, 0.0008213012741062878, -0.025535256544953536, -0.011308319957092673, 0.005242784233155695, 0.00869818861490411, 0.02777748202709188, 0.003597655500202447, -0.015729380048438577, 0.031341690805764336, -0.01054111226420212, -0.045536747280295, 0.02177126311195628, -0.009916110854790886, 0.09425262300546015, 0.09066658264798541, -0.04958222055888252, 0.021401796590702276, -0.05072659305193864, -0.015898428158131455, 0.028547534761343845, 0.03841190810627357, 0.02243006968987903, -0.011376357368831748, -0.014768501981516094, -0.03159228128032366, 0.021233585009401968, -0.022400120618574288, -0.041654162179738434, -0.029957917098148636, 0.030144049753603654, -0.017987559965210908, 0.045724586955974644, 0.024280622033780293, 0.02053057181331337, -0.005652043967990721, -0.02937576496012668, -0.008810087308119519, 0.011824196476679235, -0.02764083830908775, -0.02886451291356372, 0.07084579862980718, 0.013359368068898881, -0.07714203714275908, -0.012472247656717509, 0.03307857406195637, 0.04561353395524104, -0.02430864325622542, -0.01056612431561843, -0.012481971556018493, -0.05984812248365052, -0.0045257866831359276, 0.014856358651006122, -0.009939652160414267, 0.051486712947197144, -0.011765544396901707, -0.013140006470074374, -0.01095498455071625, -0.015856379585001874, -0.0016520058535956445, -0.015929688274470312, -0.02072825664708112, -0.011946461916439891, -0.013028282525268551, 0.026467600336159712, 0.00221161671927809, 0.032