{"inv_metric": [[0.4952016287273947, -0.31610880791956636, 0.09245902205445877, 0.22627441356634187, 0.036640033375679004, -0.08589268921460952, 0.04452200560037062, -0.011182023667611552, -0.022769881828114805, -0.028477389239552314, -0.06287618598008103, -0.05272914780001289, -0.07131595647160316, 0.00048449104910192915, 0.013241489231650527, 0.0038904323465960857, -0.008627692828375746, -0.014813005183233507, 0.004333113755576019, 0.013144812131750002, -0.01609838280172098, 0.0016727874665114944, 0.000881508210993334, 0.013044039006805497, 0.003926761364411725, -0.001677728244080513, -0.0027117977749615335, -0.017051218204264775, -0.014741694634301994, 0.023348370557062622, -0.10226982971248139, -0.05210430440427651, 0.044658216729609665, 0.03951879248672562, 0.03192539479215275, 0.033377636292249005, -0.038123353184626486, -0.01938743941082038, -0.007767013059630665, -0.05165184252102237, 0.03222191095236763, 0.01935572196444172, 0.059001750318804336, -0.02522662350183618, -0.023257776128683075, -0.12492094803561633, -0.03097223609488904, 0.01374446825408781, 0.035565003746780344, 0.02257986152800355, -0.008410561201303951, 0.05353556301558129, 0.05343515127430502, 0.001691947617174974, -0.005228099969476743, -0.025671092590796682, -0.020082249533090114, 0.06004562580908642, -0.023335137533611536, 0.05541011208820412, -0.07256315963053453, -0.06318187580803018, 0.02837967926829599, 0.004199367417178239, 0.02523983153954989, -0.007018395586167567, 0.024848607590172076, -0.026860269013896643, 0.0027776829724179826, -0.0015760907133585906, -0.019793934962315306, -0.03544807083209476, -0.029098272267652943, -0.01378681094420106, -0.0033416832228495095, -0.13996939157687438, -0.03166895705007644, 0.06879010648730603, 0.020820249547377517, 0.08595832386710106, 0.051794383161096746, -0.10057632595196751, 0.05900667442644085, 0.00422608181879089, -0.017453546943808865, -0.0006699476905545229, 0.002184921191518968, 0.030763700011762724, -0.027989930269454653, -0.011224552981329017, -0.11689432065194952, -0.05476314449755474, 0.02734501677213151, 0.016113205052360628, -0.03456312130759641, -0.015976480542398745, 0.004219811930269467, 0.016438966773735533, -0.03591426235290452, -0.03389456372898131, 0.008118318767073241, 0.004802122442735881, -0.015021515715837541, -0.04839314765939054, -0.08891185736870463, -0.13051102913295887, -0.035923371339743264, 0.002875749401798397, 0.012524756158699486, 0.004578296421230288, -0.07809103908030464, -0.03787450522226673, 0.029431122416503298, -0.002387943630166925, 0.031800060128113324, -0.030465759621051476, 0.018117746637688226, 0.09586961916505363, -0.01761974233082361, 0.02926320821658917, 0.0028340341542090206, -0.0018072554824865874], [-0.31610880791956636, 0.7398049288642965, -0.09801504165020612, -0.21273620047570582, 0.010525325826540786, 0.037453710618746056, -0.033793845872066484, 0.02795182790752045, 0.014573804239369662, 0.06717879627490196, 0.05072660990407485, 0.008214642346096574, 0.1386019479243347, 0.033930088058014264, 0.0662344509793178, -0.009945057715749163, -0.02691614112022356, -0.0011136941019611506, 0.007519247467699251, 0.0007325351984774941, 0.007088558307298364, 0.013990854415248588, -0.007332206595057791, -0.009941046478346479, -0.007149563897120846, 0.0022386580741338446, -0.0035255232578504715, 0.006476771771505663, -0.0036223581404060965, -0.018166816418454586, -0.06826212509683434, -0.02755363524559443, -0.03503901688715524, -0.012830224938643137, -0.017600560190538076, 0.002075516366858918, 0.023096730381798023, -0.08764194210874461, 0.033040339060846156, 0.02688223930688592, -0.016559478580685825, 0.0010899050143106323, -0.0018684065460726784, 0.027830679975067038, 0.008862975118333245, 0.03863316499814183, -0.05269706599912653, -0.007308572604354806, 0.0791315582787287, -0.02186055401542193, 0.04315267554024546, -0.1007638644782448, -0.08753010119134165, 0.00259440908780287, -0.02647957579381334, 0.018548802228678034, -8.131752967745132e-05, -0.051697108937889986, 0.04701919494906218, -0.005999850806947194, -0.09315541418970974, 0.007474685180241221, 0.02906490977796596, 0.0113585706046403, 0.01689027295159792, 0.009259513137347823, -0.0363039376999009, -0.027330350016521888, 0.03526677244311731, -0.06352050677489848, 0.032885276500232735, 0.0313706243490844, -0.004930566757075033, 0.0579770439954723, -0.0033559056544879852, 0.011812575945429865, -0.0717562221097617, -0.017813313862758823, 0.03706529944569037, -0.05764012652766486, 0.005502035109565097, 0.05915545110164354, -0.02172219385165922, 0.02659163137678811, -0.05908996571054807, -0.03138296265670639, -0.01956344322826361, -0.03321910194245635, 0.02395064387858201, 0.0630907927795185, -0.0012164124847446392, -0.06359814678303655, 0.06191370039727364, 0.061259494615005725, 0.05306592354983254, 0.05104713118332265, -0.10941113895579024, 0.022924682355302272, 0.02061028140174026, 0.06567988381027817, 0.009273044707312838, 0.02850081255448471, 0.045160771015783065, 0.043911061901962145, 0.09688124632794691, -0.029360871358487, -0.04364091825938349, 0.006425266850022347, 0.06065896100171504, 0.08905591323127392, 0.05469336377764069, -0.0009373771250591054, 0.0848521078607583, 0.009150692149308956, -0.05297181440105385, 0.0006471231877302945, 0.008153033649821638, -0.08888692192702755, 0.031519705845156745, -0.10216358324937778, 0.0033541153164769856, -0.002126047205048349], [0.09245902205445877, -0.09801504165020612, 0.33639008014093985, 0.0021442017370752477, -0.00499833440871321, -0.046507832206528876, 0.006240528060251814, 0.02880735419172455, -0.01121043452587995, -0.10393931015343473, 0.0007276642135444006, -0.032874217483523205, -0.0766368327762192, 0.011580317007542279, 0.01709853917678242, 0.007547955124264321, 0.0004681133222816448, 0.00020073083226403813, -0.0038271089939719625, -0.0020791529061651294, -0.004287174578536847, -0.0070026529310402005, 0.00983937642112791, 0.010101894993745102, 0.012848683837108188, -0.0006384657552576732, -0.013360801818925553, 0.005760093815126449, 0.002515030802685867, 0.008927264184400563, 0.0003178680640167758, 0.03986253950660287, -0.06938220852653415, 0.06356937498501984, -0.011856523234185918, -0.0073927322712799915, -0.034028555238108035, 0.005877019986946971, -0.011827889783544298, 0.03853077628855848, 0.0028542626881039256, 0.01948707756818748, 0.012535627519593275, 0.005373725537954294, -0.029564897018807833, 0.0010494210249803316, 0.0204160167356399, -0.04485789831893101, 0.02914628108877114, 0.0006371641616477734, -0.03636587229652971, 0.022811938856000514, 0.035797419263960885, -0.01172018571996466, 0.026744293976078273, 0.027594252686971736, -0.01251764539731898, -0.019707716390454807, 0.027266244658111866, 0.04953175149873504, 0.050205688042860935, -0.023625852580365574, -0.05940454556078076, 0.07803454443328332, 0.03318933974725643, -0.009158562203788847, -0.01439047368077027, -0.020224374611037793, -0.005069982291935358, 0.02657799731726717, -0.010312620274094459, -0.02647847255009686, -0.07423980272588056, 0.0164697611335436, -0.05853584719688769, -0.017005717944889604, -0.0075927345125996705, 0.0017088623383705733, -0.010336142154629262, 0.030804455187567498, 0.03606461641783516, -0.036767503560832554, -0.03662608022931132, -0.003987497537199747, -0.08994309866942522, 0.023198342658511676, -0.035770146301074036, -0.02049712025909601, -0.012679973069985213, -0.027913699645851046, 0.03216215276459911, 0.06755797241452774, -0.09307788754512564, 0.03434272724303686, -0.05729467269116503, -0.022338791855888027, -0.01705569147422222, 0.04006585789545952, -0.013487862827298221, -0.10508941534697724, 0.0006521583231393023, 0.002402763454874304, -0.014563661552557144, 0.024256032208442517, -0.0056694404769864854, 0.023083293042142967, 0.03821734495511246, -0.11318402868915947, 0.04745143424149864, -0.00958252714167017, -0.011191994717274069, 0.04785566313918006, -0.05272363831610531, -0.004479952304953813, 0.008587619847735643, -0.004138381125517639, 0.00275356356489398, -0.004354570894107084, 0.030092590841736096, 0.005486234541327233, 0.0017455132599519555, -0.004030151082132863], [0.22627441356634187, -0.21273620047570582, 0.0021442017370752477, 0.4272837555089455, 0.010231263704682105, -0.055529061745554734, 0.0035118392538828606, 0.05158320236129555, -0.00535753831228073, 0.011868878126981562, -0.05957374633298867, 0.03253606079672614, -0.007252204789837344, -0.07864126762008451, -0.12119140758929056, 0.017661005425783628, 0.012730398197540065, 0.0044050994134742765, -0.0006559524897464009, 0.009388299051186844, -0.023166840500256674, 0.005079145954985914, -0.006453953567829523, -0.0053220560924477954, 0.02326450639666191, 0.005091698807962023, 0.009764503786378678, 0.0031920297233695685, -0.016862498824657655, 0.016950300820635915, 0.08780470541160337, -0.03100795833885091, 0.0776741784528283, -0.03890793312631928, 0.0023188824966481874, 0.04561908954142301, 0.017774652483001717, 0.009994636214816098, -0.021755188459824375, -0.06021850364316168, 0.001635677195942737, -8.901763088019145e-05, 0.04715545482058975, -0.05720405429881785, -0.010992889636916546, 0.04837056414511241, -0.011666033873336831, 0.039764067758509825, -0.04851028271998551, 0.028885142966893474, 0.011146643901631057, 0.06820715339311816, 0.04893078561337124, -1.819839286643088e-05, 0.010076491564227375, -0.010718550760575284, 0.011974919091503345, 0.052253143512620066, -0.012501829116003943, -0.018310257278856053, 0.030953887086640958, 0.027210387608152715, 0.028618671807341057, -0.11342509830137253, 0.07232337727328438, 0.0006077306843687561, -0.03022739363802949, -0.014063522367479254, -0.017613461587046665, -0.05865561418489796, -0.018535586119781133, 0.00027808043137514285, 0.09701906677388329, -0.03692065560702403, -0.017415924486544738, 0.05021435971671387, 0.04184768550471933, 0.06897885821023916, -0.05231003807232318, 0.04854337973594032, 0.0493824247674155, -0.05452822652968836, -0.013015070270972219, -0.022209826351702502, 0.01484059627664498, 0.008874231027352355, 0.014032143758595423, -0.012021109077286733, 0.024365375662962256, -0.020736512343067687, 0.03856986180375617, -0.024228664798921044, 0.03578670938311763, -0.06349493510096321, -0.04605435196797518, 0.009613843743841978, -0.022293409423985548, 0.015512542066302829, -0.03190009775727, -0.004129881226216217, -0.015296290446005192, -0.007947109227405163, 0.059928321710071945, -0.013133390093826398, -0.007891956523488132, 0.02280240112669888, 0.04251822976539018, 0.05453001752312257, -0.11176016641080548, 0.015711456675428472, -0.009267802945958747, 0.047358616774780295, 0.020325230560398446, -0.0013156996701036321, 0.028492183300587573, 0.010953058176977287, 0.0062549042308269395, 0.04695659041324877, -0.022706468697161555, 0.04933178390905459, -0.0043512575166978745, 0.0033497910048417264], [0.036640033375679004, 0.010525325826540786, -0.00499833440871321, 0.010231263704682105, 0.9688270830049621, -0.0022189993722508167, 0.04557449355750233, 0.07315883571958985, 0.009590377090905388, 0.06405657563056821, 0.021150177145372737, -0.01636986104892485, -0.039860941020305275, 0.023288400151332746, 0.009884988607730684, -2.3181633198993578e-05, -0.010477230295622213, 0.011906721486677596, 0.006556947404264445, 0.016908469934328554, -0.01029332475637424, 0.014633451616722512, -0.013682614967420494, 0.019864174544338323, -0.00424166890150029, 0.013778563360765734, 0.015665945919488767, 0.006725037409541192, -0.001698083981607306, 0.025810519790144232, -0.041776140896332276, -0.0065627945255486595, 0.08267113539098721, -0.03431393905061395, 0.005795880872001656, 0.021750152899380558, -0.01661849162923817, -0.06148780379909472, 0.0047312611979251455, -0.04143554536659904, -0.022768738317292078, 0.014666980621469115, -0.007419620282158951, -0.016259135664702554, -0.03139798152678977, -0.01206683528145444, 0.08152678747209208, 0.004297085939091555, 0.05313769904439356, -0.05517639086131604, 0.005806436058494315, -0.06648277786769416, 0.00013091273494333886, -0.008910858555842158, -0.057386344080763665, -0.05731929737268945, -0.005298280632138564, 0.014908213649345487, 0.014566252692503459, 0.12982667392322267, 0.046745947765211474, -0.01515107060215228, 0.018801242067308422, 0.03177897214858548, 0.027119163910833646, -0.011126878459841585, -0.028253667666231587, -0.06097545398451117, -0.04011158771637097, -0.058700047178558236, -0.08887272298771347, 0.020547510002642367, 0.005021084398814301, -0.03185410837614254, 0.07179546566083961, -0.05260877084169215, 0.05923820472819149, 0.02910897625025276, -0.02112494593752459, 0.04372845413967766, 0.04460249341177616, -0.022158627069415755, 0.03509385853521361, -0.016911451574631777, -0.06082909892213399, 0.01969571567304262, 0.03998740663592979, -0.07346874084810245, -0.05099834312833941, 0.007994724189301559, 0.041742286912586433, -0.0811448811546944, 0.030877393517449517, 0.08155511947655081, 0.08956351062605933, -0.03377383954062312, 0.038274430277520734, 0.057077388721957285, -0.052760548975370185, 0.042874735376101335, -0.0922823361061619, -0.00242951266642199, -0.053112114346440926, -0.107929193712148, -0.1585594980826201, 0.022915112315108684, -0.009855364381237366, 0.042969355974666314, 0.05315200344434542, 0.03644588540506507, -0.0055143572748415975, 0.01168400634013917, 0.07222745719732848, -0.02058920745037953, -0.035976744303229176, -0.08321076104601023, 0.004577751656161284, -0.031916112397745, -0.05619959773640043, -0.067953264545498, -0.005716162762677596, 0.0014912308986686806], [-0.08589268921460952, 0.037453710618746056, -0.046507832206528876, -0.055529061745554734, -0.0022189993722508167, 0.47296857163206196, -0.033623700081266174, -0.0365620595498078, 0.0022887696480272065, -0.20433086506767315, 0.08507820539318785, -0.0005067405854479855, 0.06835519826685112, 0.03376994371378498, 0.060320441802958355, -0.01596345186141058, 0.01479074866433817, 0.014334374603817283, -0.0015100297546881435, 0.004407626505229622, -0.002166775812256634, 0.003449630363656953, 0.014568409049012838, -0.002431397523184764, 0.012729468418277958, 0.007877950561310467, 0.0043869564041898405, -0.0001511209383881863, -0.008101971153759815, -0.014598153899367151, 0.04488889870722364, 0.044574027502510376, -0.05115828474904663, -0.016553741526844662, -0.015529191912824246, 0.02280148395000572, 0.05316781893153486, 0.02485607142724113, 0.003176630814660966, -0.017025602934229542, 0.02139555255804283, -0.031488900882500205, -0.014451428884106221, 0.00833247629543532, 0.010208202189181871, 0.037403526299348414, 0.016530716339883022, -0.04536367427226672, 0.007742724733348056, 0.0037170513539219775, 0.0245260806052386, 0.04939539634363832, -0.021360607107843325, 0.02359762920013916, -0.0717212962584479, 0.042056699998155866, -0.00430656013841314, -0.0006389587898658013, 0.0018038983203826206, -0.0464257907298332, 0.03212649195502839, 0.007419141990083783, -0.028318184589621, -0.005200592524476814, -0.007379466845355272, 0.008080344149541202, 0.029396599387221133, -0.0006311764879058765, 0.018463584073177258, -0.03097750616673696, 0.019683958790137446, -0.019852937540761745, 0.046047639518371965, -0.0009270802587962572, -0.0021835653076612794, 0.024231750045262988, 0.03521183988950422, -0.09072385112257983, 0.029030164840530275, -0.04073212295010833, -0.00452134331054205, 0.030433139181826052, 0.029162519779934788, 0.025025561727490642, 0.053218906331549486, 0.023125072233418805, 0.014077837624164858, -0.023207501122997454, 0.0006965444648340468, -0.035811478108782775, 0.025062561527195406, 0.047488607969692995, -0.010687221677196651, -0.026209921016185238, 0.004123833722649375, -0.00028728436769653724, 0.019263217656722054, 0.05401205000874253, 0.033196865728829426, 0.03346918459591409, 0.007665312735964268, -0.02698607573425755, 0.033726752532654794, 0.014011330658893723, 0.06154861824038335, -0.026178105609695457, 0.03671064941075144, -0.029820847855080858, -0.08482109808078024, 0.01646512776906538, 0.02848565179969348, -0.01702164178275084, 0.0336206864568692, 0.012101458625751524, -0.018095026981461673, 0.09260279825265763, -0.013999839275827684, -0.03071345484033065, 0.019072046303466074, 0.007981577994358292, -0.0016400872926636604, 0.0022509816433779915], [0.04452200560037062, -0.033793845872066484, 0.006240528060251814, 0.0035118392538828606, 0.04557449355750233, -0.033623700081266174, 0.8786168129766242, -0.020702123049713892, -0.0011610587482886196, 0.045875160511238675, 0.008164341350384269, -0.014167190983217842, -0.055827576426443364, -0.006273363126669864, -0.02586422513824206, -0.007025570939004494, -0.032962544030831584, -0.018673759463199956, 0.012040420451962013, 0.02224351777557373, -0.019921089986257683, 0.017988582022095367, -0.028562110915099127, 0.005788666938323398, -0.0035894602289361336, -0.0169948664017421, 0.0012354120951965422, 0.01776675022015763, 0.024853835942579696, -0.017590105163327856, -0.0013881936503874527, 0.001309682466996619, 0.0006967165681912527, 0.011279992864762231, -0.001562220245518789, -0.007594191804862358, 0.01630133298766357, 0.0023074892825971694, -0.007727950071639713, -0.03743888077280774, -0.004909216459969144, 0.04939022951094037, 0.05713486315137205, -0.00922637581813244, 0.11563013278273841, -0.03509636120889014, -0.06309618587300475, 0.028349837205062418, -0.005486022521375391, 0.015947957573256212, 0.06156857781311815, 0.035690387765428364, -0.062121746075009004, -0.022484161745630397, -0.04618157973011639, 0.015913337967618207, 0.019725929287477593, 0.022512541389631442, 0.02216220588721704, 0.0537682121758704, -0.02774121867093414, -0.010522171262243567, -0.014861579807027804, 0.0441967170918242, -0.09253198826098431, 0.05606194679354475, -0.06583249540521047, -0.04025353527484512, -0.008973341207118738, 0.014581630802713767, -0.010302259174948314, 0.022678547481602817, 0.010433779111619631, 0.015612526353951509, 0.04327408616695858, -0.03577284630807587, 0.01825950766095896, -0.010273596282198512, 0.03834950099259164, 0.016340331071607476, -0.04460299243778019, 0.09163797645659683, 0.015671971994440127, -0.013490573750082124, -0.044295354705702214, -0.030484827113578066, 0.028656318442587928, 0.0572954211457629, 0.016983534314595473, 0.04149079844750364, -0.01878676804196143, -0.01006053198475273, -0.00611990031426814, 0.03094266416521413, -0.031296726148387966, 0.09045878049066429, -0.03905050105781388, -0.0613956743374564, -0.017893485419098715, 0.04181114366490536, -0.0020326156059087635, 0.01406692070364139, 0.03238229738741208, -0.01749456304912662, 0.020151072233617964, -0.0653905652583806, -0.03268708985051809, -0.00754935236945178, 0.01067521066207155, 0.03836074278196006, -0.02603046367922632, 0.0236265998843788, -0.0435009030102054, -0.005578155748228709, -0.06577409507449469, -0.07882515235990191, 0.03669221003218959, 0.052107117794373645, -0.0024721556146352487, 0.04126566796895331, -0.0021670611858679236, 0.006677203429227447], [-0.011182023667611552, 0.02795182790752045, 0.02880735419172455, 0.05158320236129555, 0.07315883571958985, -0.0365620595498078, -0.020702123049713892, 0.995511080341504, 0.014527241539429905, 0.055424280651809404, 0.02539314447197542, 0.037007628873680705, -0.08436240339304887, -0.03858201560261151, -0.042518995430567835, 0.024502821906540382, -0.013380496548808012, 0.004240214808790215, -0.020664915116487822, -0.011371310420966714, 0.007259535582354025, -0.022452620071915102, 0.013136565366050412, -0.0011466928743770837, 0.03452931560041946, -0.003855289672679611, 0.003211092782964709, 0.005692292610374451, 0.008204393202728389, 0.005985816969494967, -0.008291860111185236, 0.04618244639503582, 0.043111975805352504, -0.032318817286251855, 0.019333821930561882, -0.020426423824870057, -0.048526938155940565, -0.01780531981932152, -0.006553979136491289, 0.003180482784779976, 0.00034092362685995026, 0.01642071279523453, -0.0334473837675965, 0.038321704677786096, 0.10781736289803823, 0.04258518733998512, -0.023948600524604763, 0.0020756931369042705, 0.06706292199726373, 0.11509765786170471, 0.053496512037376105, 0.030310129145875216, -0.07888401096904456, -0.04510944503003047, 0.000882644704697365, 0.005779412923742844, 0.014189774044570398, 0.017625621460525934, 0.0470123094249009, 0.025786535711760622, 0.0005902772149766743, 0.03093171836021715, -0.03447525152859873, 0.013772465161965708, -0.09743653931349748, -0.007974615162866667, -0.10023527065295917, 0.11384073409292571, -0.01863555950488546, -0.08094560873257145, -0.04138112321078491, 0.020852982969482008, -0.08019716840682929, -0.027863987549127108, -0.07215111429994059, 0.05074556648190502, -0.12554071649053963, 0.04285069373496761, 0.06610230036183012, 0.06672806553435495, 0.07350854633376783, -0.011342091481155961, -0.00554251373189944, -0.03174887306932165, -0.022724269966440218, 0.00859783461012301, 0.020329348519249113, -0.17196664600461034, 0.020626118442981387, -0.0966235603960083, -0.08354065116267907, 0.07812364039536483, -0.0968787214364574, -0.0182758319737269, -0.07900612087522758, -0.06459246799172594, 0.024152180192114233, 0.03936733044430583, 0.002919376588552112, -0.0392931959017118, -0.0361717515687768, 0.03704833895516894, 0.017470626643843714, -0.08282042393489339, -0.07936793604290787, -0.03866843347541051, 0.01959170994347876, -0.031069074162884763, -0.00996135075960116, 0.025178224466783732, 0.017300548140406085, -0.05728188550301326, 0.04557714331448881, -0.016068037092675593, -0.04013863165751291, -0.010949902644088398, 0.0161033034484735, 0.029761869453430886, -0.06211985667616871, -0.0195665530887003, -0.004753803244116286, 0.009460308460137182], [-0.022769881828114805, 0.014573804239369662, -0.01121043452587995, -0.00535753831228073, 0.009590377090905388, 0.0022887696480272065, -0.0011610587482886196, 0.014527241539429905, 0.050989958210520096, 0.012754578661263241, 0.003338051919637353, 0.006213184304547813, 0.00968015670231885, -0.0051631249487863835, -0.01335160496013947, 0.003950239865261348, -0.0009541745505249126, 0.0005899067064177315, 0.005649370000876119, -0.0010294505314271168, 0.004943561765255576, -0.0002639451584791244, 0.002958385790090412, -0.004635193596063703, -0.002839869805918217, -0.0006461292982767441, 0.000300766062672559, 0.0025965783443585057, 0.0013243876316259286, 0.0022239129162923005, -0.0032525267099815765, 0.004661223853796231, 0.007195574845894438, -1.0161435720808095e-06, 0.0037807535798313214, -0.014577914286508576, -0.005184874404580541, -0.0005751960810401188, -0.08058081099477492, -0.0047107866130956765, 0.00407354191208721, 0.00035202380688071125, -0.00798639609176242, 0.0027545154648763053, 0.014929320984469186, 0.005348094360006966, -0.01044239685508443, 0.010461751178063632, 0.004495005656964804, 0.0012603424135721746, -0.004284263986903093, -0.017525324602711678, -0.03683181027603507, -0.08250539726530332, 0.0010781021811440087, 0.007798285802338656, 0.003008890295829501, -0.006451766981803922, -0.00010692832586263367, -0.0009477415341197791, -0.005335858315657217, 0.008043590655388726, -0.007451355801078969, -0.009766113780025712, -0.0009108533900252874, 0.0022859465730020443, 0.02865273939608003, 0.004970165140586193, -0.08203385301488311, -0.014604172341001668, -0.00952101982921435, 0.00294801580287471, 0.014119166622168135, -0.01315561070094833, 0.015216245220896084, 0.014363065724261383, -0.00952446359830339, 0.006593263686829367, 0.009988107144192501, 0.007639368605826717, 0.007759571315631428, -0.0011147882205172549, -0.00540395573209789, -0.08540877857786275, -0.000851033790739949, -0.003282584674628468, -0.000517618894922476, 0.008581750115680327, 0.0016181005170641323, 0.017771004722384902, -0.014007484205718916, 0.0009540400125304441, -0.0005388538343057071, -0.009068318398131481, -0.01363802810564755, 0.011130650400600958, 0.005189717234732217, 0.005909922239260277, -0.06643608762675597, 0.02269629265214495, 0.0024266049557576156, 0.009632432036873511, 0.01238025346282996, -0.006574190027216128, -0.015959004443144735, 0.013791928979492739, 0.0016516816555831183, -0.0007989861584295979, -0.006317939769535398, -0.003129711985601565, 0.008090082717930897, -0.014235101365446957, -0.015151464320239694, -0.07735916318487693, 0.0009402306515727693, 0.010459842498159386, -0.004307826515378825, -0.005127602610006942, -0.0018261797887204536, 0.00961145808338803, -0.004146570805932359, 0.0012639451383132123], [-0.028477389239552314, 0.06717879627490196, -0.10393931015343473, 0.011868878126981562, 0.06405657563056821, -0.20433086506767315, 0.045875160511238675, 0.055424280651809404, 0.012754578661263241, 0.6164254313794929, -0.028666665517508322, 0.035619363285899264, -0.13360867606199497, -0.005160099460654322, -0.05323591830445017, 0.022833701716216848, 0.004592701311189846, 0.0072241279992224655, -0.008950630841865297, 0.017093609109677686, 0.007225886206669078, 0.0007788600176489156, -0.00400783074791397, -0.006032655882830019, 0.0023261631728101885, -0.002454473964476866, -0.0007228800639948291, -0.005157351352567517, 0.011508195048365845, 0.000387898595972082, 0.0029430647796113377, -0.024856011401777345, 0.042910527367323203, 0.057853889417493386, 0.06663860099076555, -0.06923062257772611, -0.0037350911765367057, -0.06505419985584743, -0.010061032499937688, -0.09184140195183536, -0.009735065129508311, 0.009797319347491975, -0.006820169895210002, -0.014031945068600771, -0.013117045190547788, 0.009363594706246425, -0.011710890520656806, -0.03464863651864771, 0.06526574159381412, 0.018213740088137625, -0.07481546090404712, -0.08716838533912268, -0.09416691974637792, -0.02469168952447729, -0.008796242243988145, -0.05034034950621919, 0.005464361522185582, 0.0524358485016021, 0.011434745723169548, 0.03908299943821412, -0.024810296774111458, 0.06733285688724593, -0.07264192690635325, 0.02115028651363036, 0.03826300306689022, 0.006141378770906004, -0.058938706123029844, 0.104681777715138, -0.02344348735423936, -0.0548015399001316, -0.052694997275844424, 0.010113977305343552, -0.038300290180603616, -0.007929625420994261, 0.0314991609273347, 0.018753083660542597, -0.009071786190785858, -0.011679824516458631, 0.005092393420172671, 0.0132903133919041, -0.016977347233366885, -0.019129147730998275, 0.0023335313413322847, -0.023178124159244265, -0.07448127030436878, 0.009948357222858695, -0.03471560407077353, -0.07082270236669441, -0.0044962085668367935, 0.014801740529725242, -0.04383638889916885, -0.04877140149776309, -0.005753776763223552, 0.007490533909741743, 0.06380727119105632, -0.018635814508766488, 0.02670471676445922, -0.13011129759038387, 0.0014944023438119094, 0.05377071824735736, -0.03932292321222539, -0.026829505181070853, -0.016835090756504613, -0.003119338627328738, 0.013314499174115247, -0.02416626479302005, -0.0446092709405455, 0.052209358603671305, 0.037928897424993654, 0.01653538620124378, -0.048095718403003064, 0.07583591185623759, 0.06625553683980187, 0.013712156414869168, -0.11596095665038018, -0.053930598434383775, -0.013919360566517746, -0.013105504691852477, -0.04213800479678732, -0.07354496818936845, -0.001955315995867862, 0.013553303458600481], [-0.06287618598008103, 0.05072660990407485, 0.0007276642135444006, -0.05957374633298867, 0.021150177145372737, 0.08507820539318785, 0.008164341350384269, 0.02539314447197542, 0.003338051919637353, -0.028666665517508322, 0.11934857418440242, 0.0018107828982083039, -0.004762613719239238, 0.008177312611335313, 0.009939557214347503, -0.005291187002205965, 0.005690792056867636, -0.0014854323971133538, -0.0013651881581271184, -0.012242321728379267, 0.004539724782589955, -0.00066674082505127, 0.0007855304894823367, -0.002653749016913283, 0.01571764081737153, -0.0028202760031817145, -0.0013040796197963905, -0.008130241022302758, -0.001491615186448813, -0.006898576439070101, -0.01291115614032648, 0.017987656998222523, -0.005834276452168145, -0.010375276530560563, 0.0028578812608797805, 0.026470660833042694, 0.03806379028515402, -0.010086025501077804, 0.0024408042532939435, -0.003000312616822679, -0.09475514327657304, -0.001087682118334278, 0.014594838434051164, 0.003979604236628604, 0.01345067116303666, 0.01596868139928923, 0.004553199439006702, 0.003519526285623117, 0.007510674236365229, 0.00064108217091156, 0.02845800951813498, -0.04112240233200128, -0.05980866147712242, 0.006479677210928222, -0.0002996798741459738, -0.09567082748050339, 0.007896903663966368, 0.025088146536047455, 0.017658967483615163, 0.007889765937520664, 0.013069469282575057, -0.011167462204987948, 0.015802498194533044, 0.011648445432077496, -0.01777237118315234, 0.0009632568443312059, -0.01284801755792032, 0.02056006358696835, -0.007111086731565897, -0.00037343068091190765, -0.10058840353420472, -0.0006993293446599382, 0.0009924181215990163, -0.002867028628324856, 0.0014369155116124082, -0.01997344872567203, 0.013450605043401355, -0.011850119052721644, -0.0026246772458964913, 0.005184263669913561, 0.016482629077628024, 0.016289887758010935, 0.005053664726270102, 0.01436775263632458, -0.008069631462311424, -0.09286865033834016, 0.007787633778731968, -0.017003859280756012, 0.014564040747659403, -0.022611299131197218, -0.02795428044693947, -0.00842055331071096, -0.006480864932850652, -0.021980798993205108, -0.015352822856917669, 0.01336982010813759, 0.002960611885684363, 0.012130567783437922, 0.016230650861735026, 0.005538806912858209, -0.09812227678182625, 0.007383940955377409, -0.009615803267521325, 0.012877217402566112, -0.0036893116605581353, -0.008913823173858536, 0.00394564745936091, 0.007446074538232033, -0.021282561337712363, 0.02775985101301243, 0.024037139117189982, 0.001026059985714737, -0.012563208868229472, -0.005545095273468066, -0.0098904615654597, -0.08053807487000637, 0.0007148464436007397, -0.005151928774583386, -0.008772034421219103, -0.0011882726275991022, 0.0003442058475038884, -0.0021132856084032886], [-0.05272914780001289, 0.008214642346096574, -0.032874217483523205, 0.03253606079672614, -0.01636986104892485, -0.0005067405854479855, -0.014167190983217842, 0.037007628873680705, 0.006213184304547813, 0.035619363285899264, 0.0018107828982083039, 0.14397060266203487, 0.04605202941046694, -0.05435940965527324, -0.08793385617225585, 0.004164977103999564, 0.007991245875002164, 0.004778709171583894, -0.008067483052315555, 2.599593419758046e-05, 0.007830188824113174, 0.0019932234382711387, 0.003732494833460142, -0.0059565002362956965, -0.008342901262718833, 0.004091482865339429, 0.005424193772231651, -0.0007564865253562776, 0.0009667020112957738, -0.002130900474848939, -0.020711385330974386, 0.038008204755948446, -0.002191753037991789, -0.011856932428768499, 0.03832812906057134, -0.031724198782382494, -0.0006323156525192741, -0.02611251444142613, -0.008925606392299137, 0.024876625330909116, -0.005382018024063867, -0.10636515958444945, -0.02185998623428608, -0.0013507144418992859, 0.04207459949506729, 0.011554775396576207, 0.023697135167537783, -0.02059086000970933, 0.01852170311015752, -0.004676852950792812, -0.002865055804108247, -0.03372448984988037, -0.01996711182535093, 0.0075752721522427124, 0.037254019952828094, 0.011625375796899064, -0.09983545623343329, 0.006795132428205941, 0.021686194277465824, -0.027616778977746285, -0.016277673327614418, 0.021950918877918998, -0.018102181194103565, -0.0017055182312306506, -0.04841423357224334, -0.009367564275358816, 0.008408851780689746, 0.0072445854965972395, -0.005847305642908337, -0.034413503230866914, -0.004149680756462337, -0.09357809537057199, 0.016726493247524125, -0.008255088739769437, 0.000969607735166947, -0.0015454288052847093, 0.00626906540913431, -0.015560638628967515, 0.01735132498022613, -0.02572725023644378, -0.004666544011012461, -0.0001478750127909669, 0.017398776020056943, -0.013762100706930217, -0.005137227039358889, -0.0016734119391059068, -0.08483396006453611, -0.01588247167900103, -0.001399169428907894, -0.04289217964207467, -0.03371167169888697, -0.00030494034404782155, -0.014657499655985267, -0.009241884887405108, -0.0024430704895403847, -0.018170527920892278, -0.011290485727136984, -0.016211601436772242, 0.004174734906867606, -0.008165267868094569, 0.014724298482460116, -0.09909567854545127, 0.019769151827780954, 0.02209998529158708, 0.04336921371569643, -0.012887883457347708, -0.006193246499907335, -0.003159914454028192, -0.0019587472466373523, -0.012839959062031543, 0.0045778997964212665, -0.012427678307462867, -0.007998342715082863, -0.007198223400133196, 0.021240394130115723, 0.008512505855829125, -0.10946568399604016, -0.02567277163365624, -0.023888965169110817, -0.0015259872043237623, -0.004710688442287674, 0.0039534022945064175], [-0.07131595647160316, 0.1386019479243347, -0.0766368327762192, -0.007252204789837344, -0.039860941020305275, 0.06835519826685112, -0.055827576426443364, -0.08436240339304887, 0.00968015670231885, -0.13360867606199497, -0.004762613719239238, 0.04605202941046694, 0.8391822990338014, 0.031271791838132855, 0.18751567688826323, -0.013656478035159944, -0.003514240830014452, -0.011439926771748717, -0.0019865560730609124, -0.004336354388312621, 0.016617811116838712, 0.013155221592350741, -0.024809428012474405, -0.00034108912717514383, 0.020393558880992407, -0.0006569210911413775, 0.01925127732867302, 0.0022723664139367647, -0.021849942653671618, -0.03200865004424614, -0.040352077014726324, 0.0009933019098592904, -0.04779093421596052, -0.06183305626159626, 0.043805116500458575, -0.012870323962578749, -0.06919540948500287, -0.029204835409701382, 0.010565612728424217, 0.0043371410246716416, 0.04097949678432756, -0.03774700646903693, -0.07526179186352248, 0.018707458877771425, -0.014399763403263625, 0.02089113350937518, -0.00858962739671618, -0.06176620241731941, 0.046847598672572766, -0.000886388607406575, 0.04412653522857799, -0.038456648144858926, 0.02342958400542054, 0.024843301607807653, 0.0006618238336587154, 0.021225838153115763, 0.023779052274792743, -0.08057218661146821, 0.042176314627646094, -0.06744797421188004, -0.043886512171308484, 0.014481845284982607, -0.03976909906872095, 0.002116105781155714, 0.007528055574994253, 0.0009729957524186381, 0.07026089217348719, 0.015283691784698072, 0.02475072395506376, -0.04501535533547319, 0.012450170242166598, 0.011702547929380233, -0.03667199081188202, 0.020903332273278032, 0.018875057795799316, -0.021764030051971334, 0.013034793057813802, -0.05045781680403898, 0.015216169813339618, -0.09370306659934188, -0.026597356689920477, -0.05510029870575311, -0.05108939303196935, -0.001181877716255636, -0.05563760008887007, -0.008711255650659186, 0.04998231516337448, 0.052347571225306797, -0.03336734579436433, -0.0014295618188677787, -0.041816207321267444, 0.044428227296048915, -0.01963865647526867, 0.0578970047123251, 0.007436589447805061, -0.012289201895180398, -0.05330766720963937, 0.05840074331614695, 0.024200610726397214, 0.023361727438974893, 0.017359739217578635, 0.046594895978954595, 0.03164141629721925, -0.044731280730486815, 0.08998395766217274, 0.0436478839796502, -0.030146879872440184, -0.03213229576019686, 0.07474763087086332, 0.003481348387187849, 0.05377924919441219, -0.033607643194377396, 0.021927083869529268, -0.012833146125756605, -0.03367872895224036, 0.03223661838186677, -3.7066232882675906e-05, -0.0011612663747308434, 0.0131441648559092, 0.04537073926669077, 0.003528850651943394, 0.0033474159522342084], [0.00048449104910192915, 0.033930088058014264, 0.011580317007542279, -0.07864126762008451, 0.023288400151332746, 0.03376994371378498, -0.006273363126669864, -0.03858201560261151, -0.0051631249487863835, -0.005160099460654322, 0.008177312611335313, -0.05435940965527324, 0.031271791838132855, 0.1120035789003676, 0.16146701579907477, -0.006882008601373397, -0.0022375554066890618, -0.004979909772307585, 0.0027018339646610605, 0.006565370776755072, 0.004089575042194567, 1.0341962892363333e-05, 0.0023141739458988307, 0.011137708661213634, -0.0010201142570404503, -0.002034873717600486, -2.527439482724538e-05, -0.0023845402385603448, -0.00021141389151525255, -0.002428075457413324, -0.008231732639024391, -0.0005902746949270575, 0.0021659005751903204, -0.011756986225458515, -0.022004182757182376, 0.011783241959585595, -0.0034629299259712966, 0.005031481073339781, 0.00837078161695614, 0.0034877020448326156, 0.006919474945573428, -0.0028694283873410002, 0.008641046975737756, -0.025972619716096906, -0.024319753479449514, -0.009585360266011951, -0.00014327919274635605, -0.006457657095551378, -0.009616172674083651, 0.00012442688694913324, 0.0040626056481094675, 0.0021514172091483237, -0.00601996714185726, 0.000961751923966043, 0.005037313795973387, -0.003153235738527332, -0.0062604911280681064, -0.009910792393910147, -0.03294589422711014, 0.03652215147139118, 0.011866543393644085, -0.006562479363237812, 0.030691703056082896, -0.001575977772675676, 0.02285639192789426, -0.012679091270531897, 0.009054672971964954, -0.023132365502448887, 0.012618245409433826, 0.015028016152591344, -0.015707547618096503, -0.0185597755231407, -0.034427447740427046, -0.040857385351651815, 0.009201957259676206, -0.002285096098572663, 0.007295736945660802, -0.010095731782901157, -0.017764288198259006, -0.022484143187965752, 0.020453373840215422, -0.008161454111986677, 0.0060345093324822895, 0.011880905963424645, -0.002908929940185921, 0.004396223902279164, -0.007867219977848087, 0.017469070518901845, -0.08652449142414777, 0.002906952676969986, 0.002222204526843159, 0.02278546012469184, 0.019486867718597662, -0.018997668970365346, 0.01977767839336169, 0.010090933162124763, 0.005549018170542464, 0.0009088151551519601, 0.014717125198203975, -0.0032272051555612196, -0.011735765226712606, -0.01316553311309521, -0.04001211523099694, -0.06568506656133495, -0.010099471408337226, 0.013950403972233415, -0.022642281489824605, 0.0008490826548431923, 0.012922855738162825, 0.01932151361378622, -0.00909125596773962, 0.0051623854294631875, 0.0014179813772102342, 0.004413688689344748, -0.0057923342875038425, -0.019416052552578417, 0.00629565999446741, 0.01879182140205364, -0.0461499551954396, -0.04851396862802009, 0.006835361772527793, -0.00247215591992013], [0.013241489231650527, 0.0662344509793178, 0.01709853917678242, -0.12119140758929056, 0.009884988607730684, 0.060320441802958355, -0.02586422513824206, -0.042518995430567835, -0.01335160496013947, -0.05323591830445017, 0.009939557214347503, -0.08793385617225585, 0.18751567688826323, 0.16146701579907477, 0.3110744981505862, -0.012188080811378389, -0.007564892354784433, -0.00876774407675962, 0.00016202194898217717, 0.0005998130409662017, 0.004361038305908944, 0.001348009036585988, -0.001986149009893485, 0.018086283623295212, 0.010166546371366283, -0.0035282384930418044, 0.003004205261669097, -0.007394159196092522, -0.008114474815112158, -0.008996994963562766, -0.02168876400764552, 0.005595341746513791, -0.006012575494650691, -0.02493817879546114, -0.044803055651984905, 0.011154054356108391, -0.014359666461061323, 0.013966751905766874, 0.024056631617208266, 0.012485237982711388, 0.010129569684872832, -0.009057243914579833, 0.031762341622973984, 0.03398916982287771, -0.07799719867016965, -0.016673319629584467, 0.0025053316340354387, -0.02499561827887305, -0.019879074339619825, -0.007056361790868144, 0.00646916860711093, 0.010081963530875164, 0.02114928670313791, 0.006518860337727742, 0.0006406100702721885, -0.005823792830783332, -0.007659404703919452, -0.009984820572503609, 0.011495589643023585, 0.019037009203176698, 0.013537482168950577, -0.003688876793807766, 0.02955281405122452, -0.00791340730704013, 0.019489612952566605, -0.021884658845863724, 0.01568718550609784, -0.0027686138492344346, 0.028635187285796466, 0.031240289842348345, -0.020226114132427614, -0.032587203447674136, -0.06463488152930975, 0.020369507642592568, -0.005950089563799883, 0.0036730313127358153, 0.002022772052040407, -0.012131085394695979, -0.020431709576975963, -0.04452495373183217, 0.010443300802547593, -0.03897342849815621, 0.006895277670347697, 0.02500920083372553, -0.024146034935712195, 0.0012304504834366517, -0.0058734275983494235, 0.051879668884776534, -0.07408230739273915, -0.027135560275864546, -0.016507887629