{"inv_metric": [[0.4498759107583988, -0.24903464896683752, 0.10523798803210171, 0.16365280208694294, -0.008323929476706212, -0.024799029596554445, 0.015815518052483785, -0.053343375405923266, -0.025281920353844144, -0.03250614886801123, -0.06741308192912578, -0.07757154117746538, -0.053454543905756456, 0.031527046986285355, 0.061306013998222685, 0.0004766530763068758, -0.001671936491397431, -0.010229887208095916, -0.0024654695978448024, -0.016802782247203146, -0.008207444144902615, -0.001983726872451062, 0.0013120199936128845, 0.010154432791310408, -0.006200501119085406, 0.001778773832355792, -0.0079424677347834, -0.002874947447217741, 0.015431226230147962, 0.01405366231379299, -0.03296099511419891, -0.12109820856694835, 0.023979373242513587, 0.1113859306571615, -0.011152572501725482, -0.041772492610913335, 0.007118733960755309, 0.0013144483366530075, 0.0025014234540109066, -0.03485868762567819, -0.025512289810065373, 0.010412559057005756, 0.06732189632223569, 0.02609272249873575, 0.014469032948515752, -0.08628975139764998, -0.05032218577153404, -0.005408313238955468, 0.05854413556107364, 0.014130166193261828, 0.0426988494557231, 0.05664322126496599, 0.056148331332176844, 9.22610856103734e-05, -0.04065671978110677, -0.0037023842099351617, 0.0034388573213416387, 0.021220692133008517, -0.00962744373523088, 0.013522103912363708, -0.059156344632605204, -0.024237931162880956, 0.01441214264498495, 0.04021703589884908, 0.03560031683182146, 0.011084629742660985, -0.024373377237362024, 0.011449413135132296, 0.00011467382445842975, -0.023588045017277383, -0.007890348820915584, -0.03016389965214975, 0.08499589286929361, -0.00141717058471435, 0.029099017332133725, -0.08805339298470034, -0.01067348892450378, -0.020902002451341876, 0.0636179551516681, -0.03498595009075518, 0.027151307659496027, 0.029318294820929482, 0.0556850383134323, -0.005018427562025685, -0.0221083434650547, -0.005821983526093794, 0.0003035277185198356, -0.014532258335317917, -0.02977546222045499, -0.06563942866460423, -0.015802090707688222, -0.08653370412165624, 0.046472745491882204, 0.07139327531757492, 0.05458732856554647, -0.005191027212569238, 0.012339097016220494, 0.0018998875654636553, -0.009150863608692071, -0.007184662161836195, -0.016590960826355694, 0.0007944782804597665, 0.020254457264023955, 0.023416472825612728, -0.029633058580234215, -0.10485822115093207, -0.05768998684239073, 0.035564198778793, 0.04388957237546431, -0.019864601952314594, -0.012470081545330948, 0.03770632185068563, -0.02024276959349731, 0.002661462183160258, -0.003808027077988204, 0.001975848179258126, 0.008000163027491123, -0.017637416009224787, 0.07538700683217071, 0.03636442866750546, 0.006131125186113506, -0.0029455464267615825], [-0.24903464896683752, 0.5756774030257458, -0.12398079316654444, -0.12485759064759619, 0.04403171872835851, 0.004673527238735317, -0.026858078932093406, 0.02409358801190128, 0.01834492937685096, -0.00038320233232673614, 0.032939410551024326, -0.00015292338901854574, 0.03804537387728645, 0.013501487207360111, 0.006254709378257218, 0.0018105330335764919, 0.006227409687276873, 0.0046723851650083545, -0.006728954228277764, 0.012207213723247762, 0.014378828038122451, 0.00503636536987552, 0.015210701869939185, -0.004306697880426551, 0.0027087936442547924, 0.0008211983092444828, -0.0010026195997124827, -2.6459464608942744e-05, -0.004002536606787983, -0.005917382944100189, -0.05394613483256552, -0.0011070690744228735, 0.09443407638114759, -0.05408497513919702, -0.06706563603455315, 0.0295790661891683, 0.0013486612967517598, -0.07212544699941549, -0.010456727922371538, 0.024926978695638067, 0.020305888681591194, -0.008216883809358998, -0.06746735394425656, 0.023795993285079985, 0.031939339788953074, -0.03805011584703917, -0.05172475903123231, 0.06054497216444687, -0.003182388035475009, -0.05168918169847423, -0.06374525099084104, -0.009232273959191585, -0.04235678604620717, -0.013389898208070806, 0.11623046298352316, 0.0009720595470469192, 0.03069213453988555, -0.009755030126168743, -0.012561691899268654, -0.04936407332380082, -0.08297677676963203, 0.012457463375953194, 0.015977603072435183, -0.03990858829851024, -0.020911441010066697, 0.01158299735341162, -0.027021871731723688, -0.018039065923239426, 0.0011736425200552522, 0.03349382914032763, 0.011182878323454711, 0.023589266546671143, -0.012442258443772468, -0.04110260252271363, -0.015658080894061597, -0.013949387585560231, -0.035844065346752496, 0.11054615303506495, -0.02383175472754284, -0.028243704917501937, -0.005701951318090328, 0.0339375572218694, -0.10185560650599872, 0.0180142137713326, 0.03461250437177121, 0.03277252195398476, 0.009608337853401424, -0.008113376507507498, 0.03242797346817966, 0.020752183065795373, -0.08044840613584683, 0.07529925194969861, 0.01950834395767485, -0.028218715231512502, -0.052977445580869205, 0.028125791459206087, -0.018231325964722978, 0.006976451942007315, 0.01890128427728847, -0.03841528316412436, 0.005859946081185762, 0.00701175334286395, 0.021377925072813997, -0.029347998361393433, 0.00808668724731181, 0.0077447154482384855, -0.018188721432194074, 0.007732853269912225, 0.010608911497786073, 0.03261307032712162, 0.024001966130164462, -0.021681049446689867, -0.013841224772066587, 0.009697510138532994, 0.03352984495609158, 0.014718734029626373, 0.019417870421796123, 0.08974552893931471, -0.06335606353173856, -0.022121133845048813, 0.002463922783713519, -0.0032262367478698164], [0.10523798803210171, -0.12398079316654444, 0.3803673398535498, -0.02212115519477473, -0.02279927118554648, -0.062169229027816374, -0.05816762285815856, 0.011399385394395611, -0.01041655392021221, -0.10877837384847133, -0.014824951928745875, -0.04011872526988848, -0.076532916728802, 0.026798830242574827, 0.05969732267003715, 0.0037794527998658727, 0.006129304423940997, 0.0052613781304608415, 0.012695379357683383, -0.018204985988131576, -0.007621908543804291, 0.00935804231909511, 0.00554578492358968, 0.00542807270149113, -0.0020163511532442936, 0.0016624069587297162, -0.001804941712169845, 0.005003114384702563, 0.0005713710381233053, -0.002880789354310642, 0.004710157752541121, 0.07679954853902264, -0.10927549204884028, 0.048921988223093876, -0.00382472617510156, -0.019727090447333853, -0.019260665940165945, 0.043168871114017696, -0.0058667925280112025, -0.03275222066501754, -0.01372644856937615, -0.006923826487699107, 0.0738292148652495, 0.010487270501497455, 0.004155624970596567, 0.01920010111959654, 0.06185983453577935, -0.14683834381382366, 0.052968834617066904, -0.035516682029363006, 0.003482692533324093, -0.019412328358365954, -0.00824712655982278, 0.010230685694693391, -0.016579003816228666, -0.0070626176896747585, -0.03029301960456603, 0.03706189450396477, 0.02520085242147447, 0.05863656788980989, 0.044337414795134464, 0.03191240788757236, -0.07963028089182038, 0.03070310017499104, 0.0010157389028650006, 0.012384009299243683, -0.029330690091584982, 0.03710039596227894, -0.00128616267666231, -0.008532481089326577, 0.027182445267439827, -0.07282016414153039, 0.019905288196408157, 0.04523523132376243, 0.05591523526884473, -0.008145386190782814, 0.04535785312569115, -0.06432782681958125, 0.028579902186718555, -0.05238308745928524, -0.01035941722048877, 0.0021674184883129716, 0.0505672642488493, 0.0035031208859932694, -0.015328163940343057, 0.0016336340639328195, -0.02166562644983798, 0.03369035482647065, 0.0059670904531506225, -0.02920019777429457, 0.078358214067751, -0.05463992429183457, -0.07038696878328445, 0.05250571742690013, 0.020770129383333103, -0.013410850283984017, 0.01566227533947833, 0.006537312391536847, -0.016617209175811127, -0.025108802412032817, 0.02993409892880398, -0.019358731088473198, 0.011444857079080191, 0.056364866666213334, 0.0023121301037963052, 0.02406309713433918, 0.023070864797565687, -0.120525591717464, 0.0838336191366059, 0.011570165628452013, -0.009077987401681429, 0.013152274673830563, -0.009026209530304209, -0.0001446692373876297, 0.028856918194388795, 0.01570418767004696, 0.010279608178738749, -0.01512194232837021, 0.07385591143065005, -0.03204540762356781, -0.0002575337295651844, -0.001902108446777757], [0.16365280208694294, -0.12485759064759619, -0.02212115519477473, 0.39143309713570656, -0.0027293417315046595, -0.007199124840758558, 0.03863936564712372, -0.04445634820285848, -0.0059555630782364725, 0.045283669022276096, -0.043755368341857045, 0.023285520399297786, 0.0794365255601835, -0.05984363078441297, -0.08534665106438961, 0.0035923661580993947, 0.007220240191020177, -0.009199008399217492, -0.002621790683259688, -0.0174639731658653, -0.009354902895700583, -0.011626861188051847, 0.015395116245851421, 0.008428003253367103, -0.00027532955361705833, 0.0075345327176946, -0.0020910759439945986, 0.0024174652771062183, 0.010145905758107669, 0.023107386515285294, 0.10238131413990717, -0.049087919399508906, 0.04560262364762806, -0.0004386612988973572, 0.013937055414690215, 0.006200134432963296, 0.02434529133738885, 0.06614943023285623, 0.004376547577699109, -0.02268817854951377, 0.0018953661462006895, 0.011202699477734815, -0.006471362979305868, 0.030428437043439536, 0.04466520494290752, 0.06826763800135968, 0.032771529414648275, 0.028824881082568636, -0.0373356841040499, 0.04072419716411331, 0.006322500141829119, -0.013865799460724054, 0.02997603332858058, -0.00688590655887726, -0.03400091270501484, -0.06383275197824144, 0.011250146826646481, -0.03082781202157078, 0.009574802721478428, -0.05593071421275969, 0.052411312905473594, 0.03700956944306021, 0.03964173352098393, -0.05677351691831037, -0.012406584045948707, 0.02665544291895293, -0.01284245903405911, 0.024491413091884014, -0.0012407036462374942, 0.025959412606891392, 0.014058272817027385, 0.030859279012728415, 0.06632588855189589, -0.031197092198745727, -0.09225342303557672, 0.04560608709335964, 0.009766247990347024, 0.024349840222520226, -0.0509659115813579, -0.005393200891521592, 0.006519310386381172, -0.03105151388369309, 0.028899507669830325, -0.004424922621569803, 0.02413755426008034, 0.0003770220774292861, 0.0315065846508453, -0.017627282832186227, 0.023080862561904957, -0.045906131642594314, 0.06784516184301108, -0.051029449127281336, 0.0722338140526152, -0.034712070436778215, -0.012519475540904185, -0.008277548911629368, 0.013390882411267065, -0.008839257952181033, -0.021884016116366346, 0.022753809950977203, -0.02274725233670043, 0.04344083570514976, 0.016949721247868185, 0.012686106515060422, -0.01807346199747057, 0.05601560472303746, 0.008688632393980265, 0.08914240560766802, -0.07502151584331782, -0.010341039919863498, -0.030080438925104647, 0.08742136160233405, 0.02137962633160387, 0.0013112796306530296, -0.043101554498836035, 0.00015238583650630335, 0.021354386540078568, -0.027399967048583083, -0.011321926163528704, -0.021810140154109106, 0.005406646710924073, 0.005087152577598124], [-0.008323929476706212, 0.04403171872835851, -0.02279927118554648, -0.0027293417315046595, 0.955757354768612, -0.05220605418560141, -0.09143205892352511, 0.0257013613992023, -0.03416945692402322, 0.07521775577377839, -0.001056653071959034, -0.004716936283967723, -0.02199701363593063, -0.011727928527914353, 0.007696700214238119, -0.0016451241810833115, 0.03636548991909533, -0.0031318964519872557, -0.005783644304893396, 0.004221176007327811, -0.0025525953040170845, -0.011302627351842488, -0.0025836286090157113, 0.005336155553996255, 0.010025799552684952, 0.019759825159296387, -0.0028100242989803443, 0.007500276368604287, -0.007826624174514477, -0.030149763480620474, -0.007277811011385021, -0.039970425160635745, 0.07421479419281166, 0.008111885513322606, 0.02159026043090821, -0.008919770134595993, -0.0511269338862713, 0.021534546582902367, 0.017691472653936627, -0.004220874982173613, 0.015539120511941425, 0.04190777938393374, -0.045000163810453075, -0.02839254778984643, -0.12302593384529047, -0.03335363150882243, -0.02890525022661684, -0.07269390590040165, 0.028114642296835083, -0.03001804733262778, -0.05087429145479073, -0.040677915598375886, -0.05122205840419427, 0.08462841253348669, 0.10672746049506608, -0.04154159795708714, 0.02860653910142346, 0.05662127760479638, 0.10489228000045271, 0.00039854752564274723, -0.09848452974015633, 0.06428923619847604, -0.0025807791951266137, -0.050583067350064674, -0.012758306180075698, 0.040104955961197175, 0.01594851959311279, 0.07191794888617435, 0.057620983855568776, -0.07919827442963669, 0.028698016897721234, 0.003905971584935277, 0.1084573671406222, 0.012377635909654155, -0.043686753467850815, -0.08511423606154243, 0.04527046673774416, -0.03154141620581428, -0.0043742116051928405, -0.12455813995792808, 0.010692585897460631, 0.05559010513305663, 0.001828863159655814, 0.05008941080342042, 0.02348361505031977, -0.0144897421823017, 0.013185673491115268, 0.004736392193080569, 0.05070021481942557, -0.0422946327690798, -0.044300861999620675, 0.1049188690106759, 0.019622725443577696, 0.008741234520276413, 0.015123294066249113, 0.05520822221603423, 0.0771377036312217, 0.020165922603580938, 0.06007007979749345, -0.016149370865429686, 0.015421726484809946, -0.0015931102623618063, 0.044185571601678415, 0.05868064691884594, 0.020253086021952412, 0.01266563752971284, -0.018507779371218794, 0.0009363351126177538, -0.025823650383137, -0.11260159145406994, -0.06134820718876995, 0.006847474859827506, -0.003312954751405786, 0.07089301015341005, 0.11830868240515943, 0.015332223523327233, -0.007369533027452315, 0.05939224519408878, 0.020771196781125035, -0.05584327914867757, -0.0038886379199177205, 0.004745193956036408], [-0.024799029596554445, 0.004673527238735317, -0.062169229027816374, -0.007199124840758558, -0.05220605418560141, 0.45914408060800943, 0.036326923522924943, -0.048621032135935986, 0.004750432761646241, -0.14181560779380795, 0.08562433597062363, 0.020710875967212373, -0.012276515609098686, -0.005862330486534208, -0.0236098669278058, -0.005860559073811146, -0.02310874258467906, 0.0011843749322852236, -0.0036737353269599197, 0.011229057679778392, 0.000994604888083079, -0.0137715992946787, -0.0002468483304745918, -0.008309042675244441, 0.01174952328321128, 0.009652533279715736, -0.0068628691490452256, -0.002737038951790001, -0.003415545144007133, 0.0023376678480166464, -0.012503445497512118, 0.009602521230372087, -0.03521813760108791, 0.009347165964839574, 0.01947850500000989, 0.016354739381399606, 0.01965795164386387, -0.09105592657346342, 0.0017512894767474688, -0.034138740932357095, 0.03377844126072855, -0.004676751498331586, 0.010885700604536466, -0.031140312250123894, -0.09387943628164759, 0.011941303755807804, -0.006979634300067024, -0.014898776663499128, 0.03182887956023855, -0.022919127058422705, -0.003908264135503018, -0.014164001810741775, 0.05435379468266358, -0.009843524726221157, -0.008278026224792755, 0.018829124381661934, -0.0004355510419237896, 0.02008972025843551, 0.00014656144954018735, 0.004268208444232906, 0.004376275520933812, 0.0008902459049386744, -0.03821915131673831, 0.037486001205631836, -0.04424199804061028, -0.009689758572528014, -0.05667475382723133, -0.001318058432617898, 0.0007290053360397443, 0.0027244842087191102, 0.001188836387537245, 0.017145840824357134, 0.007231328769145543, -0.0027054321345387784, 0.0030784844099881283, -0.04028333183110527, 0.00043647843814324653, 0.00617224546657705, -0.037066353550695305, 0.08089670336008363, -0.0037911167339661493, -0.03028619130314009, -0.0031122235855029472, -0.011251810846591003, -0.018592965718452415, 0.06451727967722522, 0.005491341413855546, 0.019610676981335305, -0.0011115799402246426, 0.020036215395838462, -0.043974603483062216, 0.03210776695874483, -0.013119572253885544, -0.009403615262954404, -0.008092187033531652, -0.038731208597208494, 0.011843735109894062, -0.03410233922828787, -0.0015898652759551402, -0.03357331778605414, -0.035289786248555874, 0.011471632938805718, 0.012153703766046867, -0.010755946249989483, 0.02175546623002635, -0.00908289433245215, -0.033103596076441505, 0.033968283093340046, 0.006495234154356958, 0.056867366205861775, 0.010899795788869505, -0.016853017033014273, 0.014441364988649336, 0.0032782840344213263, -0.09945749238157706, 0.05889864227865282, -0.006809968595410878, 0.009832541073692672, -0.03436597180976298, -0.022340832367301555, -0.008617073552132776, 0.00034070953564379627], [0.015815518052483785, -0.026858078932093406, -0.05816762285815856, 0.03863936564712372, -0.09143205892352511, 0.036326923522924943, 0.9929989792719416, -0.016699391815961497, 0.006548046963283441, -0.05054106058989945, 0.004757799161338605, -0.007852593280445935, 0.07698739884449898, 0.013347281605010326, 0.023099520042490905, 0.0003412849955677099, 0.007450938593279748, -0.01917876716748071, 0.0019027470825489455, 0.002443219459161059, -0.012367985986104058, -0.024904152163494172, 0.0008712153835724086, 0.01715063634463282, -0.0014892058549033633, 0.006602459139270965, -0.01231058341289521, -0.010992937221845477, 0.005301663581626323, 0.014006479338181742, -0.012042458716078484, -0.01618127907083557, 0.01661878716904401, -0.025986776509349347, 0.0002622762305199621, -0.010649984737603159, -0.013129270717203458, -0.022370045886714724, -0.002439527105828553, -0.005496892328380893, -0.00695946455927476, -0.005506462035059587, 0.005681101567273266, 0.007024879458335497, 0.060236750555609245, -0.012901667582168435, -0.036740169402642846, 0.09549602897766724, -0.03331292626250943, 0.015437693608269808, 0.02286182840935374, -0.0529997792040387, 0.028042855002028643, -0.002423388987552976, -0.030532711631213023, 0.02222388681661941, 0.018632851282159937, 0.04639179179845675, 0.010498787975971932, -0.014422274840587505, -0.004234500727596666, -0.02633370279741973, 0.11542807238788486, -0.04064019929615579, -0.012279727529140218, -0.01719394638332426, 0.02037843338908541, -0.09785047027897786, 0.021465455696453205, -0.006933041240423452, 0.04147277174635903, -0.0016393005881348546, -0.07668162822557655, -0.032736059341636606, -0.1058010524387896, 0.011469031826684486, 0.011724634126428265, -0.0004951285766599072, -0.028954835880792097, 0.023006116281079878, -0.037215238614452896, -0.06580357370156786, 0.004583900045545518, -0.02263269214063158, -0.11355906197992371, -0.02671943949005378, -0.027514639569877295, 0.045208906339595, -0.06730524667404436, -0.039872072728312384, 0.04530549299245621, -0.05935129183591354, 0.048595086433891654, -0.06419185945105113, 0.02848188557567525, -0.023390201801757438, 0.08207104004560926, -0.03600090492162118, -0.008631478001974712, 0.0777530329154509, 0.01184990240710332, 0.013874786196702668, -0.018956221225447066, -0.029471994901358295, 0.003112320058121801, 0.03884775024558475, -0.06964114183075941, 0.048209581436757847, -0.020170598438188785, 0.1355141084904435, 0.03860860489600462, -0.011210323881205556, 0.036970066931034225, -0.0034627276548672243, -0.017930959858767134, -0.03765858069831838, -0.027293739788932313, -0.09849314006755969, -0.02930815597389066, -0.07395267031634079, 0.008404896138977824, -0.006609902759404527], [-0.053343375405923266, 0.02409358801190128, 0.011399385394395611, -0.04445634820285848, 0.0257013613992023, -0.048621032135935986, -0.016699391815961497, 1.0388340207062186, 0.010420348616827124, -0.032765726275562165, 0.006414894776760872, -0.015265456044518197, -0.050685722436898575, 0.01344363895510902, 0.051999109543924726, -0.00796257139697457, -0.017717351154737892, -0.003507918746805617, 0.013370219398061297, -0.0072360361292474395, -0.04196217317541858, 0.015118493668942077, -0.024455834216213, 0.0010006467053365492, -0.00026781145079711585, 0.012964382458097752, -0.019544193419374366, -0.011585088346953747, 0.012183566632381695, -0.007074662906468345, 0.0797507623630746, -0.00442246856889513, -0.07428058225600075, 0.040020340634220164, 0.01877915702553511, 0.02016696633405119, -0.06530088129382959, 0.010456643104897, 0.022241157091914227, 0.1111178731232988, -0.022461933469822185, 0.027861169113336928, 0.013371996404908278, -0.04285586125360982, -0.07614435435597122, 0.027511117520899766, -0.026205010940311173, 0.05009912576405783, -0.01188170462360248, -0.0029424234624163504, -0.0310289243757086, -0.05547882279367152, -0.09409753534971833, 0.005421304083421426, 0.04531173699283479, 0.017062395543824015, -0.007774413006004668, -0.023880463195423637, 0.0620167146734924, 0.0028928956873537246, -0.027722708530149024, -0.03210848766202324, -0.005335972863078097, -0.014682503738417743, 0.12187466828043404, 0.023729017137695124, 0.005397751172202417, -0.11373116940807824, -0.01828807423631935, 0.036296443643811134, 0.04207431129993165, 0.021178740094293987, -0.09633952956354104, 0.03653828523848754, -0.03538865138591088, 0.04063448173018701, 0.05404623132464955, 0.009827675333137519, 0.008900573206662451, 0.06716203396587922, 0.020870166814581172, -0.09071123341164364, 0.07205623166975898, -0.01416284071380098, 0.013910358822541961, -0.0007729543057565296, -0.04757865017551069, -0.0407042254064379, 0.057116232075069086, 0.14641064372855853, 0.02140077595514154, 0.03653567443135183, 0.0018022155258785812, 0.0004844758963810527, 0.0869849087656124, -0.005889127353241574, 0.0761623454041072, -0.043472191038638135, 0.02613415364415779, 0.00934664915337878, -0.043488412812704776, 0.043553512116377924, 0.009725361315574053, -0.012216641563721264, -0.017087903918235857, 0.020897677900927468, -0.045978434304254426, -0.05368079624569722, -0.02252894823174173, -0.08593175312095573, 0.05565515104980845, -0.010153236267854311, -0.010977641241811782, -0.03608411266325723, 0.02073444191838843, -0.0348895974562707, 0.0287361594284007, -0.02316178122749327, -0.005232883940270073, -0.006886205759329052, -0.005246060203447919, 0.0034632357430040253], [-0.025281920353844144, 0.01834492937685096, -0.01041655392021221, -0.0059555630782364725, -0.03416945692402322, 0.004750432761646241, 0.006548046963283441, 0.010420348616827124, 0.05953749924582403, 0.011274625800627032, 0.009739512069470074, 0.00740047380115501, 0.004257911005466046, 0.0028504018965944617, -0.003384867486643469, -0.0008724624230781695, 0.0008869714971528201, 0.004505374643261568, -0.0032510892646158782, 0.007235336038017025, -0.0063930746206551006, -0.005380290501989481, -0.0013084346754532175, -0.005225551329024643, 0.003831649700307562, -0.000923430157996281, -0.002147588401781196, 0.0011103102315954626, -0.001266153343360879, 0.0006931334529822501, 0.0028760026753175873, 0.00023711769480160174, -0.0005336302981647693, -0.001297963426027619, 0.010068582629543027, 0.00041734642577717217, 0.040078228861659085, 0.006590107682577184, -0.09101611053983555, 0.022403724641607902, -0.01874297956778876, -0.004579398557282037, -0.001260496394223277, 1.738171452460741e-05, 0.0180836501192623, 0.014193578549989122, 0.0029182642607665566, 0.0025972858341403674, 0.003291464034902358, 0.0058753945811344035, -0.011111786376717732, -0.007780136787395841, 0.010288350892941578, -0.08977935439637635, -0.0008144502125656519, -0.012473108810826122, 0.003365985142046368, -0.014124856422315722, -0.005819822026610995, -0.009662788229838236, -0.02575045851956792, 0.01685797566709596, 0.00542359038709067, -0.02301426158147597, -0.0007376639367394852, -0.019431449338574734, 0.005437711052761449, -0.02163369023841036, -0.08922085742042118, 0.009522741793547642, -0.012278386729904868, -0.00034622654422178, -0.009370548421723537, -0.0013841111552274517, 0.005849707698108125, 0.006879146096718835, -0.01592962556514792, -0.0019793542267566807, -0.008167690855911295, 0.01625755864140608, -0.013004721941615496, -8.145080543810968e-05, 0.007503637961480362, -0.09141000834306018, 0.032521218159991, -0.00319773746315711, -0.0037712756727329663, -0.01358542159164016, 0.0019536471083425786, 0.011975709730401702, -0.004204459616394063, 0.0040027341832452774, 0.005709620155106553, -0.013755155484323045, -0.011138767588959186, 0.010271641651521831, -0.027925593447789797, -0.012505324012189237, -0.08692389725251623, 0.018140879907228822, -0.008382269297028217, -0.0009749109932374093, -0.005686177257129361, -0.0020513884129259746, 0.012007006834585414, 0.012684912992255559, 0.014307145646408437, 0.004653669044028412, 0.0026645555691149994, 0.01388683740124104, -0.013826834820047653, -0.012222502496922217, 0.017405090491775178, -0.09523685269688294, 0.007646457904246777, -0.014656299695009182, -0.006142347625748851, -0.011105565365075058, -0.01558243301167859, 0.0011435163100698427, -0.0005104139263053171, 0.001379426565768822], [-0.03250614886801123, -0.00038320233232673614, -0.10877837384847133, 0.045283669022276096, 0.07521775577377839, -0.14181560779380795, -0.05054106058989945, -0.032765726275562165, 0.011274625800627032, 0.5404858902758672, -0.04323429212144098, 0.016509424269772977, -0.053636964397349295, 0.024296499592796592, 0.0009599265520814556, -0.0009473376781466733, 0.0057821191693856605, 0.019938878167038834, 0.009924729365763562, 0.013076507759042824, -0.013170699426443116, 9.190917449965541e-05, -0.006715313464236713, 0.0030728533135628688, 0.01867208576713936, -0.005036738555509788, 0.0076133902125265825, 0.017112128336179047, -0.0029927538961703084, -0.010460974328393824, 0.008611570100232552, 0.023462973985140252, 0.0060879183551504155, -0.008741959505032443, -0.009448387408731919, -0.03924296617406849, 0.023461033809048428, 0.031750573246032095, 0.00513201191834206, -0.051810224013658764, 0.02442194362544764, 0.02069737220020685, -0.055541592068756473, 0.0024312472754394873, -0.014605435655263944, 0.0015799301300468808, 0.014871255099944044, 0.021748781796886267, -0.005397793619899461, -0.007617782237859003, -0.06557951465573, 0.07668498125885852, -0.06015053656446497, 0.003879328482938732, -0.0736733525943629, -0.024764477976642878, 0.022216851112822202, -0.019002958845215072, 0.0015856939569382313, -0.07068048405837034, -0.015139161839530232, 0.053215135523420325, -0.06830281642040294, 0.014294248712057804, 0.04954307612418703, -0.07595881039211703, 0.05593964588881016, -0.026160664840585345, -0.002920338086654551, -0.008360093742197955, -0.04659663745467394, 0.03224133257373798, 0.018441027605304444, 0.00022803871980223728, -0.02815988982057728, 0.043165096729689524, 0.05632121114475833, -0.06542492288683098, 0.05685634085616301, -0.05737814326443049, 0.006700072243462541, -0.009191524480375121, 0.04495027302749694, -0.009457503953198417, -0.054759012170564954, 0.029253935137299614, 0.01733900910119147, -0.07705456882892169, 0.017074532881557795, 0.02380927909914684, 0.03541164357167553, 0.009926853484416163, -0.025166610435329893, 0.048543258524945815, 0.015503044437277888, 0.004129230997108218, -0.0836057564908656, 0.024239931966581238, 0.020591177125775944, 0.04453149225931343, -0.027700676050621154, -0.006233543022121274, -0.01579812121011834, -0.026625315488553056, -0.00626440219508683, -0.028793195921080886, 0.07351103388105486, -0.010737006204897799, -0.06953799811295647, 0.006783042840770406, -0.023988361158616158, -0.0376582518624618, -0.015155375902321638, 0.014604575801351055, -0.04933211369669925, -0.013700829153431621, 0.0010271467656679774, 0.030956343180148664, -0.020084314828199182, -0.006893762589425457, 0.005300321287075111, 0.018004332297956917], [-0.06741308192912578, 0.032939410551024326, -0.014824951928745875, -0.043755368341857045, -0.001056653071959034, 0.08562433597062363, 0.004757799161338605, 0.006414894776760872, 0.009739512069470074, -0.04323429212144098, 0.1137467069689092, 0.015854551380405264, 0.02418158862193889, -0.004697667307965933, -0.007075890511459076, -0.008239195775456766, -0.011978389237843832, 0.004750297605056466, -0.010153028066294515, 0.010214957943060338, 0.0005254876587366332, 0.004898834166007609, 0.005365392239793559, -0.0036225368350691956, -0.0015088126025364118, -0.0034027691213535964, 0.0022313019793689724, 0.004295415298004268, -0.005335200848439909, -0.007600177026150672, -0.01268494438071019, 0.014776395259634614, 0.004738487963160524, -0.017320690941282673, 0.03286586155432619, 0.01965398899555395, 0.018035023732995623, -0.0026665335874337262, -0.015874274248267387, 0.02314661120395404, -0.08731405502156848, 0.001718633216693704, -0.024833251298353665, -0.01713741919482051, -0.026892874183167305, -0.01797740326579851, -0.007546857529449815, 0.02189886471767238, -0.01513522401773391, -0.038685772594093566, 0.0029908503806976607, 0.007617324925385265, 0.027591322663077962, -0.008839537547403251, -0.02380107497490592, -0.08291432571223073, 0.011261188926475485, 0.029174342142130067, 0.009808494703578545, 0.012511702573021134, -0.01643959100838292, -0.01566216417628144, 0.008977095979022246, -0.015535792284094053, -0.027448404941684525, -0.005586384230805963, -0.011263096088149785, -0.02622495553836402, -0.01620817455318102, -0.022424789263105906, -0.08790653867255618, 0.008466016683527164, 0.00770162671849896, 0.011425046019191289, 0.02022571293137946, -0.008670829783760568, -0.014636771029983094, 0.004677778886353234, -0.015637658869260877, 0.046408073894635055, 0.008322878462157034, 0.0031715385932841325, 0.01436268502368208, -0.013955442604018915, 0.016382709362840118, -0.08441975022055145, 0.008530255160299087, 0.007869571574584757, 0.004555290197613276, 0.0016395403487791146, -0.027573882624355124, 0.02409479458550813, 0.005099190896220338, -0.029598320101358495, -0.003050594962240193, 0.008112999501009686, -0.03244414277480921, 0.009423156169465567, -0.00774811504882997, 0.024326046448149913, -0.08745189454855218, 0.0011817471457183741, -0.013923383157105831, -0.006302271128055315, 0.00035554322643869374, -0.008888028423085932, 0.005977270621564025, 0.01732536475032554, -0.0018083637878069003, 0.014389245733404355, 0.02669181672688947, -0.03806321019168426, -0.015840098134953736, -0.01898418494275416, -0.020619620604368453, -0.05944115556857705, 0.005019722850892322, 0.0332210957131665, -0.033807779144360665, -0.013234671489347581, -0.003898416798874258, 0.0015984173706151447], [-0.07757154117746538, -0.00015292338901854574, -0.04011872526988848, 0.023285520399297786, -0.004716936283967723, 0.020710875967212373, -0.007852593280445935, -0.015265456044518197, 0.00740047380115501, 0.016509424269772977, 0.015854551380405264, 0.15415730947976158, 0.045595197145988364, -0.06026045272691596, -0.09296145670299057, 0.011453799561883778, -0.008234924305994682, 0.0056147556411775615, -0.0055972057393394595, 0.004324928067231523, 0.0037123195980664353, -0.004568112468100904, 0.00031382320049455625, -0.00197312727463362, 0.005334629089318282, 0.015445623932360472, 0.01509115170862064, -0.0017128582845803238, -0.008088973689385954, -0.0005722465135605443, -0.020667328535577793, 0.023156906280430534, -0.008888551038690738, -0.008008841352357512, -0.031105386672612145, 0.004413672410527976, -0.00990201057783683, -0.007449528605382925, -0.015793397152261746, 0.006591093957597698, 0.029030954634266658, -0.09781738920141726, 0.020109841798674713, -0.011962904905987568, 0.016038501178138004, -0.005872663514188691, 0.011128851569788652, -0.016488601881458682, -0.0027813319031966713, 0.02124126283949381, 0.022575274060190754, -0.019383299214303516, -0.02225035930011829, -0.005353912970299843, 0.009752450857353098, -0.0042221898485291665, -0.10270899904812442, -0.010218418396687749, 0.012799217199431629, -0.03921026711922551, -0.003119505588207215, 0.021104102706287597, -0.03955965218622043, 0.010857064793971177, -0.009297058334463917, -0.005640062132127508, 0.0039694478221293005, 0.02796824034708683, -0.001985976095353895, -0.017329709491566998, -0.008197106955007326, -0.08183620316365416, -0.019197771401775008, 0.0016884301479982314, -0.05008111896416641, 0.019681973400986506, 0.006076143256550386, -0.02275053290111082, 0.0027100954953887067, 0.031849509678514194, 0.002887404119224633, -0.052186311645979803, -0.023244360234511506, -0.011757893519007485, 0.01732898299015735, 0.003385040197295319, -0.09182391344434923, -0.02436243613263518, 0.029967429016588255, 0.00923900077897494, -0.045320876657164555, -0.0047817807193989885, -0.021657276570819096, 0.009514429318976407, 0.0023374276484348596, 0.023204902534653828, -0.028284964483439104, -0.012840096620875376, -0.005899374120710461, 0.02590878473065988, 0.005588404983150292, -0.09438192334512092, -0.0031772507250027054, -0.0009506974841228263, -0.025050414111275093, 0.02016878611193097, 0.03274715779149865, 0.0013817738574949912, 0.0030581789494061344, -0.004699780383573249, -0.009822332931456082, 0.014647060821463857, 0.0007653962490937062, -0.008736303573573554, -0.02238061705658357, -0.0015466531648240184, -0.11711260413702199, -0.026914815238416642, -0.030559584438581495, -0.009589405002757945, -0.00665832988674439, 0.0040488483296322484], [-0.053454543905756456, 0.03804537387728645, -0.076532916728802, 0.0794365255601835, -0.02199701363593063, -0.012276515609098686, 0.07698739884449898, -0.050685722436898575, 0.004257911005466046, -0.053636964397349295, 0.02418158862193889, 0.045595197145988364, 0.7434896775530696, -0.00708914277017484, 0.0987829966563695, 0.0032904757159203054, 0.004669854774888719, -0.012630399323656534, 0.0012039299544810956, 0.006435251520925041, 0.0014478068789270846, 0.012150568242977628, 0.016778493586444728, 0.004885176352643601, 0.009898732342788782, 0.008184943486673554, -0.002360641179445996, 0.005770741144365875, -0.011561998184895034, -0.0019390571652499631, -0.0031669029667867046, -0.004703752286843557, 0.01052284290554267, -0.0437487394615482, 0.033923535721547174, -0.03506552883245911, 0.08004043775439403, -0.0030435146921087945, -0.0099691556242422, 0.04867461663157936, -0.035223205693955685, -0.011129797498527475, -0.07234620973596687, 0.0197151638996867, 0.05286165100695636, 0.05651601818557524, -0.0015260099460784498, -0.0002731434029046935, -0.029139108214581863, 0.015227290949973698, -0.030760149596111234, -0.038864610559847045, -0.009888323789222645, 0.013531398656590936, -0.06197986126941373, -0.041859770767070904, -0.007424163789219324, -0.07635067042912583, -0.039834762468700276, -0.07766391331342516, 0.0038378199628734603, -0.004748544963852307, 0.029453489789960173, -0.021499653078971892, 0.015352765512130927, -0.004169332594723002, -0.0400553774995103, -0.0006288753873755782, -0.004786317486097252, 0.0022535733074120516, -0.01425734563130218, 0.020284553298659077, 0.009097375625719453, -0.06009627640040884, -0.06490834623377051, -0.010397944280265931, 0.003306068973857595, -0.009963344219656728, -0.0574717862583482, 0.09513659120656894, -0.003107090782083168, -0.02020162005949349, -0.011512736116515269, -0.013607074949888689, -0.0377022397064475, -0.030621810497924788, 0.019455680870157553, -0.002542773473682806, -0.019006457294420773, 0.011008779152606087, 0.018075089778947347, -0.01246174398079035, -0.013734091193357828, -0.042504342401015034, -0.04732077433564172, -0.033048531207401886, -0.030993711274590403, 0.02187820922514575, -0.0028014632085072337, 0.0498606120678493, -0.07216662270655747, 0.024985029026421027, -0.03323669679147074, -0.019484851614413476, 0.07610605789938205, 0.03425645413096325, -0.02962455965228844, 0.06014085622652664, -0.04672546932491318, -0.030597037395815836, -0.03632401912599671, 0.055238479633464836, -0.02537227256973248, 0.0017110363382070693, -0.030204516000213164, 0.012372903133252233, 0.006442786527535158, -0.016683139411964854, -0.04010199939436405, -0.015760270581480534, 0.003549483704928635, 0.005233531394570847], [0.031527046986285355, 0.013501487207360111, 0.026798830242574827, -0.05984363078441297, -0.011727928527914353, -0.005862330486534208, 0.013347281605010326, 0.01344363895510902, 0.0028504018965944617, 0.024296499592796592, -0.004697667307965933, -0.06026045272691596, -0.00708914277017484, 0.10866669482348218, 0.14728885452150514, -0.00048352134836643893, 0.00027668380439206067, 0.005117342014614271, 0.0066419016298914935, 0.0016297870313034721, -0.0008972461681381029, 0.005855514137489698, -0.003237546725675665, -0.0014332098923432476, -0.003337662249264318, -0.0105817990534112, -0.004751741838648197, 0.0033235474044593038, 0.0038344893634833397, -0.0065645299404383664, -0.0029995951469944907, -0.0004412684466657628, -0.002257778305265556, -0.009519866966948247, 0.019375079594433683, 0.0021911132070504763, 0.016017886843086908, -0.028493049100608698, 0.007148630243100004, -0.00314036654258746, -0.016701988290212525, -0.012024409930552229, 0.017755758458250243, -0.027351138207484554, -0.010539763754605502, -0.025079608525287303, 0.008430030886222422, -0.000365118719824874, -0.0202563388060664, -0.022617559836924254, -0.003227395082274185, -0.007491983512349368, -0.005069463936711964, -0.003099706114951138, -0.006139755772480735, 0.015376992679383568, -0.011981097978124872, -0.005148636840259318, -0.03010501643512556, 0.03682983565496996, 0.003740804358583463, 0.007264641304289104, 0.019658053499825037, -0.013273106884994824, 0.015341558221667596, -0.007082752113544956, 0.003913259258672697, -0.054987021358342346, -0.013251979453425995, 0.03631340323805842, -0.011396612520748152, -0.03309562821046302, 0.00771999745778219, -0.04190416954842404, 0.048134679844164134, -0.0064278506954537455, 0.011745200466538779, 0.02281524054555276, -0.008295519691129601, 0.0054674873301598734, -0.003793180157684369, 0.006791548451762235, 0.009464166376814164, -0.003949308167809142, -0.010329373856599823, 0.006121641573985715, -0.016229348507503398, 0.005804707991421469, -0.05996812510259372, 0.018304415065902566, 0.03095966934580654, 0.01788522958711542, 0.019952538154178197, -0.019847339520982138, -0.004086202927401287, -0.004837514685093843, 0.011802201069224501, -0.007278092771345456, 0.007149683110131312, 0.01595630423977905, -0.012755732692000173, -0.037669414256606526, -0.009635633264125662, -0.05098490648205807, 0.015047821024935086, -0.03050302956879462, 0.01791455412094722, -0.024945252873622672, -0.02079259997446705, 0.007117168246027814, 0.002176839424223924, -0.027711342613318937, 0.010087272571821284, 0.0037547293860460047, -0.01676894845357268, -0.0180337981312582, 0.001666465872911298, 0.014498883958943389, -0.022511152234873336, -0.011380151890615522, 0.0055625395533346255, -0.0007383579439377752], [0.061306013998222685, 0.006254709378257218, 0.05969732267003715, -0.08534665106438961, 0.007696700214238119, -0.0236098669278058, 0.023099520042490905, 0.051999109543924726, -0.003384867486643469, 0.0009599265520814556, -0.007075890511459076, -0.09296145670299057, 0.0987829966563695, 0.14728885452150514, 0.26326386919834066, -0.004996149726524564, 5.9632026174586445e-05, 0.0028782444688481954, 0.00949819887963498, 0.0017369878615747965, -0.0005095792923501133, 0.01099886020711949, -0.00465705604794245, -0.0006332817531024129, -0.009314114155027477, -0.011584485470078723, -0.00605596018876921, 0.0012402472024680843, 0.003023914824968478, -0.010203418259403135, -0.0014948399684132686, -0.0036165219458902977, 0.007518322580386833, -0.006386545607083094, 0.029447742994064628, -0.016010540047647643, 0.009746746493264492, -0.04053222168708669, 0.015063366434693323, 0.00366287469358794, -0.03630558678722953, -0.017968376384759586, 0.0356048855249475, 0.027268206397642613, -0.06530402180537968, -0.026663499550522416, 0.012345026994288051, -0.0157137621522634, -0.03676746088706661, -0.055186602004566904, -0.02752298950951057, -0.0223273981734118, -0.023849917795499418, 0.001240439043690592, -0.017214726703180323, 0.005008107730104252, -0.025550821090940447, 0.015864449909081743, 0.00016917150227657764, 0.014518484898816204, 0.007639451951172935, 0.014293355771757419, 0.03037324117939127, -0.016057758847283405, 0.051989065766453256, -0.0012528956180373457, -0.010214073633312058, -0.04968314585468621, -0.01210015382851862, 0.049007102436791836, -0.01289422807625103, -0.05507343299461012, 0.04492742419030982, -0.0010836562618933465, 0.03962724014933928, -0.025438076461659728, 0.02570327183077454, 0.023302921648467104, -0.03349865536238419, 0.0032451360278899057, -0.010449162568739097, 0.014345304937951319, 0.019469493043924375, -0.00391542607358743, -0.03665955354310822, 0.003825516278788158, -0.026819724578451862, 0.03143153895864445, -0.0