{"inv_metric": [[0.46876581893744734, -0.28423341026922994, 0.08376556389666134, 0.1909791525983519, -0.024446045045877655, -0.010534297686761005, 0.01768667873122068, 0.00811259423793398, -0.016430616940260028, -0.046924160669239066, -0.05144625988890684, -0.03549477067762892, -0.07738044880821267, 0.015166700690605288, 0.023557221051453185, -0.004085167991819488, 0.004308157279751612, 0.007685209118454997, 0.018804650131882976, 0.0016790325270884666, -0.0060451714018154796, -0.01078110298717867, 0.003296526880735494, 0.003572719609579876, 0.0051253773833185535, 0.006607677192461526, 0.009183119587497674, 0.0067091768975930405, -0.006383969472208192, 0.020721601134961336, -0.07795088575312871, -0.09158468018356491, 0.07477531102537535, 0.039705464483370534, 0.041908083454468774, -0.03648653028019933, -0.019958985385118314, 0.008590446425657768, -0.015624187505608188, -0.032370858310486424, -0.024922905215144626, -0.012041449240392521, -0.0015478714650353027, -0.02946692170382271, -0.030571426335587754, -0.10434087868737506, -0.05614899559567292, -0.015516417513976963, 0.03691071134701267, 0.008297175131402145, 0.023889169979456084, 0.03415436685079837, 0.041637182757438926, -0.018258281287364363, 0.02556477379405545, -0.02212247603861375, -0.02125513563601555, -0.041694430697027454, -0.033152879871825754, 0.025754157197629395, -0.06466920135791912, -0.03762941518478048, 0.009908980871583017, 0.062046473689324526, 0.032343906408644624, 0.02753388209660301, 0.00395783517800177, 0.03714047559761064, -0.0034459278152936357, 0.06824249236617362, 0.00034554836578209287, -0.03509691059500035, 0.01575398263940402, -0.005184631251652467, 0.024920314653735304, -0.10020112230930768, -0.0534804564220483, 0.04142049830100847, 0.030273223697123985, 0.02403970925750822, 0.00408256425423381, -0.036769574727132895, 0.03619400589752316, 0.00012837184515223588, 0.027920024283106623, 0.0004635163638753449, -0.008885608562989249, 0.041587542485061905, -0.029350448285429948, 0.005595784097123394, -0.08509751270287019, -0.1038762955935764, 0.052028986624810154, 0.05500206531810418, 0.012731164737048273, 0.012384954207039525, 0.009719571501607979, 0.036832577810502136, 0.006671511476450939, -0.011828156213833345, -0.028241921184411434, -0.029523839130693886, 0.003792882262714464, -0.01141747635543148, -0.09208819021656652, -0.09875121625298115, -0.07478555193094782, 0.006835228135247966, 0.04988105576496341, -0.02499583094600077, 0.0018369307676776873, -0.08212726573011465, -0.05771560502900444, -0.007976961694989692, 0.0723256253904457, -0.030021702496246538, -0.005755332192513748, 0.039644170218241556, -0.008440103969182086, -0.05773286551593767, 0.002589669579915978, -0.0016437341102033304], [-0.28423341026922994, 0.6111155675177659, -0.06446294875889076, -0.1632538882996065, 0.05336023920732247, 0.023820174874607806, -0.02221566886021215, 0.04265257861144263, 0.019156316584417948, 0.040111873362831216, 0.023752602612863206, 0.026120437808717947, 0.04863963552991059, 0.0009516413678707636, -0.014588454248507446, -0.0024863514590383524, -0.014640736692897916, -0.01563144131541064, -0.010365793392063472, 0.011358704371325013, -0.0029468548559905307, -0.005450677252715484, 0.021775651570871628, -0.010345234477247863, 0.006892495317262974, -0.005669315673981652, -0.006416632120029192, -0.010291825059640559, -0.002314755111070362, -0.007678292832605303, -0.07917171125708025, -0.024430067636085087, -0.009521003936443012, 0.011198361477174873, -0.02489545881128787, 0.00824981777125305, 0.0259069797874982, 0.027792494515554163, 0.012495260841818545, 0.0035106740937831814, 0.025873027870795724, -0.00010077322714045303, -0.029572592740173976, 0.008166379860002178, -0.004670937361180206, -0.0414384611034851, -0.07943783014847121, 0.011125465553068918, 0.008135424011591607, -0.002553263837845593, -0.028118727468152433, -0.004966366632228848, -0.042151334318587676, 0.007701903035971261, -0.02936939301765514, 0.052148116221646, 0.01611177598612095, 0.030670716033510483, -0.012213065435049617, -0.03971758427901283, -0.009693755139532434, -0.03771943971296955, -0.014011418425055273, 0.022715300387096238, -0.031405998404223465, -0.03973794675709586, -0.050616426108345824, -0.01692092216669443, -0.007730058459861227, -0.024173222218260352, -0.014212616080357014, -0.010933916901848226, -0.02545240512754087, -0.01678039876070324, -0.0009617943255393822, -0.018401147322304023, -0.0016520838851711147, -0.01835179179187751, 0.05413554884439222, -0.09060050332846627, 0.0238527058473049, 0.004083514038322293, -0.0008746714315463657, 0.00468201770380917, 0.025479527318540637, 0.021280590654222255, -0.02130217562641681, -0.051068373185059183, 0.05958031611401907, 0.04892497301853471, -0.05155853306012101, -0.005227842392389405, -0.028921942740897696, 0.0020996508633522966, 0.016694207731843394, -0.010823511418126144, 0.0279777082197072, -0.02494874987997272, -0.014370383752338234, -0.08019407127938288, 0.030023474137525607, 0.01665579384689747, 0.019836812945118857, -0.008394510699147132, 0.06778636723651585, -0.032883441147522396, 0.05185764591466438, -0.014940848008394217, 0.023165262185594414, -0.0027740145021141346, -0.023689716231415286, 0.04259699221696336, 0.06138174574361548, 0.009947598076750264, -0.0194581082462793, 0.0034944731015984437, -0.0106235395878486, -0.0771390909068993, 0.01863668905956828, 0.08326211664638776, -0.002457816351843188, -0.004606324079925301], [0.08376556389666134, -0.06446294875889076, 0.2831081508881654, 0.0022007390918281633, -0.04108608819353606, -0.04865834970468927, 0.015587461121790672, 0.010854705422141094, -0.006657651074059249, -0.1137372427954617, -0.0010527976590410813, -0.034605377577488695, -0.01584377482080209, 0.020253678407054953, 0.028450977742821563, -0.005412165231046975, -0.005668535894471835, 0.005255930254715653, -0.004233411298254719, -0.002097286355443934, -0.0005769375017824479, -0.00336387083706734, -0.0075202734190281855, 0.006080794140672642, -0.001634699769802725, 0.0031749352648070208, -0.0012199949042937138, 0.007757876907537014, 0.011794601000685696, 0.017339213504451063, 0.011931547402440467, 0.019020496470633984, -0.08912420853762036, 0.047088932015638664, 0.04408181602810275, 0.003212566741672359, 0.025693205877814936, -0.006439050744296738, -0.005687182876855506, 0.022736473490777367, -0.0077923547173077735, 0.013995472627981042, 0.027121058261787068, -0.035056294883415565, -0.050861256465377515, 0.019812296529621486, 0.024394197703915287, -0.05578042084850677, 0.051940014165791686, -0.03832551770227685, 0.0039045049097764595, 0.03119222386311046, -0.029919777732443545, -0.004293816595505455, 0.012475132633430008, 0.013710508884212505, -0.006672887324645845, -0.02705638334544377, 0.01590725395214361, 0.028194606033514577, 0.02837323945086505, -0.022401866341622573, -0.040583889069222494, 0.030751721970756037, 0.014338422723948212, 0.007534010351265899, 0.020433486145695606, -0.04427558505843332, -0.012882912960474772, 0.01651079975739605, 0.037527674259520985, 0.0010320563906133903, 0.017536254150676205, 0.008431866182250966, 0.06265876209891501, 0.00876729114441121, 0.020318985976253458, -0.02939464540203305, 0.013421951269494909, -0.025534790136245114, 0.013591021454290114, 0.003010727993027096, -0.03454943827116288, -0.006235678994953241, -0.030716076519676536, 0.0040502910917080085, -0.014571088364032295, 0.012297734182015404, -0.013221761548586878, 0.024837648346430586, 0.07367187043425068, 0.009429318187127451, -0.07933247094536013, 0.08372146257247866, -0.007616078810080525, 0.019957055108381815, 0.007011737205204626, -0.007968672052804339, -0.023959126179778037, -0.010959537646319066, -0.0012314455908077446, -0.01468964121438291, -0.0021014888234333925, -0.00954642800157697, 0.009412738969771016, 0.019786005977137637, 0.017801547744148497, -0.0764961586227092, 0.07068260260018222, 0.007657906676170431, -0.015516035749132226, -0.0768086387830363, 0.027246956623602544, -0.011512861133982134, -0.008050116876556804, -0.01429409060191503, 0.009948419198373809, 0.0161164601592205, -0.004627602439958453, -0.00828122798193712, -0.0009941909523279418, -0.0034210736857708188], [0.1909791525983519, -0.1632538882996065, 0.0022007390918281633, 0.32274182935636947, -0.0007521127868599271, 0.02406444353416001, -0.04368158222700431, 0.029425197070301678, -0.011596779012052815, -0.018219878759243722, -0.029389472970732324, 0.040783945768680316, -0.029166883349175395, -0.05217184861397549, -0.08475552056273755, 0.0075162234700038785, -0.003924711403243583, 0.011931405996849437, 0.008347593224652963, -0.012482052501346283, -0.013793023871433613, -0.005139370275428141, -0.002937918834176654, 0.004429507770399054, -0.002810614682834653, 0.005067004058945057, 0.004471608043329763, 0.003951027071183173, -0.003274235902985772, -0.00337923040532737, 0.03449523026586766, -0.013457783464807327, 0.06884391729329312, -0.0576337443198077, -0.010733116218371674, 0.008276281956957279, -0.014042448379752536, 0.009481260451396158, -0.009554491248332837, -0.004643376120059945, 0.02120375006447152, -0.009069740168961511, 0.007396446919407605, -0.005715498393636107, 0.008049858237271449, 0.0422017305954143, -0.0030543156768934963, 0.050732222398995386, -0.04101421113741912, 0.012494654505727969, -0.01153605813832739, 0.01865290851505094, 0.05252519671330342, -0.00027077432089828813, 0.04131492487227649, -0.03499577584123229, -0.021863701451671283, -0.02725193741991777, -0.02444615082424603, -0.0358409986504601, 0.058299279081923665, 0.007092667930361709, 0.016498111499829597, -0.0330506239709077, 0.016871466902677996, 0.020761604640935037, -0.029277569294477612, -0.03834946600138029, 0.0031918614095010193, 0.01856343854541927, -0.002227529315608225, -0.017209092105906928, 0.0670054209334644, 0.011618721588282544, 0.03669518330847023, 0.03936206683307263, -0.010050445775346865, 0.05483617148337067, -0.041735363073382124, 0.01468305115566149, -0.011043816694674476, 0.012722072495876282, -0.0058597764231943334, 0.009669926646783305, 0.00478859199765833, -0.001090239841398729, -0.013212678414284243, 0.005136455125007078, 0.021620564288966155, 0.012639290001015806, 0.02127665648025994, -0.007347500830252191, 0.04563807858441382, -0.04395723742597821, -0.007532439753630293, 0.011278165291727472, 0.010632910987881133, 0.05466937497287822, -0.0010163545026721677, 0.03865058353290253, -0.00437668673802717, -0.011711067807854041, -0.011150319952154675, -0.004325267884417394, -0.04742143840923502, -0.012266075598425092, 0.0690645122721825, 0.036260666065231706, -0.08382303374511783, 0.024238298203057958, 0.015653475258832206, -0.01950600180007323, -0.06313049357514744, 0.008975326573112362, 0.05068470220126421, -0.0032510829699854147, -0.023396284648358776, 0.06497440806084392, -0.014540591191805261, -0.009076809306263605, 0.0010843698588356187, 0.001078565181956243], [-0.024446045045877655, 0.05336023920732247, -0.04108608819353606, -0.0007521127868599271, 0.9925788359597203, 0.002815597343412377, -0.04394532702058371, 0.04808075101407457, -0.003472187168065205, 0.028708585564255953, 0.006513355339518777, 0.006461236118130583, -0.0707613246585648, -0.022598209080702654, -0.03247218947812535, 0.005578172950772518, -0.01906610505938327, -0.019661888282241857, -0.00519204209825579, 0.0047538855243657975, -0.008317791773906631, -0.012545403622980074, 0.013137694913556954, 0.0038727065655680434, -0.0007836911681591161, 0.004238046157674707, 0.009613783705418351, 0.012837479440174134, -0.002715083665492333, -0.013266260776075837, -0.007520898842802257, -0.039424666170770735, 0.0027832440440310954, -0.012328164669235366, 0.007753653658395968, 0.04056933400614121, -0.11845355201722597, -0.012640525769999479, -0.007705302933074572, -0.02504353912480002, 0.04100164804889895, -0.00301592135779513, -0.08440447268978393, 0.03835786995855469, -0.025155934633681775, -0.08279119962926969, -0.0104712930670396, 0.04032291447276283, -0.02382186611693361, -0.007851393402053132, -0.054616830457761355, 0.0006356836225512698, -0.0030750607604008574, 0.004649794850488065, 0.0458144680456838, -0.047206757782494356, 0.015163179746788658, 0.1245634822104444, 0.04665891189367381, 0.010355485537866426, -0.023865842339008913, 0.03368490962185902, 0.060552040991895414, -0.08061948206518853, 0.03359887697946793, 0.004587154981419871, -0.056513307436083245, -0.030123259404949962, 0.007525162568100459, -0.13001249381262842, 0.0063110097901553355, -0.03735074051618196, 0.0018612043271499855, 0.04846139748509119, 0.08684729602843683, -0.06517260168586086, 0.012431962233078126, 0.07953794720500068, -0.003859157600707694, 0.04915561781511294, -0.03474822503687473, -0.0004262323340173301, 0.1042860363715075, 0.039214202639367854, -0.006727806206859847, -0.010259031694321545, 0.053897585240944096, -0.04735289614027657, 0.04000177643635871, -0.06681113757529693, -0.03702679169388505, -0.04177860445637952, 0.007096922511273602, -0.05298456377544358, -0.10359559282165141, 0.016525971424163365, 0.03810225666602701, -0.0554903884449094, -0.009881735469675745, 0.011681392768654417, 0.04293219918778647, 0.03948210175030799, -0.027868594233437117, 0.03979106786956815, -0.01664916178841522, -0.03608352669377628, 0.0069410867948392725, 0.06352337123402806, 0.02806425400123323, 0.01972593421750036, -0.05501953151007788, -0.012167815631172045, 0.03704522521506199, 0.012251128991729084, 0.08076662791040992, -0.033865871220347864, -0.01478696032918456, 0.08795261121010028, 0.034793970495627505, 0.03376709567662441, 0.0007056003296047907, -0.006915488942094997], [-0.010534297686761005, 0.023820174874607806, -0.04865834970468927, 0.02406444353416001, 0.002815597343412377, 0.43947222709350403, -0.006633238907945179, 0.024483746562548703, 0.0053828567127221175, -0.15777229348111146, 0.07760035443621346, 0.009495105176666054, -0.02159961698432466, 0.008177554024505667, 0.005982526672430182, -0.004033278511473912, 0.005482034313065304, 0.013211966240734242, -0.0071062075517244255, 0.007458822333158637, 0.02055435479649893, 0.0011132443079475086, 0.009178566185877058, 0.008020821989974435, 0.009059591002165183, 0.016993242554214853, 0.011078555106464128, -0.0033852232894340645, -0.0011983652242081955, 0.0037183197709706388, 0.02395000490773744, -0.024728272517708975, 0.052784565030498325, -0.004717790308043952, -0.03988390395412767, 0.002824189782025462, 0.02830270777903617, -0.004719907858914716, -0.022289342089291158, -0.030860769863721653, 0.029080360747922727, 0.0012118797037512618, -0.028667309931375815, -0.0011322584648547974, -0.047556145984476016, -0.0019743728844799045, -0.05184504048865133, 0.02776547377661971, -0.029270649893068927, 0.00574485412042853, 0.043127861802241194, 0.031772119222682416, -0.010954922692537587, -0.008063295205880776, -0.0726172046533645, 0.031225516651591696, 0.005280530866153813, 0.024009077499007086, -0.0009821341227691618, -0.022318381773951526, 0.018201294997725905, 0.0010919958762641488, 0.006542158561447933, 0.01583580624034, 0.010795431236376468, -0.006356729650178086, -0.05645196811735645, 0.0017633158781493533, -0.0040724638247543075, 0.031946214646749134, 0.006890936919148593, -0.010168893122161076, 0.03308557369516286, -0.011009626228204927, -0.006352312138538906, 0.04407434718303715, 0.010842553049764087, -0.037137809839304925, -0.0045901320374204715, 0.032579460170766024, 0.0012947385722199068, -0.06259555251941602, -0.052853477017264415, -0.016652460020217457, -0.07197839374415388, 0.01595424488886612, -0.0240435782404979, 0.012967205591091732, 0.004286629333375478, 0.04780709681981271, -0.042110661541652036, -0.037333943886381976, 0.024458247379180238, -0.015669324209947825, 0.04907772853836048, -0.0031505920467015842, 0.009602737647746351, 0.030673251355769073, -0.028214870432099866, 0.06994277051626832, 0.006578197568327049, 0.001876541901590107, 0.01801630808862287, -0.028075627370735618, -0.07988840853682198, -0.027510783298309867, -0.0015242560677648555, 0.03375441821097906, -0.02826303268088674, 0.024625498344848843, -0.04269587714134239, -0.007848035363700536, 0.008710717020174112, -0.006180372217991999, 0.00927224928776677, 0.01727383248762443, 0.005727289346349549, -0.0008133203167270812, 0.023421617918582414, 0.028731159387716573, -0.001861041235821528, -0.0006294310872679325], [0.01768667873122068, -0.02221566886021215, 0.015587461121790672, -0.04368158222700431, -0.04394532702058371, -0.006633238907945179, 0.9559040168662142, -0.055669180101538464, 0.00871364823663577, 0.018886405742942883, 0.007287747688114618, 0.014379446617920096, -0.059223630640833316, 0.023168565885456766, 0.022950907368078362, 0.007858958097748904, 0.011775965785471082, -0.015640356788756297, -0.0049370340620553095, -0.00685525112566553, 0.0033063359583077358, 0.005325733794305837, 0.0017090444559128611, 0.0048928881066887895, -0.022875494088567337, -0.013242561856141791, -0.01108544058990755, 0.0006988951245822961, 0.005784288652803648, -0.003944766786075876, 0.07971788333151168, -0.08917129892025755, 0.029232314986400405, 0.06615363836296595, 0.04006728912926746, 0.06605066952103872, -0.017634468142665245, -0.06951300203776384, -0.023650308860478496, -0.005254862135192167, -0.0003251957560467663, -0.025294650677915694, 0.06654932671580696, -0.01849306853162696, -0.016735986610604305, -0.09811743901335801, 0.03664231265063364, -0.003776789698840282, -0.04160644134212126, 0.056861527567975204, -0.018217670370293586, -0.02592537418383242, -0.08037861463761066, -0.05480387902323787, 0.018681884353752627, -0.015053051032631706, -0.03613299487921708, 0.06782506391966531, -0.00842951317770294, 0.09398951499456928, -0.035335540708520755, 0.004967288108659688, 0.030251556463619572, 0.0256112901807416, 0.02303493283854582, -0.007960835977965224, 0.04832282671252484, 0.0008791951209469403, -0.016585000583371114, 0.06954179331136642, 0.005766954602806279, -0.02874450314007107, -0.06326045946359068, 0.024301983228482305, 0.018519081028917105, -0.05551629227592591, 0.029802361283990147, -0.05577234515171783, -0.04421071655470332, 0.07961999956088846, 0.01924421141030707, 0.10134460888430222, 0.09296799015080075, -0.013563359249168317, 0.04712503292746426, 0.004898173877676501, -0.03968798134991338, 0.04877505691596344, -0.012992485628500168, -0.005347236958127614, 0.00785383740231139, -0.008411669961881252, -0.04084248569332526, 0.024925614706179253, 0.14688369311340446, -0.0015121356152361153, -0.09577791539598954, -0.07370955450956058, -0.06419182803036198, 0.03086505333491864, -0.06325399060207594, -0.026470664188430672, 0.0009345200212853987, 0.0007670433707028083, 0.059497226985061435, -0.04953693357851088, 0.030052161416739002, -0.030619736747633713, 0.018327949013405686, 0.012758047550385038, 0.012025982105458107, 0.03724759641684129, 0.025142094007657177, -0.003181870043882103, 0.06678223747542332, -0.035866838226425335, -0.039519691912598416, -0.014179087689576401, 0.07619903600551695, 0.0954933282296621, 0.0036095309534978203, -0.007309739303444812], [0.00811259423793398, 0.04265257861144263, 0.010854705422141094, 0.029425197070301678, 0.04808075101407457, 0.024483746562548703, -0.055669180101538464, 0.9550770813901787, 0.00019755593188567477, -0.09486976098661483, 0.006688496015008416, 0.003486895609269313, -0.0601204390738722, 0.006409701364690624, 0.03866714282510409, -0.009219356700308882, 0.009472520821982243, 0.00833029913818447, -0.0025360828522635525, -0.010676027618531873, 0.004032937773049289, -0.024519877205076236, 0.00931979995909674, -0.0006550020325942307, -0.04365989185254234, 0.002866208717249006, -0.0004811398723317868, 0.004875385578648786, 0.0010900729981986323, 0.013456736061364102, -0.04996329361742297, -0.03221589897142221, -0.047865371422421775, -0.07355589251414112, -0.055252639696858966, 0.013374944384064027, -0.006612280500167158, -0.050351197476355004, -0.00591742839922835, 0.04130264280349222, -0.029450584906196238, -0.00013790296988026223, -0.04515297254013978, -0.005362057741763968, -0.024011426061355184, -0.07588946573469021, 0.08362815722308975, 0.02180472627929473, -0.015758037144300865, 0.09509551850981059, 0.015577805899163058, -0.007229520414096896, 0.02959836815992129, 0.016367089583254387, 0.05035995603610863, 0.018593400715642076, 0.014904112132196518, 0.00446048175903696, -0.021786526384993267, -0.11540252490347465, 0.013482736451804391, 0.01347709973040311, 0.028669750929943186, -0.04510090045212426, 0.07746689671723374, -0.019636461760609538, -0.00621416483556836, 0.013720894340809633, -0.03727886019209208, 0.01586159515038658, -0.01771363748696664, -0.027624360565977987, 0.013277280971891734, -0.034044715460882176, 0.03306163595353689, -0.03069306289468594, -0.0015812328256522609, 0.05306271762281982, -0.00022263662892965837, 0.01695497320522201, 0.0019572522045231315, -0.02402330084816629, -0.06608989606313104, 0.008970547315516634, 0.0301389244227362, 0.02683515459386987, 0.017894192925768593, 0.06572661634903391, 0.0034619205207359763, -0.06729388970489444, 0.09251132980546033, -0.03294897744786895, 0.047597903977663114, 0.036310119658478524, -0.07727485243672527, 0.02068591833103759, 0.05426904445740131, -0.07077397573955146, 0.010726127250436706, 0.011787985368752913, -0.021523003115242575, -0.012521838750180966, 0.07110429098402238, 0.013278791564431468, 0.019768373400340867, -0.00878644269087647, 0.002756350182914821, 0.038426825982306546, -0.02532603264921657, -0.028394256756596833, -0.021506051873305527, -0.04326882410340269, -0.1298233595959428, 0.03863734158870171, 0.0672052730946886, -0.040007961514422055, -0.013895270079414528, 0.02013827998844774, 0.03989132496226886, -0.007131168346301069, 7.033995103759246e-05, 0.006378256239752754], [-0.016430616940260028, 0.019156316584417948, -0.006657651074059249, -0.011596779012052815, -0.003472187168065205, 0.0053828567127221175, 0.00871364823663577, 0.00019755593188567477, 0.06296025008841306, -0.0029674990727871346, 0.008252802279660673, 0.005491298867356303, 0.019002080647450775, -0.004474900929108379, -0.0054730468052494674, -0.00037961928720140284, -0.0038470900485120347, -0.0041428053432979815, -0.0017799520270165984, 0.0011248075321378275, -0.0059879768915017725, -0.00032928052958312604, -0.005094018411405544, -0.009116735342817128, 0.002202083590740733, 0.004026748286896908, -0.0013949871057908133, -0.0012292685167852244, 0.000562857681139261, 0.0009408648561380713, -0.018324987417873632, 0.005830346621712705, 0.0017131514542184077, -0.0033417962280080466, 0.004393430499492837, -0.005260571564252919, 0.01644703020060364, -0.007400256043947658, -0.10360801671484655, -0.0025281690173645376, 0.002613515975104321, 0.00018219028869433609, -0.004359226777117464, -0.004725694123847426, 0.0013103498657216538, 0.00224770391914128, -0.006808810765960303, -0.0014813363126584805, -0.0015652349938418757, 0.014838758733227965, 0.0009443976682675485, -0.01005049668929073, 0.0016638324662243723, -0.09829898047934016, 0.018010778876019595, -0.016501017038204533, -0.0012872139200265247, -0.016270159682865614, 0.0024050440267298903, -0.018344976029105647, -0.016326515422833362, 0.011563027691823744, 0.0085879587685076, 0.008731061671789572, -0.003529725280558544, -0.009030879113404406, 0.0064253213373577315, 0.014093021580557035, -0.09246166081636595, 0.012608119652321016, -0.0047540808047593095, 0.010579158930476793, -0.0014834682183396163, 0.00772851449128499, -0.006441900857750566, -0.017151164339863665, -0.0012403466392352028, -0.004963065958691473, -0.016442831858248408, 0.0038413179915626223, 0.002076148010479014, -0.011862014674275743, -0.028801466723866888, -0.09960062814616986, -0.013980292344917697, -0.0030424110462937614, 0.001783275387560745, -0.0086844393564133, 0.012532449968318567, 0.009241736855118482, 0.004484819963554789, -7.884756924728904e-05, 0.004640778086093326, -0.0028418531678891267, -0.0005567562476313521, -0.009814807303168893, 0.0001858682909426417, 0.016281038070046928, -0.08989948204886841, -0.009065479813784853, -0.016572911651707167, -0.007096504505702674, -0.013315900620442925, -0.0017724349007927575, 0.0016366153678088636, -0.0015849343188035164, 0.011525732036456612, -0.0009325752725883151, 0.0014051632523062385, -0.006051156393477499, 0.013090332549753106, 0.002322515944264704, -0.0011298948198206677, -0.09304685904881758, -0.01282660455730573, -0.00870309643467954, 0.0019213120087797242, -0.0071004594245578645, 0.002500371377750297, 0.009406253542657533, -0.0008383387668655108, 0.00021599758185738435], [-0.046924160669239066, 0.040111873362831216, -0.1137372427954617, -0.018219878759243722, 0.028708585564255953, -0.15777229348111146, 0.018886405742942883, -0.09486976098661483, -0.0029674990727871346, 0.5464209135652176, -0.032934559991054296, 0.011881089615163844, -0.07653637871555172, 0.010963956975634995, -0.006921012545299421, 0.005424385441892391, 0.001782777636236488, -0.0003165269156282844, -0.0001654590672524235, -0.005586974307279165, 0.0035315847756576505, 0.03455216235019981, -0.01002429217736725, 0.007492152068053108, 0.04358133762799635, -0.021876605704017782, -0.0033635533855241122, -0.02323831896280218, -0.018365025220047015, -0.018101322621100452, -0.006207296648591626, 0.020323762487052716, -0.013326597818356687, 0.041401509696380116, -0.05237895155027519, -0.05660946262295439, -0.05704764593596217, -0.005349211599024365, 0.03481034311924634, -0.08453631254838324, 0.008986866966472908, 0.01010082099354186, 0.016608205502590775, 0.028360322168252006, 0.022586238787889748, 0.004684410365954033, 0.0359109456460456, -0.0023346292616126603, 0.007633051671402412, -0.016535362329358552, -0.03802909921149344, 0.0023274438332687203, -0.006370140005151267, 0.03147519461152006, -0.08902881716744067, -0.04869282666101375, -0.010957015858957413, -0.014488277077038808, 0.004342717829757913, -0.012361607418328027, -0.008842735595238129, 0.035125183796587, -0.045177743105030706, 0.017013726539144663, 0.025973785984456682, -0.05112586798585539, 0.008330598406779223, 0.04921112981563653, 0.042236243977061265, -0.09669665201803268, -0.05503257565925339, -0.0007633613758721349, 0.03378183567656194, -0.0037260430792348843, -0.008991234879916451, -0.04527489800312543, 0.0012114503400986467, -0.054258354684262225, -0.00594055310606886, -0.003863071840871508, -0.055933985671534785, 0.0342179339775931, 0.06621485539875727, 0.03660328931575294, 0.004417312389607915, -0.010310133575160632, 0.02796923888962193, -0.03734665428830913, 0.011337878435196827, -0.05126379552143796, -0.023498092826468978, 0.01783089366264265, -0.013556015583144867, -0.010666958385270814, -0.09271922576980705, -0.024270544413528435, 0.02458383421934421, -0.010718491196551922, 0.05639603589206184, -0.0163028247376223, -0.028504430055922323, 0.009933370582610597, -0.016234170089950758, 0.04171265614332618, 0.049987540345234574, -0.02271270206182416, -0.023070835038571682, 0.015849162564206175, -0.04852464424098034, -0.0431958276008998, -0.026629440622362964, 0.018841980436239032, -0.06086729857901348, 0.024652905144701188, -0.13314845489348848, 0.042678077180602354, -0.0010708619470019027, 0.014322227591494065, -0.028637877857129974, -0.026869953951800564, -0.000473607571916503, 0.012200115484767935], [-0.05144625988890684, 0.023752602612863206, -0.0010527976590410813, -0.029389472970732324, 0.006513355339518777, 0.07760035443621346, 0.007287747688114618, 0.006688496015008416, 0.008252802279660673, -0.032934559991054296, 0.09925314296498758, 0.0054111380449082406, 0.001277936683408206, -0.009533265852255226, -0.01087828986536826, -0.006402473430225016, -0.0010602550654800601, -0.007179503630477762, -0.00439836633967976, -0.0015782745463503597, -0.0018165972608238962, -0.0025776858044412386, 0.0024519488208584544, -0.0024281714014353093, 0.003361090919064725, -0.003069279854634705, 0.00043017312297854017, 0.000984494383781488, -0.00021624178320447512, -0.00974461754207411, -0.0035352309825023407, -0.008214314706855312, -0.005217633725317076, 0.0012367164119001595, -0.004293600740074351, 0.02241484742638952, 0.015050461860062765, 0.009232189912134309, -0.006890915327466784, 0.000578148797211817, -0.08077075458656072, 0.01840501694869054, -0.00667775794936882, 0.014342645004048226, -0.005671229579775988, -0.008527706180747609, 0.026760730105275427, 0.02977004158017535, -0.025903239317501846, -0.005765915046904399, 0.01952307489680126, 0.026707705486514025, -0.009008492022944509, -0.01479455020181569, -0.02829572614468978, -0.06300719549956045, 0.00873915918370612, 0.007731192656810277, 0.01390483496201998, 0.0017596565135371343, -0.006043004918764286, 0.007054271737968546, -0.003698134117448567, 0.0014184763026545324, -0.011165991929049962, 0.02518824962726764, 0.024629340301988097, 0.019009800820898926, -0.0037775618478025795, -0.008343716787205196, -0.09446686742277931, 0.009119421491907947, 0.00900309799904366, 0.012017694761671114, -0.02013152859976519, -0.012579241765163604, 0.011919018039488603, -0.005415117520124338, -0.017602311271584556, 0.010841494610791553, 0.011505693002102845, -0.007229322096110363, -0.037626463771256335, -0.01904236750132337, -0.008125352980035926, -0.08606888753897546, 0.013204339286040742, -0.008477871991847874, 0.016722393518562466, -0.010580863609550148, -0.018211841217651428, 0.022836072177818016, 0.0014200885851951292, -0.006357465299800584, 0.0263451392802883, 0.012090612492642696, -0.0006586161203395091, 0.003708562812743597, -0.01404832033527883, 0.04720133846233097, -0.06779093292809439, 0.008583838875764492, 0.007970334698964552, 0.018375290147168873, 0.013049317643164113, 0.007332507086668043, -0.0017510092196092316, 0.005247633262534828, -0.012466791346804075, 0.004538010009931422, -0.000275299123595515, -0.011243437846718194, 0.014751578443223223, -0.007806542696153278, -0.02683309946600944, -0.07556639180908933, -0.0004950852034225622, -0.004933209811573637, 0.024212479768846842, 0.029662888046287583, -0.0007525755250155417, -0.0004695909114346], [-0.03549477067762892, 0.026120437808717947, -0.034605377577488695, 0.040783945768680316, 0.006461236118130583, 0.009495105176666054, 0.014379446617920096, 0.003486895609269313, 0.005491298867356303, 0.011881089615163844, 0.0054111380449082406, 0.1538059170875628, -0.0015606052018854184, -0.0556384982083168, -0.09162396401132164, 0.0028489362502081813, -0.002774238715164488, 0.0068006016233335305, -0.015366530225667807, -0.007692906292813064, -0.003970554687459822, 0.004050010364963103, 0.0031451876984672266, -0.004391238856042033, 0.00462530421111522, -0.003150074248167037, 0.006462721418251933, -0.00016847029154981025, -0.0019342792992958567, -0.0029086235231150946, -0.01735546503081323, 0.003379215859034021, -0.00960921479174133, -0.016805996355941967, -0.00573059332820239, 0.013165079894610073, -0.0027389623539259404, -0.05105163602923539, -0.004176268015101066, -0.0018456493112597226, 0.00892373213802748, -0.11226023826649362, -0.027997805086976156, -0.003618359607669688, -0.009221074276991845, 0.004017310345064589, -0.005262183419040515, 0.019003143749111044, 0.001114686419390573, 0.025991141994429187, -0.010427748105461267, -0.00862190050967742, 0.012925318655179647, -0.0051330912586659075, 0.009628617220252027, -0.0007705484309240112, -0.10582740159918945, -0.0012226419035526333, 0.007604014044160644, -0.013518641305507834, 0.00500413023706263, -0.005872254268294219, 0.010634893422334512, 0.01412508987870036, -0.032130364616587685, 0.013450153289480083, -0.0187424610648223, -0.00030426502398637074, -0.011508174962876917, -0.044109294475637814, 0.0035689202771519144, -0.10584810816940132, 0.04217318560640519, -0.003066465993529131, 0.004627851060864052, 0.026182279079385282, -0.018616712374659578, -0.010372385703769622, 0.03055410772722846, 0.04632303083771998, 0.0005982452624544948, -0.007292968880348222, -0.01848286598287428, -0.006455975412664732, -0.021214210565088532, -0.0030740406809747853, -0.0990539721042946, -0.017419522672294206, 0.01968491923518171, -0.010795623393213992, -0.0140784871746019, 0.00026036150227634624, 0.00027967030309673167, 0.0027718155268023708, -0.002669336127159895, 0.013060549873933082, 0.0057289281698092755, -0.019935846935151415, -0.004138612625378238, -0.005823486261300615, 0.021763890186090328, -0.10827470599216206, -0.0007308884708652924, -0.0008845191446864762, -0.0032400111185671445, -0.022019467403932035, 0.03703637177006627, -0.018658353892905585, -0.006385413331635458, -0.004564676553304972, 0.02209317358774735, 0.013471546794687438, 0.0001483413384439501, -0.010778249357545379, -0.0043252569655823385, 0.012344820087860666, -0.13183761715082645, -0.0146452787523146, -0.004105352472554799, 0.04586513959280338, -0.0014953597047966446, -0.0013631307987821092], [-0.07738044880821267, 0.04863963552991059, -0.01584377482080209, -0.029166883349175395, -0.0707613246585648, -0.02159961698432466, -0.059223630640833316, -0.0601204390738722, 0.019002080647450775, -0.07653637871555172, 0.001277936683408206, -0.0015606052018854184, 0.6780971781461921, 0.02510229039906253, 0.12797953975039414, -0.01639086047664526, -0.0003168605436427259, 0.012204486596360094, -0.008836147198278852, -0.0011835844632890175, 0.004589848078221578, 0.0006208300979181099, 0.020926031937051243, -0.012510072249746373, -0.006557445598533275, 0.008133769270405879, -0.0070813590246866205, 0.009132812355095884, -0.003188159890042203, 0.007598311369871528, -0.02269516390787034, 0.011875907153366302, -0.05516489253795603, -0.01743026946677571, 0.025429967518489523, -0.025730662938551124, 0.016011237894315074, 0.0038645267977800175, -0.019085801607046055, -0.038668092569639836, 0.03288527377536214, 0.010907252215185083, -0.017410223660844184, -0.037312922406107264, -0.03455991100640947, 0.0029320997385000394, 0.07617905451907331, -0.0564502510559722, -0.009656231550723387, 0.049212778792273225, 0.00848903885255984, -0.001928206472905401, -0.05853480116875663, -0.05548433862037838, -0.0024911308580225387, 0.03495933561818181, 0.015116926677492587, -0.06367774897216345, -0.014878194997892702, -0.017253452386764918, -0.005102738711727437, 0.039665969001365056, -0.008916236809033307, 0.010807256969339546, -0.02923089313086325, -0.007180731494344472, -0.04067740643039762, 0.024193752037019168, -0.008772306504818809, -0.060280016839221344, 0.004678190896069397, 0.003407506604567491, -0.04607751374042899, -0.018181426271009087, -0.026668838829691517, 0.06842658514151262, -0.04731941174873649, -0.00878651074645503, 0.012190749229790914, -0.09631854818308916, -0.008556362492835506, -0.01279528561075976, -0.04137918401938407, -0.014139333757097049, -0.12399357554789735, -0.039918580188772895, -0.008973034054948991, -0.05496243872188808, -0.0541789580112731, -0.03581267841935416, -0.029246463552745856, 0.052402406364952796, -0.02088646060255522, -0.05159296296775525, -0.08419876126476297, -0.016466960917844043, -0.027933818463525162, -0.07619622350074369, 0.008215664882955012, -0.03518611318608673, 0.02435339494586464, 0.02887649761134433, 0.005644798439305563, -0.08278574788146124, -0.0824847526116549, 0.005019483312130804, 0.04892616791959348, -0.05069855951227287, 0.04410418547240728, 0.04973073946658778, 0.0207210002330338, 0.02468505379949898, 0.041113901589905764, -0.03245996473535387, -0.0030241357446630897, -0.059183959855158286, 0.011483850447519754, -0.09529821992415044, -0.03426435954337221, -0.03043614521785438, -0.006300973667152709, 0.0029785625161566636], [0.015166700690605288, 0.0009516413678707636, 0.020253678407054953, -0.05217184861397549, -0.022598209080702654, 0.008177554024505667, 0.023168565885456766, 0.006409701364690624, -0.004474900929108379, 0.010963956975634995, -0.009533265852255226, -0.0556384982083168, 0.02510229039906253, 0.09826144564851756, 0.1355942022339529, 0.0011094012599915939, 0.0014600753513876177, 0.0013067902972719724, 0.007458768264360725, 0.0008098769675014889, 0.003241290977919382, -0.00016663009388001826, 0.003881063300624425, 0.0053000149646911625, -0.0016842652253098182, 0.0015530957953302162, 0.001571648945533392, -0.0030341991548845353, -0.0018964010792098102, 0.0049316354850201275, -0.0009091368054452337, 0.00286505381729481, 0.010938482082220367, 0.004604864288026928, 0.004300941401361457, -0.018626331447878043, -0.006998309662964635, 0.015469760057017468, 0.014196935163826417, 0.01694891311318503, -0.004400752843111958, -0.0061865792797590104, 0.02075081853983762, -0.01915331550335805, 0.011108966005405044, -0.005770373092732736, 0.01887130701909161, -0.0102707895868483, 0.005400832750118907, -0.04418931686228252, 0.020421741611900083, 0.012056276760571817, -0.011052899570764468, 0.008159097078516924, 0.005869944776988256, 0.026899172699948005, -0.0017833318894998655, -0.025803208344423973, -0.023097360417386043, 0.057720598661868946, 0.00037829573210112995, 0.008429675306314676, 0.00476953133459966, -0.020925887771555192, 0.00285917400881518, -0.004332628732005523, 0.013290461879419497, -0.027187960031493718, 0.010756901414880707, 0.008816880781073044, 0.015704986588699656, -0.0193438065845665, -0.03347024463872535, -0.05434358519895858, -0.007780824209883924, -0.01341265154609043, 0.016130960963010064, -0.004421235606449018, -0.02874933512889338, -0.005052477402281795, -0.011224910462010834, 0.009124881677827937, -0.015255877523526582, 0.0137252192928099, 0.01903116394524347, 0.0015336887007125477, -0.009523440156872214, 0.018889779410725838, -0.0682657011049181, 0.015715637789524894, -0.004539697713421047, 0.023983972311458556, -0.009693195875785217, -0.032798564307407026, 0.00531638927778447, -0.005230130046661989, -0.039436257098401775, -0.010341363373835965, 0.018515304226299267, 0.021530160447794378, -0.0022418970453412647, -0.024175378406941447, 0.0008548291073954464, -0.059014010823351865, -0.022528436600759826, 0.025238623436769757, -0.008206265687897413, 0.004305842536154416, 0.014512057995574968, -0.013293408967926563, -0.018783680978389894, -0.011826493730704643, 0.02549451542702809, 0.006784960417407534, -0.0010458585967400402, -0.010494759627055582, 0.0007212064793081293, 0.006197558700310708, -0.024159558671105145, -0.006401189783399757, 0.0045256107997941036, -0.001156709210615492], [0.023557221051453185, -0.014588454248507446, 0.028450977742821563, -0.08475552056273755, -0.03247218947812535, 0.005982526672430182, 0.022950907368078362, 0.03866714282510409, -0.0054730468052494674, -0.006921012545299421, -0.01087828986536826, -0.09162396401132164, 0.12797953975039414, 0.1355942022339529, 0.2473519125646734, -0.00037210067107730483, 0.005231928030545861, 0.0010603539682568117, 0.009483361469766648, 0.000722523471638849, 0.0004734694855888433, 0.002881239497730688, 0.004980227687253099, 0.004708012710792378, -0.01010977872099184, 0.004997978228711097, -0.00048669644491908725, -0.001043979023459688, -0.006118511793662216, 0.00831953087828585, 0.0026200563262096955, 0.01104109199683586, 0.012942427666661491, 0.0051697880239061, 0.023254595025457177, -0.02965693194500074, -0.026928905583357633, 0.02299850028378614, 0.012471313705209867, 0.012386391984800104, -0.0050825974934734204, -0.0010688103687625336, 0.0515150629945223, 0.032144812852936154, -0.0341473694212324, 2.4355189116034414e-06, 0.02793405521575563, -0.01704404013301534, 0.011187529216796848, -0.04299373165676795, 0.03556252704627918, 0.02757310816799569, -0.017334287738708397, -0.0016510466117531967, 0.002815356870742992, 0.04072608684835689, -0.00011034414845260496, -0.011729215287959834, 0.0146700481642258, 0.016668083501681998, 0.004221438264725324, 0.011059549733672935, 0.020279544517456453, -0.030503718172270836, 0.0017410557383420637, 0.007743921567418909, 0.015451606376413435, -0.010398844972639074, 0.009501858477167375, 0.004433494967762975, 0.02165740577180087, -0.032540826767968455, -0.0605029343559997, 0.00029512426015874927, -0.040646446564308415, -0.024753471133114595, 0.028698614684819546, -0.006330981612416254, -0.050182999143235284, -0.017128002300416962, -0.015739455826777674, 0.015209322745942336, -0.019154349025112854, 0.013411756707321192, 0.0233202295323581