{"inv_metric": [[0.8658338398151586, 0.005343639125193642, -0.028424940437791403, 0.10423893117085642, 0.025597478252950397, -0.03322398367627632, -0.021845985638268756, -0.01529658420684646, -0.057946286483385685, 0.07270823859084088, 0.10819876866912125, 0.01833158307907606, 0.03982959609386541, 0.0018759656827038811, -0.002562604577550763, 0.01133070469639247, 0.02198667494503432, -0.012081148299841485, 0.012327268674107883, 0.0399873919806587, 0.011574755041373643, 0.013460051623229299, -0.003052032497188033, 0.008804082840802549, -0.014332729521996879, 0.025597587631823, 0.028874769859930385, 0.0021482199854793295, 0.030928731720061314, 0.02310306487295891, -0.12071678836291079, 0.038337020322590204, -0.07690792250455125, 0.019859447800324507, 0.0555664635947582, -0.060476111308549296, -0.06629220169378562, -0.05627742362035106, -0.012592372689941473, -0.06739818360988298, 0.004191462127617772, 0.07275837453976691, -0.002752609207888499, -0.03635925048057783, -0.028501543510010354, -0.05879176834247737, -0.014418080987989862, -0.013116725267743361, 0.028317794487551125, -0.02155972394957698, 0.004049184688675694, 0.025571107283242116, 0.03179091571099691, 0.034385119684548604, 0.00810187471453479, -0.10763492305619092, -0.030135124355804836, -0.0045454282567564935, 0.003847097501550915, -0.020818513064939318, -0.06729747725983279, -0.0059091250674447714, -0.024615338394618668, -0.08442411068179148, 0.012311104034440365, 0.025351815242386156, 0.07913157945128922, -0.004541888366902387, -0.03178029349621636, -0.046237512659144865, 0.01983917747513929, -0.08456049068096753, -0.021512857532347763, 0.003875149829584378, 0.059666669865204726, -0.0006142004185739732, -0.016583628006859464, -0.028472666812024868, 0.020893347445864845, 0.07508881671357374, -0.06694390160283444, -0.048127355668443506, -0.031427917869422, 0.03805789592206916, -0.003319057856219182, -0.0025551977313816765, -0.005333550714565352, -0.08925049055070115, -0.04545973684009231, 0.06722165007224873, 0.15504373688815762, 0.023324741088309963, -0.021917295578245212, 0.04441312342721415, 0.03819253127269893, -0.014715449598842294, 0.01729125287556823, -0.10115675472947555, -0.015106241357226114, 0.11734538099640897, -0.05575560400461635, -0.10020932183843198, -0.0943920893980733, 0.06945286175993312, -0.055644547333496885, 0.08979902184749702, 0.039113235099098004, 0.041450256847752984, -0.014042721118503779, -0.036920531064607166, 0.0508018407877475, -0.11344195307650919, -0.12477078133967939, 0.009467877376443775, 0.007156510049076653, 0.06289706895659014, -0.05383274460546622, -0.02435556831895609, -0.014230441949835122, 0.10597390317939853, -0.0035669770387600657, 0.0017964953842210698], [0.005343639125193642, 0.5860140796343377, -0.23726889659384867, -0.14972497553288108, 0.022414143537775294, 0.02507023659489461, -0.023474279935362517, 0.0391496790549679, 0.016521647514626505, 0.02098082617885211, 0.0946046649935266, -0.01237480043874792, 0.0041638893752121075, 0.054303945362684576, -0.08937157762392191, 0.011841774112278861, 0.006440716653055984, 0.0038904418535429574, -0.0013013566261357618, -0.010787974211765475, 0.009421586489770817, 0.011423395813592497, 0.012742299028759103, 0.00035109497766876727, 0.015805215409945155, 0.014326085062733402, -0.015452486882912871, -0.006412800225963176, 0.002389382793916859, -0.013694331968789336, 0.004041982298488561, -0.007026839092589237, -0.061983661062724404, 0.015241971386850689, -0.028593747492232237, 0.015700189287877586, -0.042803817742065854, -0.011306206808711108, 0.00373364382387817, 0.0542357956833622, 0.03501952261320559, -0.04285171074743612, 0.034140925152287595, 0.059826387925998245, -0.0031351770506925047, 0.01501835114840697, 0.001276346211481527, -0.043856267222991734, 0.05970206626945003, -0.03389056745498854, 0.027923304319901428, 0.07737965602633393, -0.033841431978326765, -0.02271284220063004, -0.03091755785325994, 0.025192496799166592, -0.007414525989445926, -0.02128836302743566, -0.0410822422335074, -0.0023424434861469548, -0.05703385724096607, 0.020997222939675188, -0.021516815369239318, 0.017196599738865906, 0.018348602732664726, -0.004740665487776768, 0.019201685110651637, -0.011126570030420106, 0.0025500916121113455, -0.024422215991847546, -0.021455122093530878, -0.043337089643326825, 0.01135148483814936, -0.06435343959963534, -0.03537928680309634, -0.060519820083660074, 0.01181134829317311, -0.03883963159721463, 0.024518806281770177, 0.006040863692944453, 0.02704576955443696, -0.040922564317972046, 0.008159012489934314, -0.04237016710829265, 0.028664925433363346, 0.005795556030445716, -0.04601736277505485, 0.018179836815201317, -0.08176823638255876, 0.007062988850751038, 0.013756963895628348, -0.008092722767736388, -0.00625804613383139, 0.004406201232359691, 0.02188285617903292, -0.04462232347466997, 0.018568601354020737, -0.08111847413280264, 0.024702411099394223, 0.020486069226760346, -0.06868593727998254, 0.03542005263528215, -0.01860408332801446, 0.026591882857252527, -0.056655471708494845, -0.0014054656340140124, -0.04235478459974197, 0.0021306687776093177, 0.027450374320669338, -0.027779677685037623, 0.007975748974503434, -0.001214151038855176, -0.015481961859555613, -0.002410124872321168, 0.0006111420879804679, 0.028267242972864374, 0.0564891243220027, -0.04692507727088666, -0.049900728602506196, 0.03991006415577923, -0.006490469143675252, 0.0031150346175680584], [-0.028424940437791403, -0.23726889659384867, 0.7183463085755789, -0.2259688751746168, -0.07368993227509518, 0.030398124374218842, -0.0078985499633351, -0.052599554022887414, 0.0007441156778085602, 0.10233200367256579, -0.008967681917762094, 0.05439192102160585, 0.034643067559335695, 0.009556950982285402, 0.044017070744305074, -0.03330210733322295, -0.007009039956363939, -0.009171025677158136, 0.05025601305513775, 0.03441045689023868, -0.0127305627105359, 0.017185799844470058, 0.014561854089965506, 0.007208378531290201, 0.0023328982197003975, -0.015967140287797346, 0.005113874167607266, -0.009740328907611824, 0.004485035308541617, 0.0055914696792106035, -0.044150559961030865, 0.03296744105662669, 0.046040083627663396, -0.024171529051317094, 0.053191336245643345, -0.06006689790136749, 0.0747787453218155, 0.022144487839982727, 0.004364435811396252, 0.007934080869803547, 0.015282034349635615, 0.08429219485742463, -0.06969479760857174, -0.10089504378362854, 0.05249519266898465, -0.05595009451193374, -0.037643189146184815, 0.04378609248374302, -0.04859704396967327, 0.019703834380423276, 0.008665113637698025, -0.01577350321265424, 0.06674596711810026, -0.054789841469178265, -0.06839258685751146, -0.018692774095521853, -0.04287399403848444, 0.020719631351413106, 0.04527589809552582, -0.003658610758225694, -0.050054864353657066, -0.02987172609716252, 0.041440269121977256, 0.058338190356648785, -0.013288392104226252, -0.05748581027882463, -0.0018732141525403154, 0.01510813467059066, 0.025203891378639043, 0.015489452532561114, -0.06729003605355, -0.01232930447872889, -0.01008394423264547, 0.06183347637353495, 0.027236265207272396, -0.03252184239743422, -0.0068497810297615015, 0.05942641161450771, -0.02194715767004424, 0.016604918374881435, -0.021132529440393746, 0.015363533908712255, 0.044823144221295366, 0.011088529203113437, 0.010567959549932109, -0.009900350609143025, 0.02528418058018553, 0.01398591529454985, 0.015517118312623777, -0.023858713245553897, -0.010043363952170653, -0.012038776187140858, -0.028143840598261853, 0.020795110269917975, -0.0929879552966632, 0.050593179116973905, 0.023295219607331212, 0.1148299387116485, 0.052838270761220024, 0.02877825327198932, -0.01014140499473315, 0.0016218857333158327, 0.12020330683259008, -0.04500322094762534, 0.04622288623006095, -0.06706697512907672, 0.07915560722219787, -0.0009616540051342097, -0.05125133559631508, 0.038387624464193124, -0.02804169174626026, 0.029125010580555166, -0.021647028857299157, 0.024887498931614804, -0.001353876005062523, -0.02181762641842297, -0.026319013699630554, 0.08043008754892053, -0.08981150565595832, -0.05605406165797517, 0.01158372835689845, 0.004871320865967756], [0.10423893117085642, -0.14972497553288108, -0.2259688751746168, 0.6486218545709296, 0.003857150733066174, -0.0012641071788226245, 0.01089701549264235, 0.016868696941223955, -0.01203063696754716, -0.15412902155433186, -0.07426206376323286, -0.03621693985657051, -0.07219075459551519, -0.08262081500693362, 0.011968414722909057, 0.00430352125585198, -0.002134532149603543, -0.004754784097088409, -0.009168290446259289, -0.021419251017008922, 0.029096815683644497, 0.021398809592249254, -0.02790271494428009, -0.005927231151798279, -0.01467711139892691, 0.004999784968514738, 0.017965929441488265, -0.0005453209494507984, 0.028882377586693552, -0.0005541539055298165, 0.0016857460258052808, -0.02606210195125494, 0.02943152303983469, -0.05398773056228826, -0.02558669730006448, 0.04232664525687598, -0.047907331216454345, 0.00012502891029706587, 0.014529534375549118, -0.008133625703434432, -0.016687942978635358, -0.056962642603635295, 0.02421629243149187, 0.019395614803539026, -0.001928800358489412, 0.03757101283897018, 0.04077247187109726, -0.0129727850383793, -0.04119642220037808, -0.026335059897318026, -0.025282681219305273, -0.11246145697304238, -0.04431594886411609, 0.020431577292944505, 0.027309681040532528, -0.025759454762888608, 0.015090037869203102, -0.04842805451996185, 0.00419682317689195, -0.004864781274654381, 0.03271569295993877, 0.0008698848975276565, -0.024933975859112063, -0.04271668841529817, -0.014306120283993308, 0.022349634370617186, 0.053145147468928754, 0.005561969118592095, -0.022599975880827378, -0.029333635485706614, 0.033978744315144874, 0.020681385734976906, 0.055709825854217944, -0.03213433123025519, -0.030828411886898076, 0.054509739038876286, 0.025716586883841746, 0.041953571041970686, -0.040156445267193454, 0.0056517693298001395, -0.05736634265000812, 0.028347237712327368, 0.021768639561320104, 0.0017184305537230001, -0.05980195507162056, 0.014763898294368763, 0.02610501612713066, -0.05527410267355364, 0.08646842571975051, 0.01772696306108825, -0.07118473918650588, -0.03139000876087378, 0.012924097589795904, -0.047933488624090935, 0.024203738175737906, -0.07596298913456563, 0.009571152365624242, -0.022423686912723576, -0.012072293079757506, -0.0905247105010851, 0.02051017989931696, -0.07737270273544021, -0.06378235805811741, -0.04338190075467147, -0.03636517731370949, 0.06797857671669805, -0.03997904034123408, 0.05206657220825872, -0.04304893326513037, -0.008381087072029988, -0.02369345678599167, -0.01982698835979355, -0.006255630245361364, 0.01104199328308188, -0.07084906884768771, 0.006910569758178241, -0.019919003970995577, -0.022749581744196, 0.01693446764228235, 0.01395089701582343, 0.012102342087369525, -0.0070217715919721705], [0.025597478252950397, 0.022414143537775294, -0.07368993227509518, 0.003857150733066174, 0.9955101847187328, -0.0010288323973410426, 0.10500004239474167, 0.013496193162894733, 0.03642197398520388, 0.013710640287127254, 0.06367742866741324, -0.11420889737483704, -0.06599930083726789, 0.03755790103661961, 0.012009516679397467, 0.027770571450247004, 0.00357231089052803, 0.020089043583952245, -0.010738607281597447, -0.003491206776426978, -0.003023996713678032, 0.03705820223823002, 0.013886904789317454, -0.013715977182493275, 0.04564826295927572, -0.039389369415519654, 0.04526888455340811, -0.007469579998141163, 0.023972276954102898, 0.04292343115908636, 0.06006976992900669, 0.015193387723148398, -0.0007134316874388852, 0.01545719206737704, 0.0659017831011904, 0.01565076227967866, 0.002057086783463218, 0.05436825397415097, -0.05992786945770127, 0.005048071255916664, -0.09610725570738105, -0.1506102647809048, 0.07774959366069774, 0.014790432379497714, 0.02014614899668581, 0.008696888836787887, 0.06089633540497289, 0.07170626665350799, -0.03361888961373964, 0.09434706381797844, -0.07442503230935209, -0.10390585773252055, -0.0028655068696538497, -0.03567069175343545, -0.005445057583783923, 0.04793541658285072, 0.017067930632011088, -0.07337793955225248, 0.0010417905690616968, -0.000620628055085056, 0.05892707976069184, 0.06796703059933053, -0.050553237755928224, -0.010517889911937557, -0.06390772363944235, 0.07462041944690777, 0.15304767855511012, 0.07200116987098834, -0.05085589359575606, 0.03948794556879333, -0.024031556232512487, 0.06956122537794476, -0.03840682995396612, -0.1393773989694215, -0.0007952898011814282, 0.03711121879607289, 0.020072694121015252, -0.07500034549571875, 0.05167930485082366, -0.11776824994868032, 0.03655366873270713, -0.048516080563998365, -0.0441712041499172, -0.07186861590639194, -0.19922606722583283, 0.10060113429085228, -0.10014253038160345, 0.0761780359912401, 0.00032965444707007256, 0.10478908874226901, 0.135876142580043, -0.047147188045674394, 0.047046125235913394, 0.03968358683356065, 0.101883487655965, 0.022848779230975228, -0.07357089508049018, -0.08026578027463646, -0.03210919927679979, 0.06941705371165573, 0.04607627904814149, 0.11883008233255234, -0.003315092020921027, -0.027344664708515987, -0.011668185772657276, 0.05937747356675137, -0.04668166633050037, -0.01697660419882604, 0.04285184263619657, 0.02146283907958016, -0.025333668736734538, 0.020808593060294613, -0.07195246341687259, -0.055122450400196504, 0.02385658820208168, -0.07802431953543047, 0.010356816765600673, -0.07042657596314321, 0.06803797039738499, 0.0648669410036012, 0.014615780032877349, 0.000491938038630881], [-0.03322398367627632, 0.02507023659489461, 0.030398124374218842, -0.0012641071788226245, -0.0010288323973410426, 0.5705268110160059, 0.03507755015503912, -0.012029496050666912, 0.021381555800287357, -0.09983099287756507, -0.03142742933800822, -0.0034216907316354586, -0.07896544456474901, -0.0061504563984049465, -0.019558460586527205, -0.013823524570731225, -0.004623543108998142, -0.02363074028159183, 0.0026942125913501686, -0.007878697133107211, -0.007039209003955828, 0.029140449274844674, 0.004298744638395277, -0.0031885440891768384, 0.008557718205400662, 0.012930197246422751, -0.007444088137970115, 0.008733169483883783, 0.005854470081655602, -0.003361741596418157, 0.01890341840710139, -0.030261604430369245, -0.023507763687828337, 0.049233439802706135, 0.0019565580857248215, -0.07672299115637449, -0.04852261172743892, -0.07382023215602666, 8.103571006695089e-05, -0.013759964035329838, 0.0258299688210056, -0.0052676295652923704, -0.05600109276827603, 0.03534764313763975, 0.03189187483276115, -0.035130761133109964, -0.031055891984884513, -0.0074866972559209065, -0.0360787009397929, 0.03842751989006906, -0.0009763565993039569, -0.05246937463885576, -0.09013577824415708, 0.022727282465753857, -0.06449119052485482, -0.03249141828321972, -0.048313721381016944, -0.011374445362541195, -0.005881011234468411, -0.0013510797344687294, 0.023099618395811084, -0.015470186622909941, -0.0022160977237619494, 0.035718106758802645, 0.035395962432435556, -0.007973937851459825, -0.04788593039047836, -0.08352520515832147, 0.04018208454989822, -0.05117408441574649, -0.05855862504955272, 0.06212996303912573, 0.05418418428731251, 0.01656636536025654, 0.05980374231148419, -0.0030751733571719618, 0.008899788851370112, 0.050952489542946705, -0.03637444598666102, -0.09286597310812257, 0.03029038681827284, -0.06625473447386442, -0.04124471898021694, -0.0601524778061941, -0.08153164895304674, 0.0003768374082132576, -0.003001246767395933, -0.0028727862168680626, -0.01615150492482358, 0.07241816883277277, -0.0024279806816405068, -0.07110835568867503, 0.059804025822634464, 0.03346550528572054, -0.03913921516923623, -0.006111755099777948, -0.010765668385992959, 0.07805548927683142, 0.04373099681855281, 0.03624123707339081, 0.007123393006815281, 0.006433337724570185, 0.028787057336196152, 0.0620365791394239, -0.050780920500301134, 0.017209299705392787, -0.017174706075879256, 0.05542054676715546, -0.05476154116884932, 0.02533882120255468, 0.0026117063451703416, 0.02625625434818285, -0.0323968423516743, -0.03504992238234365, 0.02709620917264091, 0.0006703954564483914, 0.041888164534333826, -0.02062328424704288, -6.285941037303415e-05, 0.049683993724753725, -0.016236388005470514, -0.004350738813923863], [-0.021845985638268756, -0.023474279935362517, -0.0078985499633351, 0.01089701549264235, 0.10500004239474167, 0.03507755015503912, 0.9752290363374797, 0.00786894571257557, 0.03635223671502895, -0.022289874617000337, 0.05045769486520487, -0.04813910510796948, 0.023990033766024405, -0.02869164590809323, 0.028719806882249763, -0.01267346863964292, -0.01270969939278063, -0.003147690186831513, -0.03852643458315041, 0.012572779343148278, 5.8386667535146286e-05, -0.01459441471482245, 0.020641996950176364, 0.012350006716159908, -0.0040331106158843265, -0.008206678890514837, 0.004735068974334602, -0.010377739228630745, 0.008982627859915318, 0.01796046347767785, -0.02470629523586444, 0.01811474838328829, -0.02904994541802321, -0.011897597087604543, 0.02511859139049075, 0.013564624746137684, -0.08741660500917692, -0.013942175086254041, -0.060872165525799826, 0.0004101534207396501, -0.0005957631328116139, -0.08647913662056443, -0.02514798680663997, 0.040518121765913975, -0.02646191736288007, 0.024846834559699355, 0.039309947239239224, -0.06386236102927507, 0.005119173650302246, 0.058781055614472215, 0.05802846633092025, -0.0008860351020780828, 0.004919640961123455, -0.05565014873935845, -0.05691088730105828, -0.03023744266214553, 0.04558877475325504, -0.06065226217758697, -0.042883931389835046, 0.04675676510006293, 0.01485941169016149, -0.03323161549488234, 0.005529076304251027, 0.013054849989324982, 0.01623226901528795, 0.028690155474053652, -0.03742818796908092, 0.05127276195126697, -0.04843828817459204, 0.04261040778330454, -0.07489487832155664, 0.08380731111713434, 0.10960458220564723, -0.03160470421124367, -0.014939299110213668, 0.03155932360644251, -0.0097710254441454, 0.012463628861257329, -0.0037890751839930264, 0.031203037240691324, 0.014498033512828759, -0.005263927901474467, -0.009618343984656068, -0.08645653513623977, -0.18685060273619458, 0.02917351356542804, -0.05564825210354927, -0.030676675779198977, 0.06966304214509741, 0.022620800584809822, -0.10348677609350687, -0.00996657076264235, 0.0017745163845127355, 0.0070674861590532476, 0.08376263178038851, -0.016649801483468674, -0.04543837653428639, 0.015331361161362375, 0.05040655161401326, 0.019864593096011875, 0.020859539977944687, 0.0783036331178261, 0.036740924715143, 0.020881088569450465, 0.014930868873433768, 0.01784604885833065, 0.025912254080162428, -0.08098543704829812, 0.03709767584700584, 0.02062968069801492, -0.006183939450072345, 0.058643095563985295, -0.12084103950010713, -0.035239185890628195, 0.018870661614730555, 0.025411017485469235, -0.08746087184194315, 0.08369062984640556, 0.038295098147932666, 0.04297280034622713, 0.02640130119508852, -0.0111927275668185], [-0.01529658420684646, 0.0391496790549679, -0.052599554022887414, 0.016868696941223955, 0.013496193162894733, -0.012029496050666912, 0.00786894571257557, 1.0111992418501536, 0.012365467050031984, -0.08142448658664925, 0.06514680376735647, -0.06095970013860675, 0.028842204836713334, 0.08418430273356392, 0.09039554585824751, 0.0064018032360478655, 0.019075547701706122, -0.047897746170634484, -0.032537162128515436, -0.027513514812535254, 0.019035514583011868, -0.0010301910049938712, 0.020264965581015586, -0.000357803269779353, -0.022331985836231905, -0.009899126650759394, 0.013167296430897962, 0.0077995522960549665, -0.04838562773346963, -0.005067460077159983, 0.014194346318662092, -0.009410896585371482, -0.01038015011981054, -0.016879376246833055, 0.07003909892261993, -0.02002781382760174, -0.04790680460479651, 0.01488107844051904, -0.00409050635280645, -0.014384964180094193, -0.11460579720516298, 0.01782492891248553, 0.023316964455496712, 0.053625415226525946, -0.007434187089111057, 0.08000735734879777, 0.06554928722675765, -0.09489812439991133, 0.015213761775859138, -0.03019724758065994, 0.015280264383719506, -0.05684835932074047, -0.06018045751818335, -0.01563293497965006, 0.05918787353391674, 0.029194038761572345, -0.14117933037867705, -0.04193040635062983, -0.0008341696488132698, 0.0027082999336598317, 0.07058867469947772, -0.09404690482274744, 0.023169213514169798, -0.04870904268818907, 0.01565373276548626, 0.050126623296152986, -0.08337582835958325, 0.0702056750726236, -0.016711528009136698, -0.04040661864080398, 0.09653198329679563, 0.12065007701136539, -0.009967305517880441, -0.08063059547947656, 0.10652408117710242, 0.03561077776829634, 0.0012661455337629887, 0.007163998475759668, -0.022056988390252875, -0.04646456533601797, -0.008330422567535854, -0.04313828992713211, 0.046186708210296266, -0.007812143442365722, 0.03424577413649581, 0.05228847862142437, 0.06755925637986862, -0.009644119650370027, 0.018996136927554565, -0.0019069468553693347, -0.07520905051767078, 0.041907330508344276, -0.03216858375222039, -0.057361458837324096, 0.08252016379699346, 0.046445234309369386, 0.07178372040047307, 0.03235360584308247, 0.06881693125923205, 0.0679064280789018, -0.00475029704000662, -0.029577104564166592, -0.03562901605412248, 0.02194743170125184, 0.042572294300422975, 0.059310124968344605, 0.00967312742639673, 0.007290738207093139, -0.07738645526808562, 0.020000901347044166, 0.008320534243576514, 0.03287698541569636, -0.0016884323838425171, -0.0041978248550842865, 0.006104808994682783, -0.09172228662908008, 0.18258047894695195, 0.024536717036407633, 0.03414677819503934, -0.030337108581779064, -0.008994326100461197, 0.012248440546420297], [-0.057946286483385685, 0.016521647514626505, 0.0007441156778085602, -0.01203063696754716, 0.03642197398520388, 0.021381555800287357, 0.03635223671502895, 0.012365467050031984, 0.13075498417594653, -0.00040575653782687414, -0.0017542332097441858, -0.01843448457726812, -0.0010895259930859126, 0.005331989901537725, -0.00806388205481434, -0.004219080657380658, -0.003288736740098546, 0.004951150913673513, -0.0048627372206286, -0.01243683039130625, 0.003760856135882367, -0.011837176296309503, -0.0023460727322149127, -0.00991551063058587, 0.008687032511219944, -0.0024209245907129747, 0.004419731968875555, 0.0003211212394843575, -0.004262995170318628, -0.006792196665450381, 0.019152983590180986, 0.00792359952288667, -0.015546716958728468, 0.011737873234994952, 0.021227363840306712, 0.0077712984523285985, 0.006347824714802607, 0.017515648503945547, -0.12147934549603388, -0.006564112903619857, -0.010503671588142914, -0.013645675987733143, 0.008456549927935667, 0.04526346488640544, -0.0010290984398968143, 0.01172342537095422, -0.0021632987819249806, -0.013277137980449978, 0.010237698768235359, 0.011745041134679841, 0.0010298638164202686, -0.009543611029341325, -0.0362576396525653, -0.1160478027682109, -0.031149425669774144, 0.02499113507352548, -0.01941404833592417, -0.0015267784347827197, 0.014225769788793806, -0.007830999614986673, 0.009373910032460646, 0.0023202778064153142, 0.014882987863920475, 0.03251178467099932, 0.0106958325368809, 0.02993202969650882, 0.0330467889443784, 0.013486805480036348, -0.10754497986574489, 0.028069850318472908, -0.007306152252413943, 0.016610237646343628, -0.0002446926407055155, 0.008106733047688816, 0.01357898906413849, -0.012524355676552761, -0.001861658749901693, 0.022263352820460887, 0.004028971910270097, -0.0007842989774624609, 0.016042179627230136, -0.022941284008961497, 0.013105572215000616, -0.1114489730714876, -0.008016914591425528, 0.023276961066580865, 0.000567264708129094, -0.00656823485365586, 0.007533298516866875, 0.0014466581834574862, -0.058376074810785605, 0.013126507395854501, -0.008123424135127266, 0.015382594564348989, 0.019365932359008665, 0.017683909737683894, 0.028797632728354033, 0.01643054026281489, -0.08467358487058942, 0.004128213224189811, -0.011133367110865681, 0.01088345749252061, 0.0357530415306034, 0.003341952807036708, 0.01434732601467525, -0.0359950150251552, 0.022295999507718968, -0.02277803024826402, 0.0006438062802756705, -0.011981555633112689, 0.00015506311359405356, 0.015234851825339017, -0.008331217961156512, -0.0989360095344814, 0.006260304268732632, -0.010539617899670584, 0.005945101616469804, -0.013537961237525058, 0.018831486848905777, 0.005644780748619226, -0.011138366357238987, -0.002161153398089529], [0.07270823859084088, 0.02098082617885211, 0.10233200367256579, -0.15412902155433186, 0.013710640287127254, -0.09983099287756507, -0.022289874617000337, -0.08142448658664925, -0.00040575653782687414, 0.7371265567256244, -0.2905429522228398, -0.061929772909561316, 0.002730502005863874, -0.07524978918111389, 0.020995052844331, -0.01966017279020988, -0.0038045924692914814, 0.028510747373235515, 0.005574954367338966, -0.02998266054209749, -0.0004093503049707465, 0.01780298256902095, -0.015392813178293378, 0.03096864760226987, 0.018905533260241268, 0.004679737567509218, 0.010238914076402724, -0.009213695059914925, 0.024262535873351237, -0.03849321316851294, -0.04096929640234209, 0.021650875384884846, 0.12621876129325224, -0.08919593915663011, 0.047394744015082486, -0.047804832516598, 0.005584155531885928, -0.06781047222669871, 0.009497412113416611, -0.028688502161433326, 0.026944580929125352, 0.003436479581244857, -0.0308319288546499, -0.018088702532899365, 0.01517681591141641, -0.0013573054643492395, -0.0674076813445721, 0.0666607601072525, -0.01981813272531005, -0.06485192541036469, -0.0646827846935546, 0.07468059010871346, 0.012383356465740741, -0.025583374971771745, -0.1328983784850274, -0.023177554484195218, -0.08162656357160297, -0.0018409608003962337, 0.04807656407800354, 0.010258528330432514, -0.05508311753916661, -0.031147240439249924, -0.049682857968812624, -0.04939600043704887, -0.022247073014752004, -0.047647936345657095, 0.06481775482716241, -0.0028178575305767843, -0.02386104792140101, -0.0999469339461993, 0.012051848294555132, -0.008253718453488879, -0.05482155021943243, 0.05383211708191454, -0.04013853678795242, -0.09259156651819271, 0.054719087311655444, -0.0770005549499062, -0.0012631024496688674, -0.03155570126213528, -0.08213143502739516, 0.11825381783328077, 0.042175320352430906, 0.00047487845330252017, -0.07314508271698852, -0.05515637681864031, -0.013333399673835494, 0.0003157650082577238, 0.0004201133304689557, 0.012075639193733357, 0.058599339383248024, 0.03163397583615784, -0.031591622979633055, 0.014816853453036554, -0.032030811571427335, 0.12671311962406243, 0.02529921047518909, -0.019042402006251718, 0.011471855949329887, 0.11971413217221283, -0.05810573080939603, -0.008177492084867137, 0.03260701758008427, -0.0924211419756566, 0.11010306226593308, -0.020684038074670258, 0.020644411904901544, 0.010412189724845497, -0.08037221667619154, -0.09703376321208614, 0.026231956031171573, -0.001025685214004646, -0.005931597668533342, 0.03975409528781054, 0.04941322341665136, -0.012528626687898375, 0.09268280488960136, 0.027901466936481555, -0.13682137859327528, 0.02228487720433853, 0.007738875341417088, 0.008009369268088325], [0.10819876866912125, 0.0946046649935266, -0.008967681917762094, -0.07426206376323286, 0.06367742866741324, -0.03142742933800822, 0.05045769486520487, 0.06514680376735647, -0.0017542332097441858, -0.2905429522228398, 0.8308230666815214, 0.037896439555551546, -0.08960771189265462, -0.053909336653089716, 0.1482984908048618, -0.039708608802135247, 0.01155526095191505, 0.008379077682108736, -0.0204768337354196, 0.009187120543231413, -0.006127819415798639, 0.024594325622154144, 0.014471511676701524, -0.028638851241693207, 0.0178223043732795, -0.008624337929402762, 0.018313629777803223, -0.010737620092330036, -0.0041800268352948896, 0.04192031537094791, 0.11228435255987358, -0.035283126041979015, -0.10423972931605423, 0.07942725562627395, 0.07601565803870383, -0.020464280731740378, 0.003730017402469218, 0.03342703048716611, -0.03656336546460254, -0.07187866486510397, -0.15108823684492867, -0.0356705259455282, 0.00987311966105529, -0.03324210386028103, -0.008133554122958154, 0.035110123332037224, 0.062344613208182284, 0.042427093662672645, -0.019559399187413347, 0.04463417502555225, 0.06970527562735516, -0.029569938199510475, 0.00995184499825171, -0.016865669812112936, 0.0006342286354922115, -0.08120497979310008, -0.003329695108102441, -0.07196284080117564, -0.08637269053180521, 0.04050543280342484, -0.014535225515401979, -0.001996264051183045, 0.01662497845129299, 0.005337310039213279, 0.0416381825757607, 0.015599304757140144, 0.026548376236172497, 0.08503876821475927, 0.0008924830496610365, -0.03775118164523778, -0.1648994474485935, 0.025115529438477734, -0.019463091243944734, -0.033333470417492274, 0.003983227316468955, 0.0463347869294539, -0.020063033843894486, 0.04890615939222577, -0.018024722878145487, 0.04297588930595096, 0.026179149090089417, -0.07061148565399428, -0.013373644459828506, -0.01412361784531764, -0.041149549444127465, -0.08814028403243777, 0.03450237360735663, -0.08644151100341124, 0.07741014395908842, -0.015400974605388345, 0.11678063153604151, 0.004220199486097664, 0.0067077146373974925, -0.029055810366047485, -0.01880367169685198, -0.07072129624513249, -0.06077195487326032, 0.00692337698379966, -0.011993964277402635, -0.08900455883755493, 0.14236711838425808, 0.0702917794276141, -0.02914207500157443, -0.019411407838677168, -0.12446266352357467, -0.028159953327620127, 0.06826356904773413, 0.01842122616951061, 0.018287117839148492, 0.03870981139380459, -0.009907842612934656, -0.11880677428966184, -0.07583902886799034, -0.013030867218831298, -0.14922554346760114, -0.06482946695529153, -0.008644893610358912, -0.004323355468038313, 0.05051224002806875, 0.04641896856814844, 0.039095985202915864, 0.001824856096816845], [0.01833158307907606, -0.01237480043874792, 0.05439192102160585, -0.03621693985657051, -0.11420889737483704, -0.0034216907316354586, -0.04813910510796948, -0.06095970013860675, -0.01843448457726812, -0.061929772909561316, 0.037896439555551546, 1.1082364628257868, -0.015184658972153181, -0.06279570814239689, -0.1300670535859518, -0.021682359464531165, -0.008851966606633297, 0.014297451743085478, -0.006532238235551017, 0.008780369284239918, 0.045112595929367325, 0.0008344604246364389, 0.03368041178457478, -0.029394112231667165, 0.015595439334309829, 0.0006311600105397357, -0.015860969895272713, -0.002354309081875719, 0.04271182792231254, -0.01664451050200357, -0.016568018259590672, 0.027083954010387906, -0.015179879744235932, 0.059014243698505844, 0.06326456147120302, 0.0037711103410641407, -0.06933662179803211, 0.047160957004306905, 0.08729805658393484, -0.021639813848145985, 0.005517686899245028, 0.025415451682993605, -0.03434341202984919, -0.011124193192937417, -0.02022009760796676, 0.044821775983000446, -0.028185176184595602, -0.00828858794035389, 0.0819989333451291, 0.06487460277727339, 0.003832756687895533, 0.04928459439542522, -0.02449805675868582, -0.07182519100517841, 0.10162433554866684, -0.062297738651856484, 0.04452912001324915, -0.06985325788641779, -0.025465099100145442, -0.07563476429513367, -0.04896797891936557, 0.06189379772414118, -0.0024940690325783387, -0.026359310248653, 0.05842970901017699, 0.042847401912213444, -0.13411220169373478, -0.047429947492936005, 0.003713098101929647, 0.06667267970175664, -0.0458984226776859, 0.00476156906652086, -0.006683023173720779, 7.380165814521006e-05, -0.06404225106042166, 0.045394605826682456, -0.05331291467375996, 0.061935010585274584, 0.0355451712417678, -0.03925661482531785, 0.12430635807251986, 0.02478335995010849, 0.04073172222744971, -0.0014645141156047511, 0.0032554438544727146, -0.020308287456663316, -0.06790848029717524, -0.0747006015550957, 0.044159648247042875, -0.02762320345208298, -0.11425969262046806, -0.020492512200311164, 0.07194843696935943, -0.06491421856222614, -0.11555093192590914, 0.022906264051013574, 0.061699821747194884, 0.07886725581483092, 0.07692470535407764, -0.1531062311449888, -0.031777980654296566, -0.10914034438215998, -0.01575719572966951, -0.0562681770111651, 0.05789174703265756, -0.06853410167775764, 0.042555086767081904, 0.01708006815032097, -0.10849645258536669, 0.006060277182363495, 0.03958117707016829, 0.030425886085454604, -0.00962210475153153, -0.007988001652929216, 0.04616278121669007, 0.11154723371542297, -0.128067879423033, -0.0025441312177650957, -0.023852752114669883, -0.040626696986878465, -0.00032898381441861315, -0.004688392015146545], [0.03982959609386541, 0.0041638893752121075, 0.034643067559335695, -0.07219075459551519, -0.06599930083726789, -0.07896544456474901, 0.023990033766024405, 0.028842204836713334, -0.0010895259930859126, 0.002730502005863874, -0.08960771189265462, -0.015184658972153181, 0.8979545590010931, -0.012753741442062778, 0.002593765768054765, 0.014697685644198303, 0.02065107899841067, -0.001766139507567718, 0.027110900739093093, 0.024393749830326498, -0.01138678276357848, -0.013834346632919924, -0.023933876291846828, 0.0015889712463639902, 0.018294849733513988, 0.010096001002246505, -0.004621556608463508, 0.011722597275668625, 0.005258848225997455, -0.0013461383185965025, -0.03836332336507549, 0.06631113105111332, 0.017480192296024988, -0.01999152228202982, -0.028924577578093587, -0.025876313753265892, -0.07407439614737006, -0.04151381156786755, -0.021524543024905245, -0.03307446234931489, 0.013715613059568149, 0.06039242844661701, -0.02218703750459611, 0.056239772698865216, -0.07640801386324358, 0.004605710729466379, -0.0650633312458159, -0.05637774134987304, 0.10554904064144145, 0.017448077129295594, -0.004686649913024136, 0.004889652327204038, 0.13426383148500473, -0.028705333106653703, -0.06553721143159863, 0.0020215500463120627, 0.05636551552713384, 0.09530896404577684, -0.04332691934830302, -0.05476172003114162, -0.01948972859981207, -0.022418338631588812, 0.025055258218178656, -0.0372999414079699, 0.06451883039622257, -0.04002431063877527, -0.10178762994687593, 0.009310537190193003, 0.009164242923910288, 0.14820152863433378, 0.004671498149661022, -0.03422919583504827, -0.06564913531234914, -0.055287521383515816, 0.03436629399251819, 0.06798611149233344, -0.014447620416999634, -0.021638248912166574, 0.010398911728919196, 0.01443081329230662, 0.037231720998175226, -0.007678844416280118, -0.0673288097129041, 0.03377410628818732, 0.06384999244654198, 0.002975538352256137, 0.015633680225680603, -0.010706454409196693, -0.09483838384802497, -0.006446120083560556, -0.14597613917953714, 0.027303197224887235, 0.042842029969696105, -0.025096245335462942, 0.05309272060303399, 0.06137494766061484, 0.020300939010128288, -0.01676075503843148, 0.03821062644933609, 0.054854558119476815, -0.08162005804453742, 0.015501796390949747, 0.004937903534914996, -0.03584393898777206, 0.04303529880411092, -0.02816412296646689, 0.023103578090757772, -0.06950056324927995, 0.014577700470596701, 0.016641015534369186, 0.00011468172136884859, 0.016598245843131642, 0.005671247070531538, -0.010305313350117333, -0.04060165703161153, 0.0724191470343642, 0.0027321990656195092, 0.06088483298058213, -0.005704392143648933, -0.025064968916026605, 0.012040114399555069, 0.004368190947781285], [0.0018759656827038811, 0.054303945362684576, 0.009556950982285402, -0.08262081500693362, 0.03755790103661961, -0.0061504563984049465, -0.02869164590809323, 0.08418430273356392, 0.005331989901537725, -0.07524978918111389, -0.053909336653089716, -0.06279570814239689, -0.012753741442062778, 0.5249670030271978, 0.18576582126347752, 0.02462539084122913, 0.002039805275185273, 0.027797386373595252, 0.025178128612969197, 0.015974478189015675, -0.0014679271427937772, -0.0219037200947205, -0.014470767252927693, 0.005115055836166632, -0.020308178227222615, -0.01711598484065042, 0.010625454882561737, -0.018405088837603237, -0.009829977150650654, 0.010786992250394251, -0.009526608913246899, 0.022864465921981193, -0.03544286321227775, 0.007772380564472885, -0.0009430351972222042, 0.009866338521605456, 0.03822635508782709, 0.08218556305234585, -0.006006996872213391, 0.03451642625039893, -0.04429749100512244, -0.04605927215076259, 0.04807721767177702, -0.057277311385723846, 0.10813592910918873, -0.04817098571790422, 0.08266878049814257, -0.05909640725311447, -0.009472226507341577, -0.03828887424384962, -0.014394838745198984, 0.06002866218466396, -0.02656431401750837, -0.011900046523137746, 0.024441847807095636, 0.019627645075787948, -0.06538172380684971, 0.00789449505206198, 0.00016347800506804965, 0.0009117378035480875, 0.05434341183511432, 0.016705959858170284, -0.007723515942718749, 0.03725068885528285, -0.006552563401797919, 0.004780946659195397, 0.028695328817424707, -0.04194067203806254, -0.0004110867336798351, -0.008223293610205486, 0.07994144451594906, -0.012927675490805562, -0.05591417603223676, -0.01287574247780093, 0.0727446150916898, 0.005516723303855469, 0.004366275947381635, 0.019664329859211915, -0.011728469987541651, -0.018643221471790702, -0.05325163248059564, 0.04418130842469517, 0.010061551458054818, -0.01648173211547453, 0.029429313110145357, 0.03659414784496787, 0.020081849766461147, 0.01640947812762718, -0.08025072434941034, -0.0035613314374052245, 0.04743172300088138, 0.030821032282780554, 0.016006803310698113, -0.03187927197253105, 0.10965672978105254, -0.04094548522767275, 0.062168166099337445, -0.02866437236049964, 0.04718152761950053, 0.002065439714270263, -0.04298223543357578, 0.007646521920777517, 0.04952785845566617, 0.06850483284248007, -0.0599523107282388, -0.022291336091310593, -0.07177640160053947, 0.020962777679747167, 0.0359975629435886, 0.016236141492594742, 0.028813230880344022, 0.0678849005193465, 0.018686204719736376, -0.04215767133094151, -0.043068262788167916, -0.07491842823871765, -0.02725030046693023, -0.03966379841869983, 0.016577759958533604, 0.028039160474113787, -0.005356084893161266, -0.00879242522133963], [-0.002562604577550763, -0.08937157762392191, 0.044017070744305074, 0.011968414722909057, 0.012009516679397467, -0.019558460586527205, 0.028719806882249763, 0.09039554585824751, -0.00806388205481434, 0.020995052844331, 0.1482984908048618, -0.1300670535859518, 0.002593765768054765, 0.18576582126347752, 0.9726911034493997, 0.0057792429679094865, -0.021744728632329582, 0.05813057199115671, 0.006167149390045483, -0.00114796480990518, 0.01317180285058451, 0.00987138538819716, -0.030498808499840373, -0.014047694520099324, -0.025832114210660746, -0.02987820209821451, 0.032772878828038775, -0.000919553972670107, 0.028715037379568147, -0.012077043510033945, 0.0013472598281169949, -0.09025332587243955, -0.005340223107097724, 0.11216364364642012, -0.005506258244340486, -0.004812008695367473, 0.0979097701833151, 0.04056398745674009, 0.016345616344659777, -0.07375167934280939, 0.020956482612548864, -0.015178059448831785, 0.08547006723566208, -0.01191290195493136, 0.10576834304992967, -0.022476421730773702, -0.028425870539869575, -0.02976912017716802, -0.013735212232401104, -0.06747494637686195, -0.05719752018240882, -0.06311609905992552, 0.0237299508035553, -0.02738592870018204, 0.03286903902252683, 0.08362530802515593, -0.056925520984695936, -0.02270744004928397, 0.011689356602768342, 0.08049181528379731, 0.11197818046386726, -0.04179714787630871, -0.05573525423757323, 0.01960864403275688, 0.05581085366168804, -0.026976506212504914, 0.0670203544281159, -0.061335774791428786, 0.018920522175373773, -0.08320113087565592, 0.1443175767659749, -0.012155165813553984, -0.05233420674073525, 0.11157651100923788, -0.013681612649910063, 0.0328077430793859, -0.017526798276866765, -0.009719358443753786, -0.1057387508366239, -0.03885570684834316, 0.009561427732794189, 0.07771011553131281, -0.09070176544730094, -0.027891715239101913, -0.0716618925394384, 0.021268629899380144, 0.0857176356183291, -0.08341178532271064, 0.018520140414679958, -0.06660209924655579, 0.06626856643440429, 0.05038247539992399, -0.0044173613189041, -0.030448126472985372, 0.09448531967255591, -0.007897423615597449, 0.005487091844267916, 0.0664029707253895, -0.03999511514374925, -0.052744317296687014, 0.08659823766993836, -0.01263157452006774, 0.06144912633231414, -0.007409308654346252, -0.05916581550069465, -0.16377629770286167,