{"inv_metric": [[0.7067353191047222, -0.10623679189814163, 0.09310721369146975, 0.07789610858223198, -0.01989725627910359, -0.00541787529009124, 0.05511755319743924, -0.06297581419382108, -0.036503561081219355, 0.0077642359999719555, 0.18772196815532863, 0.05904306151958662, -0.05084637064325947, 0.09371592941682443, 0.047603762209140164, 0.017419788764374496, -0.005742079196208373, -0.04420274640492389, 0.00029359249890697836, 0.014972089724906835, -0.0028501436048167903, -0.01851238331997454, -0.003326467667138566, 0.00376494092187236, -0.00747427797393695, 0.012295645617522643, 0.0021214329867878805, 0.02333618317115009, -0.010015721810017843, -0.028743567478772415, -0.06446182025034343, -0.018521310552128453, 0.007028881569351812, -0.007040865201508997, 0.058730695774598024, -0.061246092674343194, 0.016933487579696052, -0.060956064181337595, 0.01650830510600447, 0.021410620833835003, 0.043637179627881086, -0.03583107805237308, 0.10105374872725748, 0.06007985756905555, 0.019970303774606853, -0.08747297915298823, -0.047701596979760716, 0.03743735366430274, -0.014030870785386397, 0.04218059367783849, -0.035314433424791236, -0.05036306619803475, 0.08009020468136749, 0.028689245539790433, -0.006392502623383708, 0.01086567575675944, 0.007588393605875538, -0.04591190021771226, -0.01960725498338813, -0.09323643425565956, -0.03683270350676114, 0.017967688281117153, 0.009770105966044189, 0.0015897688683813604, -0.11152790697664336, 0.0007315337908222427, 0.031559318122873256, 0.0012068730510519732, 0.017625442096342408, 0.026280392675616205, 0.033207388991989065, -0.04019045734436608, -0.06418831804930653, 0.03283802745611806, -0.03834254991086682, -0.05247871282541958, -0.06636065982834616, -0.0067385322260490235, 0.026161043565311824, -0.03307307602367878, 0.010506755835477083, 0.039755972316661406, -0.011278224177722599, 0.01520603995296652, 0.05866154988023559, 0.013528921816052761, -0.043779086326088804, -0.06549937213861742, 0.07262772548361633, 0.12097791906535356, 0.006664560437581638, -0.05593197353466686, 0.07108034841761855, 0.045660648888838175, -0.031543989444199796, 0.013542934244091564, 0.026242469062014547, 0.011439402858736635, 0.007020124069508312, 0.013431057380006075, 0.0417446622652339, -0.027976667753627716, -0.0346190559544696, -0.005004821555204719, -0.06607373234944013, -0.082607730731262, 0.0021016349621291027, -0.008803217237835365, 0.02895057759576242, 0.08634460457327144, -0.044787341595692615, -0.03318413080752298, 0.08674186361935107, -0.024663343162841512, -0.02951780757394143, 0.03580827275588395, -0.029404885015423845, -0.06883693322947604, 0.0804449718816905, 0.0763200887040024, -0.01985950871237376, -0.0010303784889358234], [-0.10623679189814163, 0.7356753602461251, -0.08344520320707137, -0.23134671939711976, 0.04550774392105515, -0.06302031684440475, -0.021006737818051777, -0.021309682429068503, 0.0064870905683749305, 0.027243412044375404, 0.22323591597206485, -0.04147916345157432, 0.08720476777299101, 0.05076870121304463, 0.06143541325667164, -0.008971609426307169, 0.002574917369719092, 0.007098708033958225, 0.008997163242738547, -0.010603173631464444, -0.048256839208785623, 0.010178602100844527, 0.02020212987898288, 0.0002603268224481575, 0.0059987808200511646, 0.01047109616477828, -0.015547151407550577, -0.02080597274175641, 0.007806912707560726, -0.005776868848910263, 0.12099957603386476, -0.046104166960656286, 0.02813012585673296, 0.036756582046014695, -0.03200916811323247, -0.016133060749297823, 0.07429440084350598, -0.04480740662731359, -0.04773133196101371, 0.023445411172200822, 0.12339376988135661, -0.020254481579181582, -0.027680526848886132, -0.07492778459605097, -0.048043198251996065, -0.06245327884471052, 0.04929668836395122, -0.03602015602320798, 0.019449419065065844, -0.03198919435454627, 0.031119177205370864, -0.08144103581845948, -0.013271085820825701, 0.014551409640504652, 0.0369840310095059, -0.07388741528687987, -0.03324872448831511, -0.015700661734242963, -0.014195576026188723, 0.07168936198793331, 0.014238825585918932, 0.018006677386666226, 0.03215083090482154, -0.040963836156044764, -0.07377264286308893, 0.04194015875560446, -0.015284933384697502, 0.013290544302501017, -0.012426410455352466, 0.008350740291877662, 0.05773231515167939, -0.09682081137516693, -0.05878031513435542, -0.006313007967354699, 0.048604062060077294, 0.04366926148132211, -0.02842934527973399, 0.0373637341114078, 0.07470601526833985, 0.01743068834922892, 0.019136908822767574, 0.04739200172472295, 0.10821574059235166, 0.0008220286362041179, -0.016292006524727367, -0.11682419076718897, -0.007131016868497244, 0.00808833253848852, -0.023041070892709577, 0.06488516077711143, -0.03891761304912849, -0.07110413331100804, 0.040917575695338326, -0.006107460913836479, 0.00019098128209220968, -0.009509403208799585, -0.0011673419591374504, 0.053442957324902784, -0.027893604444234762, -0.04633170573411737, 0.028573088280774626, 0.07881723651610661, 0.025550455782396085, 0.026861297671642165, 0.09626592676244693, 0.07048319478833111, 0.0032160204367836847, -0.03621272669549237, 0.046060665448216895, -0.07839557070690263, 0.010619328754821399, -0.01527594506021187, -0.020262455990655154, -0.05233837346947436, 0.13978823609005558, 0.10841179743767676, 0.00400235826929936, 0.015395776002794946, -0.055843415207829324, -0.06865049550913185, 0.008074627326745779, -0.010706617654384337], [0.09310721369146975, -0.08344520320707137, 0.5190585727646758, -0.20440257631747433, 0.0003964390244831578, -0.030977039157745925, -0.03865671888591286, -0.0417349725646428, -0.008470602677225122, -0.0876921260049812, 0.06082902494634799, 0.10079881806693876, -0.033909357361812796, 0.07953393988450029, -0.017513101862171913, 0.016973996875238744, 0.03452027172038397, 0.033661697075534396, 0.014624246678103425, -0.009133805555364409, 0.02171852895202673, 0.008838747962058975, 0.010165682809527815, -0.0007569320342842307, -0.0042970059452619004, -0.0029539916627417907, 0.028664744886468883, 0.00460053421144228, -0.032361588193568706, -0.028953322693570725, 0.02778921957123881, 0.07366424051667661, -0.03942860844217297, -0.05687245831415217, 0.03164273067261041, 0.03496111169592195, -0.033526725624220426, -0.04811268044625241, -0.0013001007785687223, 0.0011142652846937316, -0.010788896798339827, -0.039404268592422374, -0.013812784918335834, 0.06435825469239201, -0.05472343953807299, -0.03253998844629244, 0.024661261402463077, -0.03567176440248175, 0.013833619733063195, 0.017639852242312022, -0.026461231374338114, -0.013703278688014969, 0.02502035687183014, -0.02469382104980764, -0.02590945861565832, 0.025507812841100094, 0.01827722827772443, -0.044088078385520604, -0.011177453886309623, 0.032011458477218216, -0.03802858106767514, -0.036236702205624284, -0.008801961565325372, 0.05278195075668968, 0.04457478805783877, -0.022307207479883396, 0.07096866338938139, 0.06519082178031502, 0.015997829612240638, -0.0365317014569384, -0.05245226617810008, -0.09139185987768153, -0.0397465363577348, -0.03209816880881426, 0.06462006735074713, 0.00854461128094658, -0.008949104346466542, -0.04795806630499319, 0.049662175046521956, -0.055233017551540385, 0.026013223887910563, 0.1384946554078647, -0.03803975958161932, -0.007713404519415726, 0.00933355825013682, 0.07386820936241162, 0.011498306124139384, -0.045674429356895606, -0.07681741440143058, 0.022662579797494628, -0.0009586171746567968, 0.015210358563569714, 0.0030111839058946707, -0.000640327863896441, -0.0022740763554610793, 0.02363817618276898, -0.028112799889908224, -0.0034883527445650447, 0.03599694534183215, 0.021141838722108747, -0.027665118876645835, -0.04211632994035274, 0.006622309738146834, 0.04768517726828509, -0.11878133571730128, -0.04819642076485804, 0.0037317178218520012, -0.055312792147482644, -0.0057874070049763774, 0.01037922817637006, 0.01452797885046981, -0.002426349275492552, 0.0013616996483752557, -0.004243495671203324, 0.0008927141224688528, -0.06483214727782056, -0.027224369131328297, 0.0619058259651742, -0.015190447406803169, 0.02191369429815934, -0.0015539070505685378, 0.0006711269709633752], [0.07789610858223198, -0.23134671939711976, -0.20440257631747433, 0.607511410788695, 0.007969337686060833, -0.0034136527358697277, -0.04441288563291419, 0.07815345480630427, 0.0061420063596796595, 0.05161777504332679, -0.27479201097351735, -0.10224749148877833, 0.01169310001503934, -0.1025833228035642, -0.008720294108798182, -0.013863910658851345, -0.03217026999132808, -0.008425674836690118, -0.02569536970780391, -0.007325837619075188, 0.01679344800750811, -0.012865962139133642, -0.0067907703168792796, -0.0037305123500350292, 0.01301087011542431, -0.013755489130259575, -0.03621713999716321, 0.018614765713280253, 0.0187483015095496, 0.018424701717608467, -0.07849603044003745, -0.011986467746954598, 0.02252049891528525, -0.003019709585519936, 0.07829620333054765, -0.00016923295064326702, -0.008343718567392794, 0.02177649530185496, 0.031022834712923348, -0.004007685354073004, -0.036009304400826135, 0.036971365412350035, 0.02699205655196021, 0.07859262980290385, -0.010643194140554152, 0.027865765925447285, 0.024311967287069535, 0.04297834522693423, -0.04374550564431733, 0.03636877816352307, -0.02716693327653404, 0.06318254639803299, -0.03943199270868431, -0.015065774292986044, 0.0064402578533197695, 0.030092886159821846, 0.000416064303755663, 0.05796481328776907, 0.019587010171804153, -0.04860682118351329, 0.023788078866698974, 0.036119698631735794, 0.0170636687479001, -0.02804399017231256, -0.12345789227713747, -0.002345542423833596, -0.022532440896829854, -0.05263589803344732, -0.011936238209447541, -0.0001341694052279447, 0.008427411458700237, 0.05095475538077551, 0.03330523006882188, 0.07407577431382394, 0.012804513491493582, 0.06522117795794101, -0.05067842102678875, 0.010342641891160709, -0.0073663832285983935, 0.0047719458496693875, -0.011098847548143203, -0.05501522621294748, 0.0040096785913109195, 0.004820454909327268, -0.011308899035420114, -0.002762633814153476, -0.06932028735590962, 0.00989922322861987, 0.02334812692782536, 0.06686931003298274, -0.017406735479384913, 0.0029899817841481774, -0.05073076952734727, 0.023734042609747746, 0.032494285451928034, -0.039148936781494316, 0.0008088549863007541, 0.018838325443401388, -8.111365928168126e-05, 0.04771430384491741, 0.0591846834422162, 0.03261779780879666, -0.02700034877759738, -0.15321717267040647, 0.0739346575388056, -0.09102088817565022, -0.015330043380068336, 0.025039666663622877, 0.019672897565725125, -0.01393272155418604, -0.0081956025791585, 0.08250933768567326, -0.00814330697010988, 0.019804737792219192, -0.043480130568421684, -0.09351038042611384, 0.017698570444970665, -0.051086736524570506, -0.037869926378952146, 0.004537925457385004, 0.004089409868427164, 0.007179879352584634], [-0.01989725627910359, 0.04550774392105515, 0.0003964390244831578, 0.007969337686060833, 0.8818969242884904, 0.010789999823684471, -0.1042381871423023, -0.052362185494725676, 0.012676940175928388, 0.017038678146052956, -0.02516329852754966, 0.03445565545654037, 0.030365242908312655, 0.05927981921177506, 0.06737616919979583, -0.003057507035660037, -0.007494086378086267, -0.013362944618859195, -0.0006818175810375195, -0.016755517636316865, 0.036123861316918936, 0.030045279411848903, 0.00020119996377344172, -0.00025416956009725856, -0.030863888439767617, -0.014810665970041685, -0.010340356448121625, -0.029225701632109753, -0.031229866413341217, -0.004175549237568904, 0.057272104502547, -0.007283776118098835, 0.04216813904726305, -0.020222027597785984, -0.03767980522807221, -0.034912123574770686, -0.0261285331780379, 0.023805377990517573, -0.009529167299425654, 0.00548170941287647, -0.009021330391311193, -0.02092992949770185, 0.025232573453038115, 0.06456153380789419, -0.05311105453707068, 0.00024400294641689475, 0.028668757569050206, 0.08111803389474435, -0.027554858343267232, -0.0003244836478810302, 0.059214148278117724, -0.023512749608101693, -0.012118797687414464, -0.01914006340672916, -0.06268990579669435, 0.08085542719986145, -0.005704180759986573, -0.0728571773531511, -0.0063270863484353795, 0.0084713850136051, 0.09144018190327959, -0.02565868173173522, 0.03305410186583838, 0.02390548641324169, 0.051780052014374744, -0.027460858936784686, 0.07957417569418172, -0.0063643777325658075, 0.010902302604927269, 0.002969337587135483, 0.016118625760085225, -0.046097448942189284, 0.1108988324507994, -0.03483507448248817, -0.029065849974914272, -0.021147266571268246, -0.08418645927752572, 0.03531506392146807, 0.021170407313845185, -0.07622366385553567, -0.06181402785288859, 0.04354771008427607, -0.0056504099463210306, -0.02881837593312443, 0.030276759091093102, -0.13752086453804171, -0.015740582124845543, -0.024024541099558885, -0.05409876310017853, 0.008982710371684324, 0.04594244485306799, 0.03748421550020204, -0.0007065477427120327, 0.06658460313350037, -0.056352686197782255, 0.015546251084805493, -0.05183640127155567, -0.021780312175190688, -0.02646839553137869, -0.018740790195820124, -0.021959923924483055, -0.04995365327882044, -0.01511648777539469, -0.02985820534462158, -0.07671395479849467, -0.01596544222552254, 0.025273137928324307, -0.03016276552268881, 0.01647116207650994, 0.01050504771934596, -0.007962993756924568, -0.02389555843591986, 0.06261495623672993, -0.002591673520935799, 0.04819164373426247, -0.06619329847646828, -0.05455368693692027, 0.006729819761222526, 0.039195629505912113, -0.10512499100498493, -0.0003119112157363914, -0.002159724490776808], [-0.00541787529009124, -0.06302031684440475, -0.030977039157745925, -0.0034136527358697277, 0.010789999823684471, 0.5108938819784482, 0.07357700190103453, -0.0006159629260581, -0.010978624176968505, -0.13874969614026633, 0.06918809728769883, -0.02051469124631988, -0.05149179654515038, -0.03864479255850164, -0.07784352016759657, 0.013686659413373058, 0.034050922399706446, 0.0020970684172027013, -0.005505426625878711, 0.03082213611392298, 0.03399890862415805, 0.029152887419826263, 0.000983539436218611, -0.006672698887359535, 0.010116337859310414, 0.029800511220405456, 0.03527762595598402, 0.014493711726042505, 0.00013579073605761, -0.011659677570066048, -0.04990023728232685, 0.010783300361303589, -0.004475801785801007, 0.006730203689722425, 0.0043174471741035, -0.020538260166157913, -0.008026847122568483, 0.041982774350759554, 0.024515604095549398, -0.06504716912138443, -0.06964454277668736, -0.06153151857772725, -0.005114099977609822, 0.006221357025662548, 0.03331089724649675, 0.017321597584864897, -0.008635153552594008, 0.03249216506883833, -0.007407915311989836, 0.02365860913286199, -0.005646675399268193, 0.0028425703832415782, 0.011339249492652675, 0.036764679097722505, -0.0996388833525597, 0.021713146037879744, 0.009278924802713393, 0.023101195525903746, 0.08335007492720083, -0.03084411410880893, 0.022251241794093896, 0.07180891563160532, -0.0580407365834205, -0.0047770365556024895, 0.03685609924767896, -0.030447596574024485, -0.03257934835781251, -0.03145162440960811, 0.042145855034138244, -0.038614170852299116, 0.009936708327633862, 0.01207146621408212, 0.030831765404263117, -0.028684908749247378, -0.10950230754529797, 0.013871438463308638, 0.0010735499545780906, -0.03082656240164091, -0.023710140897324004, -0.008539067451671805, 0.000604452240257359, -0.00011359065711830611, -0.02223635053054215, 0.01475424108835886, -0.04362899239160555, 0.04913952705439386, 0.05591867746359222, 0.01905719581218206, 0.03306318111431639, -0.018404783147956575, 0.0013614596660227443, 0.02703570742175398, 0.008546765972197673, 0.05005749407290506, 0.029203008077934633, 0.008454226584667646, -0.05065656632111624, 0.015430952379243745, -0.009266359471003089, 0.011300194380925688, -0.02639807285229443, -0.03938779916589947, -0.03790466979756608, -0.03162154697741121, 0.010032201115245588, 0.010645019803072342, -0.011436000794954328, -0.016024652266668167, 0.011818162488819148, 0.031686882626269515, 0.04534651982563982, 0.021804905322089004, 0.006835829312454633, 0.033606382397784434, -0.07979305258355886, 0.07009952930652044, 0.03822711039869263, -0.046982043413341695, 0.05830442239572942, -0.05306388745750876, -0.010322363885382414, 0.0024738412458534267], [0.05511755319743924, -0.021006737818051777, -0.03865671888591286, -0.04441288563291419, -0.1042381871423023, 0.07357700190103453, 0.9851045771907275, -0.04866033955007794, -0.012500805930007497, -0.08627426381382061, 0.04404901214844151, -0.022389546296282297, -0.06998484366914924, -0.010845756183650605, -0.0045294905424052255, 0.0010739729693919487, -0.03553546746480548, -0.03567197918956571, -0.002219684819926179, 0.027932365446707352, 0.0035216153923822617, 0.009043912346621255, 0.015031307028879611, 0.008015985760102902, -0.022998954912392663, 0.04527276685715805, 0.037974332300578624, -0.006066436605695484, 0.015477803254623328, -0.05129988489210141, -0.01993901993543165, -0.07705678321503577, -0.004081109149152175, 0.06658206388890077, -0.04449205682997394, -0.02595141738037496, -0.07691214879112653, 0.05919746780622278, -0.024926867392588165, -0.009225258502667035, -0.01029921438119834, 0.016635473809421555, -0.027613840761409998, -0.02023735826412184, 0.011411652995720523, -0.0094454120203246, -0.056659307541992124, 0.10642260628591425, -0.01709676371160479, 0.06451842007259184, -0.03266254853793434, -0.026680540699796623, 0.011259667958421657, 0.00740422012881603, 0.08950573482797347, -0.02046888264432543, -0.0441996683277743, -0.03440827117204065, 0.03380467572677679, -0.011117746289789815, -0.005820845844860282, -0.04687420752812255, 0.015497454686469514, 0.025096987237755955, 0.09108741995460468, -0.00878119851304211, 0.013029313064833289, 0.03014881874344626, 0.051358963677059104, 0.06473114766893567, -0.01733793282868961, 0.019801114392835144, 0.03269995251323428, 0.05105675567309911, -0.024674469505073217, -0.043926757454783104, 0.05309362390430141, -0.007851587143087787, -0.048612775746209196, -0.03311047404628899, 0.07507462414315454, 0.006326878697625118, 0.007589412604341809, 0.012948912321306946, 0.0038612469973830863, 0.048933094421712904, 0.054609969015894266, -0.029619824374116633, 0.06843852516434369, -0.029239663683981683, -0.05118637023969878, 0.04630212903139405, 0.10880425124240302, -0.061637237045398696, 0.014398257678494317, 0.009770810935635102, 0.10075521719050441, 0.11699406232730249, -0.008485105632734894, -0.017638843914939983, -0.11514380740325851, 0.027593416230438653, 0.03582350000542287, 0.06063170420982587, 0.09328736769902299, 0.03714183770245811, 0.007515117446665524, -0.06559694564715071, 0.044630418840658, -0.017950405647092577, 0.03629102309414977, -0.08352504384574293, 0.011887303934157068, 0.05833879199055786, 0.053422323885251775, 0.03421640664169272, 0.004648786143067218, -0.05352808380912917, 0.04368547715257862, -0.06582485285053147, -0.0064880824465244165, 0.000997240572953445], [-0.06297581419382108, -0.021309682429068503, -0.0417349725646428, 0.07815345480630427, -0.052362185494725676, -0.0006159629260581, -0.04866033955007794, 0.9087509107473442, 0.004528300473483165, 0.04327210464742415, -0.026761806184185388, -0.010907452392831503, 0.07659433321151697, -0.08183327613299417, 0.004459332409485765, -0.00041150732283027524, -0.005017479471225265, 0.02383596398096386, 0.014964368148957147, -0.024757782801797405, 0.0110426767597663, -0.010215335458260501, 0.04823589346016589, 0.015838307269927725, 0.0485146418773929, -0.006711227163299275, -0.0009905212129557137, -0.029424845501148298, 0.024439348821826613, 0.0035357765975784273, 0.09452843530611339, -0.054452988931814585, 0.04706909429278414, 0.03385712005473526, -0.04286914749810663, -0.06762582997055715, 0.07707633582881955, -0.005452284891455876, 0.054153245809915616, 0.03169367012956243, -0.02829923418833203, 0.06276713123850693, -0.012277948788971215, -0.0005810245489747187, 0.05244458781512729, -0.042475667812773815, 0.029388430966982317, -0.010999139625447399, -0.057135033105200385, 0.04754969992300984, -0.04520701525703518, 0.0825245127388679, -0.01943517396789211, 0.02997560546555025, -0.12198046159086516, 0.0344096983926581, -0.001157159319136962, 0.0518936098009924, 0.11289027706358926, 0.015243726317133572, -0.0585675146325439, 0.05845292023692379, -0.008129287280793408, -0.04095389245127891, -0.04991114761948109, -0.03804991441761491, -0.07619529406926474, -0.07815524593323064, 0.009803931328346577, -0.04896657116145278, -0.005910108056185309, 0.04229196089909621, 0.026944591899189817, 0.008259695780326162, 0.013999770817696744, -0.02383114697794934, 0.0047015659645409345, 0.011082179201940727, -0.036548165914286536, 0.020854519746005253, -0.026415661575127834, -0.07167423276881979, -0.021845337464840908, 0.0073765468333151, -0.05353630554651762, 0.0036625077383023123, 0.05778565483301382, -0.018427713310596918, 0.030949174957467712, -0.05732435154689783, 0.013155766911622013, 0.036552210985000944, -0.10215211481419656, 0.012384728563806372, 0.0534368362628388, -0.03696585419556129, 0.0027742810151660767, 0.012497848599026763, -0.06993898190376285, -0.031755594596299314, 0.05659387436894935, -0.04928574212632114, 0.00534961286415805, -0.0684171111795177, 0.031034455817847063, 0.009212539525423636, 0.03820269816961268, -0.08390843412899095, 0.006720890739382479, -0.06171107398518401, 0.11130926998150796, 0.08424306603151974, -0.028694070426261053, 0.008548212030316365, -0.10922162917086206, 0.09119011769105412, -0.07111287221939672, -0.015913851373735365, -0.05545212565050578, -0.04149236677833225, -0.0021797534534574816, 0.008111728419124557], [-0.036503561081219355, 0.0064870905683749305, -0.008470602677225122, 0.0061420063596796595, 0.012676940175928388, -0.010978624176968505, -0.012500805930007497, 0.004528300473483165, 0.0683865406103973, 0.015293395019783983, -0.018271145895586077, -0.00410342482820712, 0.05001111853490315, 0.013058893628372202, 0.0002491981473524012, 0.0002772306540712133, 0.001546276988404761, -0.0008815830028143472, 0.004746179919587365, 0.00469205458822706, -0.015117507867010245, 0.004786611564097111, -0.0038354169213148286, -0.013131300467204076, 0.0007599971601079294, -0.00036486346158867944, -0.0040278643228785545, 0.00169481040034276, -0.0029584685556164276, 0.00032118345746031887, -0.005131666537907148, 0.011022804409911723, 0.002566725143332599, -0.006941211828473912, -0.04108360668618137, -0.006835614735242992, 0.0008337140391913439, -0.01668342050310869, -0.09486625086703177, -0.010759002484143607, -0.01007413892318617, 0.005090074218598773, 0.008635070878476342, 0.0016651910271389073, -0.008911826136800203, 0.004498019091485262, 0.004334279120036168, -0.013179224648423277, 0.009881075776002267, -0.016111044857390053, 0.004868556018364985, 0.010444520057908939, -0.004292525226068982, -0.09908273293602649, 0.01246549436671489, -0.00785202960801859, -0.02734198938107149, -0.0034518068450309332, -0.0018218267896777179, 0.01854436373196984, 0.01343416055678631, 0.011568000007669067, -0.0053240543387389275, -0.004995552915825049, 0.011304698309596337, 0.00542962728447965, -0.01693157977333586, 0.0013072974076847649, -0.0978775730446654, 0.0021523109102035585, 0.009779871245274928, -0.016449830248021, -0.013631910862296025, -0.012154780495486343, -0.020684512574526095, 0.003044623917456721, -0.0034254403330110585, 0.010473119113849051, 0.015240529371551504, -0.026347746911396706, 0.00961460149368144, 0.013169388956760526, 0.015561320242962978, -0.09877175245444739, -0.0238855418967066, -0.0002220433400002733, -0.007472284572259952, 0.012905112113478718, 0.0061287185008818, -0.006452698390928838, 0.020285704051763328, 0.013688870758102994, -0.004643350099140693, 0.016585313287423693, 0.006505031655018529, 0.005021512474092329, -0.003292727819078799, 0.009616578394718505, -0.07654172214379346, -0.03932048241246961, 0.010546080046345444, 0.003254491947864239, 0.005975577135411111, -0.009727373350790084, 0.04131854365342015, -0.011800394886429238, -0.00871842110009471, -0.011062693716469913, 0.02515347784640511, -0.03637156484142489, 0.004279170176179616, -0.01781321283429062, -0.00270149017639002, -0.08311702383326114, 0.017662501658041535, -0.009545602595224911, -0.009544732624832653, 0.002030397044920861, -0.01615781097939898, -0.0020326675282332863, -0.0008567937522145243, 0.00012378132406786613], [0.0077642359999719555, 0.027243412044375404, -0.0876921260049812, 0.05161777504332679, 0.017038678146052956, -0.13874969614026633, -0.08627426381382061, 0.04327210464742415, 0.015293395019783983, 0.54615703330493, -0.13656755203085774, 0.052566110764715276, -0.04439826732351398, 0.03935895842025922, 0.0009316016782821912, 0.02038444478317697, -0.024126356075507862, 0.008468877273775405, -0.00584965372022298, -0.005875017898759284, -0.010555720950393825, 0.029686419259389685, -0.02969735284029134, 0.014564969785197068, 0.04360981820796087, 0.0031981834422986875, -0.0014334875363706723, 0.011034783631802667, -0.008526990185616914, 0.019958266840752338, -0.04328719413280511, -0.0697483184496426, 0.03544431922169536, 0.012481665358227683, 0.015227677645504058, -0.07828649536312975, 0.08691137016307755, -0.016000257369234192, 0.004217728999202922, -0.09368220738220585, -0.04092690530805762, 0.011191313299419853, 0.04693727205331918, -0.034906738270827985, 0.008454496551531418, 0.015971184938204104, -0.021865283591793228, -0.03156395324838591, -0.016804174843499328, -0.05599653741769243, -0.04447279606214342, 0.03493040868150077, -0.04317165314588077, 0.008667598514474443, -0.016626220231118195, -0.032378114353427, -0.0031178786272823963, -0.0034566328992038514, 0.0001700619863819164, -0.0011784173763034003, 0.0066821798263365165, -0.008264278616365582, 0.02383034564908661, 0.013719591515340862, -0.03141742570060493, -0.08104374812584517, -0.03548337484078828, -0.09721315169183424, -0.007296459709362756, -0.07986079626058644, -0.014804538642713092, 0.015618795382727488, -0.028673193407139554, 0.051172985079678386, 0.0343815501252438, 0.008186238126960623, -0.02313647845446824, 0.0044395895975632045, 0.03645044567954706, 0.03229068921718943, -0.0969809078161098, 0.05765650079553115, 0.036068500494256056, -0.00177706581276208, -0.05745810741331458, -0.09658915158815429, -0.03662098028510985, 0.06368729600777648, -0.004557983378193549, 0.062035818179906645, 0.029199339211115154, -0.023882947308158747, 0.0425375377631967, -0.04236174931690068, -0.03326359083189925, -0.029109488910124347, 0.007929007498254152, -0.07466065619387355, 0.03455208571775689, -0.03486701822523186, -0.011753840527553515, 0.04662517866120892, 0.009708976754001591, -0.00406861727465583, 0.0061546395261466895, 0.036231953886971334, 0.026272584599639225, 0.02712385869260946, -0.026653514531477226, 0.03171780863961402, -0.028833052011676692, 0.0028733236949585873, 0.0022006958094677865, 0.006469711272651706, -0.06215785284280297, -0.04019135409237676, 0.0382818477607557, -0.031093456603609872, -0.0065866406667862525, 0.03048544205560282, 0.0005316141715895475, 0.012651101629878979], [0.18772196815532863, 0.22323591597206485, 0.06082902494634799, -0.27479201097351735, -0.02516329852754966, 0.06918809728769883, 0.04404901214844151, -0.026761806184185388, -0.018271145895586077, -0.13656755203085774, 0.6673899953942547, 0.08297081625675787, -0.015939971123769863, -0.07344762670982763, -0.00415228737155291, -0.004644203636691581, 0.02765026896136023, -0.021902716744243354, 0.0005860596514650996, 0.02630114862225614, -0.020079269687634377, 0.0018727402567228837, 0.02846542756701448, -0.002457141177596475, -0.0034720306081096734, 0.01338135479529065, 0.03315057700113558, 0.006266474587219598, 0.0013318268937758196, -0.021680564361353464, 0.1490520663469001, 0.031058528629709807, 0.026158151688257122, -0.06077256416901596, -0.06048531784444024, 0.02793162899433779, -0.010483197139681903, -0.038486230442269724, -0.02121682813268613, -0.02375296997802951, 0.04109346606648517, -0.0490629370542565, -0.023470568898230803, -0.043171451874065965, 0.05393395751173304, -0.009318489448336888, 0.04473412066477375, -0.0038238662534366206, -0.060518380681501976, 0.006377741329546193, 0.02326695504662265, -0.11795017882969323, 0.03342351494509917, 0.003340327513677807, -0.04501465849156617, -0.13453165023625485, 0.02850153302496399, -0.032962792191782886, 0.0545147188125634, 0.03148472213552998, 0.06901152858232952, 0.04369787575846196, -0.0057328172987375255, -0.1009436496631609, 0.026958843748801205, 0.04418116045938773, 0.04693161464300626, 0.008859819675241467, 0.011315381356893956, -0.02483914371059488, -0.05113045639486735, -0.05880150147471118, -0.024885993775172345, -0.0514066878496503, -0.09041313809295588, -0.06071095619125007, 0.034263822278934854, 0.016968632370357943, -0.09639351173318822, -0.055193357596007776, 0.05046146270134889, 0.10212636994991484, 0.030900910604698566, -0.031205063075417, -0.04428990736318286, -0.16073937933078863, 0.011913169852803723, -0.030847319466582483, 0.0694615463481177, -0.08537978070096386, 0.02802579510289036, 0.031339613846784894, 0.07788376878359908, -0.04633822006332612, -0.06877576417123, 0.0075306042090903845, 0.0141294773706889, 0.03816720874448645, -0.034884546533187274, -0.1206058115569687, -0.029397818858585653, -0.011984333033804724, -0.10266982474885752, 0.09405201560743415, -0.00784241193176275, 0.08442893350576237, 0.07749129937134216, -0.08168365052115996, 0.005681272711997767, 0.020253844058042522, -0.001938359956176197, -0.05476693400613794, 0.03750870725758103, -0.04376430314993195, 0.0399321864123486, 0.12934851792226706, -0.011438869176309187, 0.03566621356584436, -0.010836612476934562, 0.02034985477664638, -0.009536014123954092, -0.015333463940957064], [0.05904306151958662, -0.04147916345157432, 0.10079881806693876, -0.10224749148877833, 0.03445565545654037, -0.02051469124631988, -0.022389546296282297, -0.010907452392831503, -0.00410342482820712, 0.052566110764715276, 0.08297081625675787, 0.8451057068593547, -0.09469832880340855, -0.03803701414017964, 0.07581170644751632, 0.03218554919479971, 0.0190022502781029, -0.007828917782595342, -0.018145811994434283, 0.007124785020366086, 0.0008314056410361166, 0.018531026279148922, 0.01719753449843042, -0.003221494082176894, 0.0028073295473850816, -0.005311297322402195, -0.0006406758739987885, 0.011715427653576076, -0.014531909651704849, 0.0012588282101707736, -0.08487492817988006, 0.050408903978324, -0.04240818454643595, 0.0007259820481468817, -0.0688251403671386, -0.02547165706087444, -0.0809632450986981, -0.1024623326542493, -0.028969052525412202, -0.022064154448766304, -0.05643281743199673, -0.018385705129444478, 0.021020212825579265, -0.0649798520830433, -0.009086583254643635, 0.00339337324933052, -0.02625999880421108, -0.02853588674846538, 0.011841977620860079, 0.0792357206146509, -0.011235997271707451, 0.07377202002839979, -0.028203984494537707, 0.002351292317762951, 0.04962626499086249, -0.05072643872320619, 0.03400700986590754, -0.029879073242074627, 0.055327357901051456, 0.0063884831024651955, -0.022365878868239823, -0.030581231514598493, 0.02956143760160833, 0.012980913483632174, 0.011807282132373653, -0.04293794220188331, -0.0035256400933561935, 0.024930484337148694, 0.040331707875179465, -0.041775973345834494, -0.05255813164938819, -0.07616667093396558, 0.10673102334030123, 0.06633181499352957, -0.004278249327317798, 0.03326500249271332, -0.0646093023070539, -0.023622461759341188, 0.015036241512643204, -0.07336282909217917, 0.008603270459653154, 0.15943687127061149, 0.08336798078576886, -0.029288834955807617, -0.008122307174582153, -0.0075382134696148646, -0.10311037258624005, -0.022601918148223342, 0.05950314627175686, -0.026563926853793454, -0.05862760525841261, -0.0677667388804294, 0.11547106744992676, -0.06176577212214364, -0.13841695419021077, 0.028585182261166575, -0.01853739816952589, -0.048165265359333145, 0.008899584270594972, -0.05075682489065256, -0.016650552660574903, -0.12777458744144982, -0.033491890510097676, -0.1041750093145438, -0.022316550547065772, -0.04569119738250461, 0.0044433460632083656, 0.009670492585554937, 0.026262427014158575, 0.04557519483796946, -0.024182741656289253, -0.05239435291758608, -0.020430976286097403, -0.0004829475499180439, -0.06508284320147194, -0.03364971364366271, -0.09113450963809507, 0.03820605520363967, -0.03606589074271576, -0.050042701044884945, 0.00766989083490792, 0.0148210612810011], [-0.05084637064325947, 0.08720476777299101, -0.033909357361812796, 0.01169310001503934, 0.030365242908312655, -0.05149179654515038, -0.06998484366914924, 0.07659433321151697, 0.05001111853490315, -0.04439826732351398, -0.015939971123769863, -0.09469832880340855, 0.8081916593960782, 0.013989552661807708, 0.12397680172919692, -0.012875840420636246, -0.00942384249192371, -0.012131197143710878, -0.00586674430894497, 0.004872955962923121, -0.032793594894584416, 0.002915298755410458, 0.004047176736559514, -0.0009711974708683738, 0.014803729126912881, -0.00431921122192124, -0.03913513414463801, -0.015688676191732875, 0.012936971175957119, 0.0005091031090823551, 0.11119459978524202, 0.024230504735338224, 0.03401627015834657, 0.003209754369712495, 0.032555111977537195, -0.018141270453656835, -0.045643009870609895, -0.07010069445840993, -0.046805514653314464, 0.019499380701383788, 0.03296345607250221, -0.012181565822506662, -0.07673294200790902, 0.024052523068343285, -0.15934030406681002, -0.01103752576554519, 0.0320841759437026, -0.037165153016278436, 0.09012660255005091, -0.05317059325812248, 0.06915560762944642, -0.054085142509065195, 0.009643249401968826, -0.06327503283291677, -0.11542073583628058, 0.004393807255730645, 0.03885576781739945, -0.10048041917068753, -0.09453903052589348, 0.01770537491041226, 0.019048480313814037, 0.001808749095995956, -0.01734387654954647, 0.00929616429811214, 0.0009357246759614768, 0.05875614409268824, -0.06474849460290061, 0.07889252856493884, -0.08899961969258854, 0.011948242767721618, -0.029158874007584153, -0.06973349863828224, -0.039375671483820755, 0.022146707765908647, 0.01748825510774884, 0.020833870966667407, 0.024829078336014658, 0.045565659834322106, 0.00409689387077508, 0.09809233249927374, 0.048994544941169185, 0.10622103713343424, 0.019180878333350308, -0.08336385457662446, -0.05585241751123115, -0.043342683712834895, 0.09513509544682884, -0.00960734714264066, -0.10389317077760987, -0.0992767664690207, -0.022451197408624602, 0.02940652805247132, 0.03861730366486243, -0.012414517719613327, -0.0028923298414145586, -0.06662808664901652, 0.054496496250069894, -0.04509236636132866, -0.09612291863049394, -0.09420084688132373, 0.06788516108623069, -0.032548007489799906, 0.1479339891064363, -0.08701240545040058, -0.09382079837407743, 0.010834739484664601, 0.009924224288190193, -0.04368559901674511, 0.059161764592735144, -0.05294626362679478, -0.00977688786912259, -0.007771107948693499, 0.06229237747994696, -0.05052395030528247, 0.018826631475896468, -0.002691809817052779, -0.05564910558644008, -0.12724122427519066, -0.017286283520707844, -0.050896007485447994, 0.005145307242699951, 0.003973202129108422], [0.09371592941682443, 0.05076870121304463, 0.07953393988450029, -0.1025833228035642, 0.05927981921177506, -0.03864479255850164, -0.010845756183650605, -0.08183327613299417, 0.013058893628372202, 0.03935895842025922, -0.07344762670982763, -0.03803701414017964, 0.013989552661807708, 0.4844496074160634, 0.28334057021176606, -0.0054787231513086215, -0.014222290094794855, -0.002847702351134439, 0.017338025716172198, -0.013243235226794665, -0.0026451822974845386, 0.011121789868475404, -0.0313710887681879, 0.0015404124774145375, -0.012391301439591811, 0.0017469059205537654, -0.02797389020464231, -0.004064141574965316, -0.032120574859568624, -0.014878337145976027, 0.0681283192994986, 0.03549428661890335, 0.0059080027901490815, -0.06901852879556082, 0.028060541400482003, -0.06250640646339085, 0.037780944907255753, -0.04535232861221939, -0.04026445256351836, 0.036974709493357454, 0.037979480696142216, -0.03705383929383999, -0.0033606368446135243, -0.0016751548217971708, -0.014032437351485136, -0.04161346479241115, -0.01373185619141675, 0.04764075124179154, 0.026521709774367505, 0.04893078497664388, 0.0668720643098967, -0.0342056301469606, -0.0346473879330091, -0.024916578583353707, 1.3681672292547263e-05, -0.016494028434823647, -0.013939433159774174, -0.023504647120539457, -0.09403388677496323, 0.06435109313802627, 0.0018183128065966795, -0.0051787565655080445, 0.06697467378853379, 0.0028821983915627808, 0.030399402093327622, -0.02538817568491502, -0.015072524905190897, 0.049686196606850995, -0.025025297564555217, 0.03914505616379725, -0.008485874604612835, -0.07690273644501809, -0.04236856167139926, -0.038187911055556543, 0.06556222939397272, -0.0018698856713642354, -0.00048012167521349435, 0.023574878704290956, 0.021564977635403146, -0.0035530646659909376, -0.018015552004440542, -0.0501404586401315, -0.029991876115238188, 0.015606704852699623, 0.03268504096611619, 0.0023484012932252305, -0.011347629054514516, 0.01607261332997093, -0.02574040793897772, 0.07759437252768571, 0.09982945370468799, -0.0617425032445814, 0.06163707514336972, -0.048139680135980016, -0.004322709422759942, -0.007309877340786579, -0.05216795743040679, -0.06099561647140809, -0.00801313999214292, 0.021724451839162516, -0.015680377108280106, -0.05661649899181094, 0.06576455299649243, 0.054650683018394444, -0.02891429508679425, 0.08221683089028438, 0.007817221454813901, 0.025533665894141248, -0.05993758232098153, 0.029163070132939894, -0.03179755679204789, -0.019498143679049427, 0.05011712093937226, -0.012830765287114871, 0.06587448864163391, -0.03712119123100599, -0.006332659338714898, 0.024568618552815485, 0.06344002676719968, -0.04077983062116636, -0.009096418722851668, 0.0032879896861124835], [0.047603762209140164, 0.06143541325667164, -0.017513101862171913, -0.008720294108798182, 0.06737616919979583, -0.07784352016759657, -0.0045294905424052255, 0.004459332409485765, 0.0002491981473524012, 0.0009316016782821912, -0.00415228737155291, 0.07581170644751632, 0.12397680172919692, 0.28334057021176606, 0.7488868865118846, 0.0005192732983421558, -0.010077131373290712, -0.021362712195369202, -0.0039797067874942, -0.00021267843095912394, -0.014550253926997889, -0.0038337784600442557, 0.006110742243802174, 0.00027242967152679823, 0.0007109760847635895, 0.008883651197526599, -0.017889986492533608, 0.012808500305861904, 0.0010511180998782248, -0.03291228547221009, 0.07274807859886119, 0.01801129239807068, -0.03949412707087023, 0.01667898608726731, -0.043602203906667865, -0.01099577456123208, 0.05678972234449759, -0.01217610684876369, -0.019786780695687983, -0.010383148024686534, 0.059787024459026256, 0.0004858655791306981, -0.008892220716336148, 0.049457948259673215, -0.05362942762367347, -0.02938461349619751, 0.006264309883704727, -0.03147742858175833, 0.07848860841628626, -0.02764079513791083, 0.0783717796158402, -0.00660467438118802, -0.019200584742188855, -0.012874495066448612, 0.017376149047377804, -0.05130290355389191, 0.03717691130651191, 0.005912818276900537, 0.014776206770761012, 0.042944320169079404, -0.02702709826442072, -0.016409570218930875, 0.09886340217109749, -0.04049525506202971, 0.05451061233692983, 0.01899394439077835, 0.0019381252517035113, 0.01529017243346238, -0.008570500760410243, 0.012833984231519909, 0.0019752864990124548, -0.07339482058149689, 0.03719075009539389, 0.15645113407969863, 0.040855586916805, 0.027930560938325327, 0.006387957107580928, 0.017986598474391033, 0.03229778185476284, -0.03967500106423611, -0.008422229394568279, -0.007113839732367779, -0.02268346105874542, 0.031153223860924343, 0.003996566787616677, 0.014511456580952821, 0.021178818204860072, 0.04608885678942358, 0.06924494662707026, 0.06639327567873225, 0.0646618806019853, -0.002735289317608675, 0.04176547449552824, -0.04069626679255501, -0.07111808852210515, -0.05296958385719227, 0.04588795611678303, -0.05162536080434652, 0.012446446012271102, -0.00021825625379167038, 0.022976078230497025, -0.021394443853538232, 0.03498833826841542, -0.092287235074