{"inv_metric": [[0.5166944984923998, -0.26042385335322077, 0.06145387434138837, 0.18790109911150116, 0.004859471837321999, -0.026958465235550996, -0.054534533053470335, -0.01836187305301887, -0.026016890595163183, 0.03616793047198171, -0.06057455615924339, -0.02252741275370259, -0.01604192108520803, 0.02873742007150731, 0.061581739388918096, -0.026512514026390925, 0.010494032921970414, 0.008866484217905566, 0.01670754245933023, 0.02306541889898291, 0.010869901881054522, -0.005222528713873588, -0.003454632035512171, -0.0010933489985226693, 0.051520185602189114, 0.009281523215767638, -0.008737422892906561, 0.014317118713541023, -0.000474072573560623, 0.013275491657281327, -0.13812084086868684, -0.06006299305702739, 0.034777389557237026, 0.04964256570546517, -0.03570484476171652, 0.005286660188729659, -0.008631712340343087, -0.009650878625344065, 0.0034301418745105615, -0.0877116645565136, 0.0007539384169297515, -0.02075587283617634, 0.036168682968636616, -0.022951166708134577, -0.04690815954422094, -0.1234012005806323, -0.12390266834741029, 0.02682330665032453, 0.06729917631167931, -0.010460650632817961, 0.04746912973785493, -0.0025432812533204814, 0.017178628373333067, 0.03648373987591346, -0.02697092416425128, 0.047154488852997056, -0.04587892871166572, -0.01769660426594007, 0.026874840434148402, 0.013412349655464551, -0.1752203524964539, -0.0005927426808525785, -0.003109882419381932, 0.015712436433844932, 0.08809252997145177, 0.03391176685355112, 0.015121968733050726, -0.0656735948128219, 0.04176870762871395, -0.002277049812248699, -0.006506905817404051, -0.054603767006161354, 0.00812860160547519, 0.009998709754153236, -0.02166570436452105, -0.05190312488300207, -0.002745016924102203, -0.02472340796974888, 0.06690146105839147, -0.11080300902130306, 0.03044591157300741, -0.02822713915998358, -0.03333634252201114, 0.005113028351167076, -0.029290654642924848, -0.0007523577046868747, -0.006876001458247108, 0.07125809402594192, -0.10983548309781847, 0.009122172034045096, -0.09299523856246517, -0.11885537017565519, 0.027471731917700845, 0.0321616197300882, 0.04219855365366651, 0.02926235880398248, 0.08978158118520538, 0.0008180998014192743, 0.02021187907095475, 0.00637150418326715, 0.012670085799149931, -0.022162792789711463, -0.0062697510758792695, -0.017814132537889764, -0.007457268067094638, -0.0798854454187634, -0.0833086124014042, 0.05528628789153797, 0.08029163897315103, -0.034669600512543884, 0.014885856872330572, -0.036115354227094505, -0.06213785508111997, 0.0254350776802734, -0.09119636222755467, -0.05535120342668606, -0.06961092438847576, 0.013249181537551535, 0.041606613050804854, -0.026843665328029568, 0.0014567196996025196, -0.002889136643045562], [-0.26042385335322077, 0.5818991256292955, -0.04635488093173573, -0.14905589323826487, 0.031092562965422125, 0.030305513199090306, 0.02693226808056404, -0.007322966934231296, 0.016255042173681348, -0.014316962258625904, 0.04999939541519554, -0.0028967479841084413, 0.047090877227700056, 0.013479962476780207, 0.013313899569847864, 0.0005527668122351428, -0.03278484460911489, -0.0020007813533156724, 0.005750280974295347, -0.003115575772476018, 0.0073504739916677025, -0.005858240866884691, -0.0026815449841579857, -0.0028172412373208494, -0.014342717122140079, -0.003588237020264243, 0.010196007104153589, -0.0058373154105312765, 0.013405222391356884, -0.03598909080199962, -0.002183422911231839, -0.04951370828101378, 0.042646790033029146, 0.007304485724538278, 0.061491884601119325, -0.03817037753589791, 0.053947199059790917, 0.018287230200464365, 0.04494711902651629, 0.07946221076631856, -0.012816057643311785, 0.024766935948171864, 0.009898960462737444, 0.0029520304736214667, -0.09197272523241798, -0.03203942159227253, 0.07792099245229682, -0.018013343901230418, 0.0019387372771786575, -0.02948306543209744, 0.009785201735868679, -0.018698842069358443, -0.016138100020273858, -0.025446946643164506, -0.034169938172802, -0.010969897200809601, 0.02469415646555468, 0.002801433561381152, -0.008854671536824264, -0.009613091174638145, 0.039415186948732035, -0.05033457019032147, 0.05311789095464542, 0.042101126508094895, -0.04009052734926837, 0.011282956957657362, -0.029008790643565582, 0.0428829527762713, -0.028966780177900196, -0.00621298813541546, -0.014027425899409961, -0.007259710925839446, -0.06769223116901638, 0.045322925658169484, 0.056422627969872755, -0.060845361473215766, -0.03194820464785186, 0.06321708910370134, -0.018296527393661364, 0.05545402972197585, -0.02170328738946305, -0.0022200010789774145, 0.043164517553770126, 0.024894469880422897, 0.027470554208663688, -0.00797815246823588, 0.044148687493409444, -0.025761795224741268, 0.04564941820542235, -0.017956852464266607, -0.03802013409025541, 0.04462989596220619, 0.0611195894566718, 0.03157168217155942, -0.0020246873988293617, 0.011849651372428417, -0.07388366727595853, -0.028276551810402433, -0.006100312139641522, 0.024058136772451336, -0.010164879120738006, 0.010032810672317581, 0.026549542079932625, 0.057669087840694785, 0.018123436650379788, -0.02748339172357692, -0.026043479694577543, 0.0014380454058187497, 0.007097767968534971, -0.042716421463212764, -0.003478791830130068, 0.0019670049507543833, 0.019537678764927655, -7.670349449768218e-05, 0.051097602565431874, 0.02528990058325116, 0.045753178403441994, 0.06043172051264861, -0.01987916969960536, -5.3830133784609406e-05, -0.0024631139534741064, 0.004960300813939481], [0.06145387434138837, -0.04635488093173573, 0.3939068436006422, -0.0350639382335627, -0.03762343190287258, -0.045994484809559026, 0.011476548628129342, -0.05205105245274727, -0.004941875353622471, -0.18248366721955553, -0.021129161595102836, -0.07900610636703503, -0.026768319122847977, 0.056757923519067895, 0.08771456249751845, -0.013497584276403305, -0.020009911346876536, -0.011773957950769246, 0.037348227776599865, 0.00394456094653105, 0.005676628366917719, -0.006992702252120083, 0.026653031416038205, 0.0012898245584391102, 0.03780518735923747, -0.010357689213874003, 0.0057298293244764644, -0.022198789908355405, -0.010075110037647866, 0.007755601140670695, -0.015950944400590673, 0.031292843042880436, -0.09084619077806276, 0.012221285155966946, 0.02016765460716763, -0.023667459310902993, 0.0492388001394528, 0.03769202811771648, 0.0172955001236268, -0.05634493714610824, -0.018642054579930303, 0.011797765819928476, 0.025408117721619872, -0.023850754935102747, -0.04541930899498619, -0.003173305756887815, 0.022539015104066917, -0.016717420395189454, 0.019099837774609506, 0.03203564476556036, -0.009211603297388106, -0.02985776120976271, -0.011122625130158598, 0.0021369405333578084, 0.004922742523597876, 0.05678290781818349, 0.02732857393122676, -0.04410714303204424, -0.006584436406528882, 0.04443258226366813, 0.009050815344203352, 0.037622574787333024, -0.014252513521162238, -0.019917950553306796, 0.06669409974575018, -0.050806606484281897, 0.011693251987609687, 0.013279171144684035, 0.0032700953266921883, 0.042848712665121545, 0.0314706925659663, -0.020291008278468067, -0.018150321199411457, 0.0059933787443246745, 0.020594290027462794, -0.0587053505400815, 0.019828807377217362, 0.027829220314053528, -0.04575118603554421, 0.03617556536969711, -0.0418525422264098, -0.027100518639484424, -0.009521482963033023, -0.018042719705413594, -0.057359644502323046, -0.045627974794634873, -0.09900587934145093, 0.0971646636293956, -0.028001472648548437, -0.0015787011350869502, -0.006677813782256088, 0.11331715949616633, -0.13504158704680885, 0.01037436060691609, 0.0558729454339985, -0.02546762160487609, -0.023997110896172506, -0.013327548780597713, 0.003405651055915259, -0.08096300431467725, 0.05222855662090682, 0.02903521266607788, 0.049430681015077665, -0.052264907360769414, -0.055635075683321086, 0.06644360032215924, 0.02129083051724848, -0.11333413919553155, 0.11139635429471607, 0.033348293141518305, 0.014508471038383987, 0.018252556122639832, 0.026145840025529003, 0.0023959857813473915, 0.051967907466280244, -0.030066674990240034, -0.008127716679007304, 0.09731641584075014, 0.019209412991722966, -0.04077862769916533, 0.003615879778478107, -0.0031877748854462714], [0.18790109911150116, -0.14905589323826487, -0.0350639382335627, 0.41238454636996064, 0.022270028266082882, 0.03616894940624721, -0.030686077956049843, 0.09264716289481621, -0.034644221652877255, 0.06473747462302566, -0.02190433057971495, 0.06587581892501995, 0.043146213728422554, -0.08651483137967349, -0.13540709602113055, 0.0208733069598169, 0.04195365244460049, -0.007994122919444627, 0.0021153102485236388, 0.027072035748195177, 0.02130000271791121, 0.0036128650167252287, -0.012104259994965477, -0.004231374610547165, 0.022869273701811157, 0.005409789335472761, -0.007039627293010707, -0.00813765250210789, -0.011030669024209022, 0.018391354313187686, -0.0019944653192492377, 0.054166565947641306, 0.05218329012706412, -0.07266243788569372, -0.02427502172586472, -0.0027849817447513216, 0.03334142868042178, -0.06650541322964593, 0.04105927839708637, 0.01418752215721762, 0.006716084075321023, -0.00654323731685135, -0.09961294678746614, 0.033737302876545666, -0.000905848094587221, 0.04772160125748381, -0.03343225005568702, 0.03839892012899366, -0.06244249560257616, -0.007102903837398479, 0.02418200508207802, 0.07973222151950474, 0.06424633625202064, 0.05445534559428911, -0.013580874180633536, -0.00245594191536485, -0.017052656932124616, -0.02069023166576701, 0.024623089787130886, -0.004203060170653002, -0.045149782759450564, 0.035531570255137104, 0.01870701657459817, -0.0868501430984137, 0.04274220188399936, 0.039126951119747976, 0.025674119869627806, 0.04682899407358932, 0.046490486909057806, -0.022413427399379165, 0.029320695385676682, 0.01963798044598022, -0.004410741146501957, 0.020080526336327544, -0.05749319113202201, 0.106226769227476, 0.03258030336036783, -0.006346834684102567, 0.014848557512652483, -0.06656083903336232, 0.02760774303280077, -0.03751262213764538, 0.06708712004436941, 0.02753541441307249, 0.01999980349820154, 0.017570040434495355, 0.04149625375971933, 0.02502757950396641, -0.031103243001389974, 0.05801770272290774, 0.027741684495992854, -0.017206866400723882, 0.031071191292904653, -0.07485594619437325, 0.014404226968784108, 0.005831104889542911, -0.026504985302553203, 0.03580118104871993, 0.026989198574720725, 0.01943584931604216, -0.03584586165408392, 0.001733173337287289, 0.02491321159801029, 0.03726699056258107, 0.042624624324094494, 0.0811142776344758, -0.010931634922737176, 0.10481950961343571, -0.05721544900568413, -0.06428014406510964, 0.004738843892242606, -0.06102488298029062, -0.050484968249981464, 0.04581596263604025, -0.06984645843762838, -0.02914923602856844, -0.02105044926959869, -0.0504399937684945, 0.018220766441592512, 0.012141066002921046, -0.003509593431952743, 0.0036943858337536665], [0.004859471837321999, 0.031092562965422125, -0.03762343190287258, 0.022270028266082882, 1.0575719966186297, 0.02663974778990006, -0.030064169223653577, 0.009783320199299327, 0.007355222987983985, 0.05086047590452288, -0.019244653929335272, -0.01117655393049513, 0.03258264745430563, 0.008336786056321798, -0.0015558387104470603, -0.03267107793634929, 0.023828482082320183, -0.003936999433267643, 0.022989629720488066, -0.06410277439857237, 0.035963734617490944, 0.04388447805755751, 0.012086797005869324, -0.019775175169338344, -0.021632430494501146, -0.000298556939631327, 0.018636255820928857, 0.013130476096295304, -0.008371734518561387, 0.011592241055946124, 0.09261778921517509, -0.11682996705224714, 0.07970803872478147, 0.10146272979867085, -0.06891017178523143, 0.03404745448985933, -0.06200509718317791, -0.06840259438045145, -0.03603978620125202, 0.023278932068423783, -0.002319913521717963, 0.05812509242065265, -0.08839934304871407, 0.025274692952440867, 0.0024748160954290127, 0.041267141779010696, -0.05132825991719452, 0.025143534681313476, -0.0014645278580659995, 0.020035365591484798, -0.031864783287676376, 0.08933454447511759, -0.045392792879622244, -0.03160587282668111, -0.06762861898659217, 0.032610818984854004, 0.01342221891969606, -0.09347942736981607, -0.01639417523465571, 0.10036639808889024, 0.009875476762218302, 0.004442349556324365, -0.027938799198114886, -0.02712180681023879, -0.01650830400464067, 0.0851788706594312, 0.05799649578231897, -0.07183634528285245, -0.05396453901398931, 0.02868083668139727, 0.06724089161989147, -0.02078631868463889, -0.09452340344901923, 0.01913410456716454, 0.12357632070942223, 0.08483751122858461, 0.020848512943260372, -0.004887935790802083, 0.05473575709188655, -0.10414351569222889, 0.027854689849151758, 0.0015925400475934823, 0.03420946292579702, -0.02527545198734445, -0.0016164669660037447, 0.027490958628400876, 0.08354537506979891, -0.17568500058427883, -0.03799598416036305, -0.05565422274430052, -0.04175274999301925, -0.00874951826590424, 0.038699069693881386, -0.031174187313002852, 0.01734033689155365, 0.006902771753594641, -0.017015706609051152, -0.12253903067271253, -0.007325263558738305, 0.00021010863712969848, 0.07871853790310958, 0.007689923662140749, -0.012483003799412244, -0.01408435970511189, -0.00247111552518792, 0.07250180649420794, -0.09153524851524354, 0.03435682735423656, 0.07778621247198095, 0.04996205424637279, 0.06019655690478159, -0.009107421429190436, 0.10805675383378352, 0.007353334787890548, 0.028276519725755282, 0.0425160416406936, 0.06324739528493432, 0.04882637170105983, -0.08816887319334914, 0.021522042320161767, 0.0009312117061879386, 0.007371571398043035], [-0.026958465235550996, 0.030305513199090306, -0.045994484809559026, 0.03616894940624721, 0.02663974778990006, 0.44724377682284144, 0.03193336547478425, -0.0037225935788117023, -0.005233288301901243, -0.14692109144752455, 0.10895402831299132, 0.03408953485810611, -0.029200920714076307, -0.026215245146076854, -0.04830512011171156, -0.00025544718766548727, 0.022861213324134804, 0.022622602562158818, -0.002065222162334332, 0.0066193711113148, 0.008755533563676731, 0.02435454350314466, -0.014860469603990217, 0.004585649591932003, 0.00659376338595909, 0.010904542314167912, -0.018425609232000106, 0.018803653734048457, 0.01120175864375423, -0.003374311253244399, 0.009686212910737417, -0.02791535170824938, 0.010597117903089162, 0.021158008358322225, 0.00930457842498464, -0.026776173005544125, -0.0002836501563658954, 0.020811922761277555, 0.012480711102961934, 0.019419187139629507, -0.03049795308569733, -0.010648693527338592, 0.011283851972025695, 0.02238275233973616, -0.026403038326140223, -0.0043317895294437405, 0.055913024193346386, -0.025662986244626946, -0.03123410189518896, 0.01844737550311505, -0.0043011533090845855, 0.06848378221704658, 0.041375694151180316, 0.00834713578203944, -0.046360928458516956, -0.01579874887326197, -0.026713338120560728, -0.01240199920431416, 0.02722283274028175, 0.014346307234952886, 0.02112104218597297, -0.011164116441931174, -0.06446090825423607, 0.002255593615202573, -0.03883252090896041, 0.019161654186820913, -0.048118623790364995, 0.053779864310251696, 0.0012702946274997073, -0.04913329036365761, -0.03634673320154603, -0.019442926515671085, -0.016867750952112206, 0.028587152406855863, 0.03199241691761084, 0.0023961226016636426, 0.1193460714962414, -0.0449225072001394, -0.02078716623375678, -0.0818307224671738, -0.014044342374054018, -0.07830375820703474, 0.0058577298158595465, 0.031417915485269045, -0.020674402585402082, 0.015116993329473923, 0.007097637797085065, -0.0006938040386233006, 0.0009518729587994684, -0.0383916169816821, 0.0016398966921542073, 0.07560980706030107, -0.0006639166558480467, -0.021199962634566243, -0.038287812670051095, 0.013650762779956251, -0.04328467498108098, 0.04310197329161315, 0.007430173564106456, 0.03214527209832359, -0.05531999269683402, 0.01902667788858951, -0.015579938202606666, 0.06345324574375366, 0.034888500627029945, 0.025817088260672777, -0.03316363594056413, 0.0008597361021029648, -0.02873819216480332, -0.004721340478572909, 0.029687170357569646, 0.011031250635215109, 0.05663377462577955, 0.0036188833187774006, -0.04372591893142962, -0.014882448425486701, -0.013119364771254652, -0.05192889902752497, 0.01861045574289428, 0.024832457268903995, -0.0018567478666446716, -0.001452790933494907], [-0.054534533053470335, 0.02693226808056404, 0.011476548628129342, -0.030686077956049843, -0.030064169223653577, 0.03193336547478425, 1.0094467341496212, -0.04915161056196669, 0.006263915045504311, -0.004655369927036842, 0.011179543476561188, 0.02129611764903983, -0.042620554776730164, -0.014067959277507256, -0.03515124084226339, 0.0019172064786450564, -0.0029877584874683826, 0.022706061734951412, 0.005120161712076718, -0.013770033108731346, 0.007485873510419006, -0.043061451963323304, -0.0046866812700285644, -0.01084210604576399, 0.0036045015848734877, 0.013751205424196179, -0.015842161477311992, -0.005253561487485105, 0.02044733451091348, 0.014675403509682584, 0.04664537814892895, -0.05477658966628727, -0.020218227837286887, -0.003299241336494944, -0.010467594887584183, 0.012798387406861669, 0.01712191769225196, 0.016797770022805823, 0.016088918607176365, -0.008745231573359973, -0.0031155859181560886, -0.04131049254389413, -0.04727810792503802, 0.08003498963147461, 0.03510080716470843, -0.029371076992509442, -0.0057454537722206826, -0.0977964110719637, 0.0005459528789706799, 0.007720658671883575, 0.025720053198982726, -0.023189177072048386, 0.07595819816038844, 0.0005384126110786724, 0.09209509326057683, 0.003015198958107284, 0.00525823444844588, -0.10394322723029996, 0.04335188967959681, -0.08594939409966032, 0.006851614514222166, -0.005960951808943761, -0.026477471213511516, 0.017976263833838373, -0.11369502743892093, 0.024449490079935035, 0.014596400489963695, 0.028173564624018, -0.005274041031521993, -0.006148243587375942, 0.020352581255634015, -0.020599602761141717, 0.025603741913639594, -0.05854366277055037, -0.13514092921868523, -0.029341326069362867, 0.009601590465306882, 0.00865353917707842, 0.007627320697007185, -0.02801588407063377, -0.053377757518326366, -0.08150795038832896, -0.00809573611327061, -0.0243645161102673, 0.010881396442958212, -0.013505351244615896, -0.04342118363813685, -0.06576082832375803, -0.043123650275480374, -0.10622484923904728, 0.025040757747495004, 0.00898131626875997, -0.058340268487150335, 0.06513602470256805, -0.10436342818061982, 0.012716678096413142, -0.007071378615815835, 0.05177556456878876, 0.0187148427099851, -0.04297143650167704, -0.03615806491063872, 0.006610033350517243, 0.03298950742332592, 0.0019674189236529274, -0.01917989057995086, 0.03457287602046268, 0.05797766199315321, -0.029545598503117342, 0.02814497975362385, 0.04407647727382561, -0.04698760702017508, -0.0344918772383054, -0.010880955250563137, 0.02730198762694792, 0.09032409126225807, -0.06841794863953553, -0.0334765908904753, -0.0353635920413185, 0.061752785551372875, 0.04605220533311873, -0.004340072975815047, -0.0014817156235420236], [-0.01836187305301887, -0.007322966934231296, -0.05205105245274727, 0.09264716289481621, 0.009783320199299327, -0.0037225935788117023, -0.04915161056196669, 1.0132168482430672, -0.023204397709678207, 0.06083260424615328, -0.01803763437237066, 0.01147038946103455, -0.07432137795072379, -0.006559610278577989, -0.012156114667319633, -0.01500607743852224, -0.009507782741492303, -0.03808533717801494, -0.0016144594925778866, 0.004102804430706997, -0.0036203371926540897, 0.03986331306425573, -0.0009837937917036308, 0.00949920883210006, -0.028397381363255713, 0.008829422581268722, -0.014528418064723677, -0.013768410602336132, 0.021542401476791342, -0.008868500281873202, 0.0185745058488277, -0.0022936138195354624, -0.0638229195054812, -0.04777591480781844, -0.05672690649394864, 0.00840031122569805, -0.023506845077649285, 0.0008485815538153987, 0.08566483198406603, 0.07821705051691322, 0.060397724409488755, 0.04045492572676413, -0.042092967150450265, -0.01087121356704282, 0.07050864956773116, 0.0030780517438503915, 0.021789727058467143, -0.026079707166999595, -0.04309967509485017, 0.009767687553107236, 0.015840008387715123, -0.08680215851630989, 0.014769690891264422, 0.06530636466526651, -0.02399697835006542, 0.0009498700929826699, 0.008565678444870637, -0.008157041302682501, 0.026672589248096942, 0.07890455838877, -0.07801756516076908, 0.08841972264961119, 0.0682595619542838, -0.1319937854972981, 0.033369042080289235, -0.053186187015592704, 0.11485106208501068, 0.053451334710831896, 0.055418481997024704, -0.02217570320838782, 0.0341439699475974, -0.021666366999736092, -0.0723999423385155, -0.030458517859291524, -0.022428479312318967, 0.09157248864516405, -0.06739310303694768, 0.04513766159204611, 0.022307835398339068, -0.06582655112416404, -0.07526033136699989, -0.008059579345730773, -0.032884273020731485, 0.06845966860922334, 0.09662780302012876, 0.03624328207930794, 0.08538307302861046, -0.038528912532092036, -0.028032884349535794, 0.013340874687257432, 0.08090545659023804, 0.01328620163185476, 0.003143597425031254, -0.010554790540753103, 0.03717660733748195, -0.010385604146841318, 0.03974371565854588, 0.005308375883032116, 0.05808702717967596, 0.1194921150140653, 0.024179699718328614, 0.0020810734844217424, -0.06515342372158431, 0.0070914163640734985, 0.06673949841869178, 0.019807452929213775, -0.007802336376469106, 0.006808041926897406, 0.020824823196499337, -0.000575939066555183, -0.019664400248473518, -0.14417139783141775, 0.063107711155086, 0.05191518206998441, -0.047433955548779105, 0.024044116132717164, 0.04084803316496369, 0.0457304899638294, -0.09315341424810705, 0.04316093393954135, -0.0026571098202672226, 0.005765403648792676], [-0.026016890595163183, 0.016255042173681348, -0.004941875353622471, -0.034644221652877255, 0.007355222987983985, -0.005233288301901243, 0.006263915045504311, -0.023204397709678207, 0.055383498616202335, -0.0030447732770121803, -0.0016206678479681537, 0.005001673457332408, -0.009264195574832962, 0.0014307631421541578, -0.008122677300903512, 5.038067071625809e-05, -0.0139940314504875, 0.0016558787096463867, -0.002164211960741754, 0.005385863647493979, -0.01028623625852742, -0.0056652712092466456, -0.0029844051581204988, -0.014453267520365326, -0.01782120952657747, 0.0007828236069480813, 0.002583147900905794, -0.0022990554778299552, -0.00023036814447373444, 0.0008031053356970672, -0.00577681187593408, 0.0049035563167061195, -0.011633229901024963, 0.00022481872299289927, 0.017422485356801312, -0.006360600800398722, 0.004612851527173614, -0.017089736640053095, -0.08994341424057112, 0.02362695315776718, 0.012812140494711804, 0.006123315810596365, 0.015643336778026633, 0.00037995316638357113, 0.014074663043621934, -0.0017652080872911687, 0.0009088347393017251, -0.012350403472039117, 0.01858524048824005, 0.008268275970419884, -0.0011207059301590904, -0.011207926599646974, -0.00881670440248352, -0.09340799294916126, 0.016824462629224844, -0.00268329104415313, -0.0005074758011493974, -0.015209059514351832, -0.00780597064128034, -0.01812550864101839, 0.0020643410140340304, -0.012639056933298023, -0.008830993831383697, 0.017917313886911177, -0.003972271560234844, -0.017259475113133124, -0.0018153557195964957, -0.01918011924409314, -0.0956950913975666, -0.000876170733143948, -0.012037124781781587, 0.0015216308892074476, 0.019711646840691332, -0.0077550490845719605, 0.030985647454735938, 0.00822208166261257, 0.001563790445616817, -0.0028919855115744197, 0.004852858604698667, 0.0040706277047751725, 0.006602519982729671, 0.006956269123203002, -0.002774849407940211, -0.0901710724155357, -0.00870986327664841, -0.0016286077971428986, -0.008557269519981626, -0.02725308314259886, 0.0058215068360482234, -0.0037975159109939023, -0.012613850763087504, -0.008508031342981573, 0.004774244513571357, 0.009393194374036023, 0.002786062311178191, 0.007998733723311722, -0.003434247630459975, 0.004429046893388176, -0.07811756389801625, -0.009245498949458562, 0.009630615213721506, -0.002343242555467113, -0.01790250790534161, -0.007576922472642043, -0.0009312516691519993, -0.031422865706019, 0.025778506111558852, -0.012295042971090435, -0.011440537746770221, 0.0008134671642311175, -0.0026701193553697253, 0.018388151756252382, 0.006667907149691175, -0.08656404782748589, 0.024465748699022943, 0.021430356361092657, 0.0008425817277396931, 0.01763835416050184, -0.014375110443154728, 0.007459126864281405, -0.00020800156060297374, 0.0005096680178547182], [0.03616793047198171, -0.014316962258625904, -0.18248366721955553, 0.06473747462302566, 0.05086047590452288, -0.14692109144752455, -0.004655369927036842, 0.06083260424615328, -0.0030447732770121803, 0.6333858070700843, -0.05358600171797816, 0.034873298019028484, -0.054308810547461187, 0.010560126821162308, -0.005936516873584438, 0.013742806558394525, 0.029087774876035637, -0.001351366556762631, -0.008510871090911951, -0.001436709091691736, 0.030956209243258946, 0.007162556282662042, 0.0065783530399764105, -0.014215477933403478, 0.039277325226539345, 0.01596433136405959, -0.03938402416222192, 0.009891738905265426, 0.020364408194264765, 0.002508635804194775, 0.031410677925451685, -0.005085020084721857, 0.01804536716306488, 0.009302892757134772, -0.04669403127787055, -0.022334841149194307, -0.014286885570785713, -0.04269737865305013, -0.013222480823116415, -0.1110123065722391, 0.03297241042548024, -0.009475228412912292, -0.013288065868402671, 0.0005840699779963337, 0.013553810847055618, -0.02189554789565425, 0.05898178643855371, -0.12939028038386902, 0.030818593333217743, -0.002142497383648359, -0.0351178452602897, -0.06649036967248077, -0.06504760454278417, 0.01568201973833716, -0.003845771659556771, -0.01767608684336691, 0.005242058056382892, 0.10506300102986393, 0.03971607468300762, -0.02162932110016412, -0.026965928737572607, 0.051456386220658665, -0.008565516379952587, 0.06471339593714417, -0.05251796343111162, 0.0014994575253630316, 0.04636839622249917, -0.10242056975974942, 0.03856243230427233, -0.1670486353473187, -0.0009696877766931219, -0.009877467500247983, 0.019102330924217308, 0.02921116586729251, -0.0003428247400021335, 0.11693490122446983, -0.006950779378669045, -0.14381461460618467, 0.1316868179878836, -0.003065880908028102, 0.011458268598379171, 0.057838545274529585, -0.04347563271718416, -0.016501172071330474, 0.000659973300355578, 0.07736432867347216, 0.12946884180011062, -0.047118219890927154, -0.01923105356121224, 0.05886142758399698, 0.03623309436824741, -0.06634528135368224, 0.0723993566394007, -0.02475536247496945, 0.002981429977508614, 0.001234329272296337, -0.0034124577624436263, -0.08449408740082866, 0.026309169708335016, -0.028169367963968735, -0.006845613826432268, -0.028390273579038065, -0.04092737849944557, 0.021421879945992036, 0.04442804688753385, -0.01541554030256208, -0.02066507786640407, 0.05228885554112146, -0.037180294441086635, -0.007813967251625304, -0.08696014191154978, -0.05707920058377731, -0.014857429004156961, 0.011786738223977574, -0.11703477785341232, -0.0014960323364247396, 0.008369076182940634, -0.03708572246426745, -0.021082198794929702, 0.04854697985243736, -0.0003110982074103721, 0.014559800415898085], [-0.06057455615924339, 0.04999939541519554, -0.021129161595102836, -0.02190433057971495, -0.019244653929335272, 0.10895402831299132, 0.011179543476561188, -0.01803763437237066, -0.0016206678479681537, -0.05358600171797816, 0.14214915661569996, 0.032273267958339354, 0.003157918101052821, -0.02052233935459726, -0.031305926759368774, -0.0009193405443115894, 0.006465578082122288, -0.002945485670476473, -0.0038304745111928753, 0.0038809562478558453, -0.008232781816590665, -0.00665326830873207, -0.005255984680799388, 0.003990548568396647, -0.013900373801499413, -0.01031587618231109, -0.002792029661085009, 0.007933696269983977, 0.00460007773086977, -0.006999795529164001, -0.004671793616942675, 0.011213721410545531, 0.013024707299730317, 0.006887334764036892, -0.01869772459183742, 0.030554808617088616, -0.009526046765710033, 0.0003498538210072962, 0.012547930533342974, 0.006737115736924701, -0.10433286219762129, -0.0007911404388730481, -0.007401038875052654, 0.03273382961167576, 0.0066352839422593, -0.030401228994079457, 0.03214758459942987, 0.029713465115740523, -0.02960031605903877, -0.007821460506862844, 0.03635051657438342, -0.0049240181465402206, 0.018474644546772667, -0.002541198870372057, -0.038384974836456524, -0.09494346663049752, -0.008972410407095366, 0.019894697653968396, -0.0013809648139499918, -0.0007114133699218991, -0.01756608586259082, -0.013901547675031546, -0.0007706340149996318, -0.021605277321654005, -0.0032891450945843055, 0.023492197828882247, -0.0282771350880897, 0.03711202452659447, 0.003186230093873183, -0.023510577661700286, -0.11201355593663116, 0.006561193939455504, -0.011540015315355602, 0.007741276767683813, -0.00577485300072748, -0.026154290857571153, 0.04989582009037876, 0.0034005255756988945, -0.03084136744894595, 0.009316346965909557, 0.006614578864471744, -0.03560957331878356, -0.005970829043386306, 0.030512604333133235, -0.0110860383445549, -0.09310655635661237, 0.017195344008354627, -0.0024309466748595734, 0.006991507696370896, -0.00993066490705336, -0.02903249227057805, 0.03458589693025444, 0.015894797607759435, -0.030240149760789828, -0.0388714265395231, 0.003607575305118565, -0.009980733231081916, 0.013356008665681585, 0.0061469370640541655, 0.0014067261017919924, -0.12117165472774735, -0.003943876458375264, -0.005918684081372472, 0.023698770693485974, 0.021607551163414444, -0.018542613662543322, -0.004406327867497987, 0.025060589531226807, -0.042528944837017135, 0.006838927661804889, -0.019389803881756172, -0.012305104372721313, 0.011526492306005278, -0.007640979626478914, 0.04571437881029083, -0.08835675539083156, 0.004736759759772588, -0.022470999560086198, -0.01561687178920409, 0.03895544978504591, -0.00308234959504308, -0.0021528401195833892], [-0.02252741275370259, -0.0028967479841084413, -0.07900610636703503, 0.06587581892501995, -0.01117655393049513, 0.03408953485810611, 0.02129611764903983, 0.01147038946103455, 0.005001673457332408, 0.034873298019028484, 0.032273267958339354, 0.194116011183858, 0.06909933106489861, -0.09376330831947827, -0.1390483560162274, -0.002784753333742923, 0.012734129034277538, -0.0002505069299053272, -0.01194055788938556, -0.009177974970008792, 0.013267481644666866, 0.00015982323172666, -0.012944344183128877, -0.0056190052066865314, -0.014020107584003889, 0.012683649110097003, 0.006272556912518049, -0.0018006119507397707, 0.003876123582483535, -0.002379635610257509, -0.015631668243265492, 0.010735352666427955, 0.009727569553275486, 0.01214386648463931, -0.011133750054604454, 0.00030373638335643593, 0.004284753917682736, -0.012842618332275959, -0.0008680000554225849, 0.0260710045916667, -0.00302024438464841, -0.106374087065988, -0.014207479023142292, 0.014113306138434503, 0.0017565069878372132, -0.03034659632870989, 0.026844009144615863, -0.03861613883618971, 0.0076591525857428585, -0.012509751618602466, 0.02225037015518715, 0.02273065412431571, -0.04024163968570654, 0.004843913904827002, 0.020982265346834957, -0.047027666356747454, -0.1206406145819725, 0.03550940461159154, 0.02330954323004326, -0.04467564334938223, -0.05215326723139757, -0.010830736215506925, -0.032785368171137176, 0.002757242510902367, -0.03216077351882494, -0.008330140461934485, 0.04235155158942777, 0.042967046053616044, -0.0054500282577765735, -0.07044059652514012, -0.023286312946506384, -0.08183199664981293, 0.03071129741852324, -0.01900049339116592, -0.07080033735133379, 0.04699794390966818, 0.022499579080469193, -0.03729629244163756, 0.05013409102463647, -0.047919358973220375, 0.015156896983223771, -0.011948082902922642, -0.03735378089013113, 0.0022985800403174943, 0.018999577241527607, 0.02376872412170029, -0.011802015806279684, 0.012664538231748044, -0.02452280383634045, 0.0017010085606602983, -0.06486562565178697, -0.012887461704551087, 0.026276218427765126, -0.0024718930690662473, -0.005380673230338922, 0.007170533992843299, -0.04415157456380852, -0.005620843732552025, 0.005148251846208335, 0.0015775248049741581, -0.024965171496005783, -0.11872157537098461, 0.02396204709785378, 0.061558797577861826, 0.061130560465282806, -0.05148461369432121, -0.007897841829476953, 0.05469808653159038, -0.022555856140546258, 0.03157001454862303, -0.009999724036914282, -0.03880798611690364, 0.008860175994824821, -0.0025447427437104097, -0.00042823851997165374, 0.002675105643484061, -0.11086252000270407, -0.03889862892283907, -0.003039707870356662, 0.06061996637270547, -0.009021795944241838, 0.006234895737742905], [-0.01604192108520803, 0.047090877227700056, -0.026768319122847977, 0.043146213728422554, 0.03258264745430563, -0.029200920714076307, -0.042620554776730164, -0.07432137795072379, -0.009264195574832962, -0.054308810547461187, 0.003157918101052821, 0.06909933106489861, 0.802699057571914, 0.0032759124614222127, 0.16117456245026418, -0.010773971490905249, -0.0034702260314684354, 0.022791366918720524, -0.006971973461586365, -0.0015692185529272522, -0.007176495115489824, 0.020460843351170648, 0.000150473282594137, -0.007854841388520049, 0.004914986083138703, 0.0028140386481566473, 0.041445213958957075, 0.04001599762129989, -0.03552601819134548, -0.012576341024615046, -0.02590415235908363, 0.022308894281345627, 0.0016770231496295322, -0.022036775342753327, 0.04580655090310165, 0.006684132866689642, 0.02353346073723236, -0.014359657025867912, 0.02200533282298442, -0.0020217683194070813, 0.012595939825615172, -0.02563611190507432, -0.04133945884222533, 0.041050025810199404, 0.002548454824258966, -0.009394362792049436, -0.037960528896893816, -0.0032319766074127725, 0.02447356077177697, -0.010463820586943404, 0.04578961917891077, 0.03523882941108973, -0.02367122657136543, -0.005811443533724024, -0.07695252443818704, -0.040246068441810466, -0.009869096402699956, -0.029532214905378384, 0.03337150865267816, -0.027302425795838345, -0.028436566501355922, 0.07501132122344034, -0.0679500469205908, 0.04777815339210841, -0.07044981375041423, 0.06268976346973465, 0.0755530681167265, 0.04122626228961932, 0.010910972848672852, 0.04999736480132958, 0.04405579057224007, 0.008252350780336095, -0.03555720735709417, 0.03731891363297915, 0.005302249921318327, -0.020001085600734984, 0.04643377876257035, -0.0630676060418499, -0.01198730269648777, -0.01390625598029677, 0.03262704602800189, 0.021927182834317677, 0.043921543937679226, 0.045280352596669585, 0.007046065109269055, -0.011586488061687363, 0.041709509136675794, -0.008202384478970662, -0.017767374664688054, -0.0517233509612737, -0.07901947754361105, 0.03428388964947403, -0.02840525572887235, 0.09004653978425144, 0.037827569426409594, -0.03267028263467394, 0.013111243889230035, -0.0011352141786674552, 0.021835923416395966, -0.04911446881052075, 0.013205112486365416, 0.012341151208973897, 0.08845122754956784, -0.03670866258186908, -0.015672915293011264, -0.07368158847873818, 0.06482892642612806, -0.030165054623070904, -0.039297209501031424, 0.06108041446673102, 0.05356095928261934, -0.05998249288000005, -0.04939452905615007, 0.01072266675897555, -0.03234636299882191, 0.07630921424008684, 0.0019346771385261423, 0.04784526742075714, 0.022340599712105426, 0.07803005265977135, -0.006486038988675403, 0.009717526703422557], [0.02873742007150731, 0.013479962476780207, 0.056757923519067895, -0.08651483137967349, 0.008336786056321798, -0.026215245146076854, -0.014067959277507256, -0.006559610278577989, 0.0014307631421541578, 0.010560126821162308, -0.02052233935459726, -0.09376330831947827, 0.0032759124614222127, 0.15017664210509085, 0.2154605969569622, -0.005939210850377323, -0.0040756509520090125, -0.0015017764238962924, 0.006018261050423838, 0.008781578046641814, -0.009785743057980554, -0.0036030970523409397, 0.00927866802980163, 0.0009024839229413202, 0.008817229303430334, -0.0021546589966844392, 0.0020797679125877646, -0.0027134850086818325, -0.002533918416437354, -0.007815657972893473, -0.010030427618638567, -0.0096034801207161, -0.01012127739072916, -0.018737069152681644, 0.0015143378828568806, 0.006475232324388636, -0.03955990690741983, 0.013593083797715991, -0.0019921572548513163, -0.026123887070198647, 0.0022526111106725647, 0.0002791110426385836, 0.030211140422155343, -0.0496426430748078, -0.017518852087815267, -0.018444465255099553, -0.020267252402613883, -0.002398527084416579, -0.002943767833982233, 0.018746565159569625, -0.0027858594616649497, -0.01616575972341957, 0.02201005086637288, -0.0035251944511154655, -0.007321310124204484, 0.019224068815448882, 0.01963915813649191, -0.015257122867882491, -0.034235442320267886, 0.05493623042340338, 0.028095345429569756, 0.028311234747151415, 0.028639371060773435, 0.0004472689989023039, 0.025544577849681234, 0.002623334522927644, -0.015810710948125126, -0.01672281225718732, -0.007504131063773883, 0.024161034714527626, -0.01930294285357554, -0.0394237861240575, -0.03826306276283536, -0.04283486914611615, 0.03721379546994572, -0.03980218148131759, 0.011386354990130935, 0.0009831815244063663, -0.033695510024894945, 0.002165102743965335, 0.011542063470944037, 0.004772945543184119, 0.015280717964237914, 0.004903607752804203, -0.02154467020618549, 0.0007124641333749138, -0.0024701103842690885, -0.02833828880931787, -0.04049108054439709, -0.031822670248839655, 0.012954299467190565, 0.017446931241934232, -0.014871968891961808, -0.030031664362324142, -0.0019089327446537216, 0.0018717419853290917, 0.028733969352383516, -0.0043043689914465735, 0.014128676659894814, -0.009292001621238081, 0.016618861209010814, -0.0009161095571397772, 0.0016347231650513058, -0.1059679984546467, -0.033122116002233346, -0.020557567541577323, 0.03006706135711397, -0.036793129571753375, 0.0010216653175629002, -0.012562768144381752, 0.016530421278940572, 0.031809204861721, 0.012528677254506966, 0.006083558622087906, 0.0010670524597963561, 0.010279386838141955, 0.011511571234243885, 0.046959729810932355, -0.02269121471033978, -0.030290041004685717, 0.009193297844545074, -0.0026532705051832426], [0.061581739388918096, 0.013313899569847864, 0.08771456249751845, -0.13540709602113055, -0.0015558387104470603, -0.04830512011171156, -0.03515124084226339, -0.012156114667319633, -0.008122677300903512, -0.005936516873584438, -0.031305926759368774, -0.1390483560162274, 0.16117456245026418, 0.2154605969569622, 0.41214041800525225, -0.010143837011759806, -0.007647227700532142, 0.002676297245028934, 0.01711486256033115, 0.0025908756282051826, -0.014897350290734114, -0.00940334402820298, 0.018353838384429614, -0.0031306129347110417, 0.02747652506352043, -0.005903397120753308, 0.016600586333645393, 0.0026489367905897865, -0.00830334285682509, -0.014614108017752344, -0.0021356608913650687, -0.029273563945467283, -0.005708542878275847, -0.02701517425494398, 0.0019347810744683941, 0.014818285394311594, -0.05776857642565168, 0.029977682683672756, 0.00031341021827829103, -0.06703559997617006, 0.000568727739991215, -0.015012236208928172, 0.08252127215078438, 0.00784119591192473, -0.0539733360416151, -0.033429655716994404, -0.059199537872927824, 0.0035717737347979775, -0.006112884932148053, 0.02308889928731227, 0.02733457090009429, -0.03212978507467203, 0.046016861910787334, 0.0031482513170700975, -0.033563385184310776, 0.030079869436411624, 0.023404464027162616, 0.0004786973005125096, 0.03864340192756019, 0.04901059496262577, 0.05024898205134716, 0.05587675391463734, 0.035230134758405494, 0.0011150301053800933, 0.011988116416617805, 0.015554063180946771, -0.009620806322077284, -0.026401765951111537, -0.0013270912956588905, 0.056228472686539625, -0.014795437217758398, -0.07333741193831401, -0.06470993578592214, 0.030142858945753803, 0.03499053707243815, -0.07617433360074527, 0.0424478039130532, -0.014479535217057108, -0.07844631395600024, -0.0020754901039316703, 0.007572161288183309, -0.0048921459529820185, 0.028980980634275896, 0.016354466996857803, -0.03707775504015585, 0.010969116545048395, 0.007308368044629092, 0.0009074867841473051, -0.005227471683183801, -0.07833389613888526, 0.002515610228182849, 0.03891460300374905, -0.03844854713251451, -0.025600191353971458, 0.014445250115759796, -0