{"inv_metric": [[0.47416734061699284, -0.26113932518733746, 0.07120380053254181, 0.20059844578895789, -0.06918825896777274, -0.025430205774673833, 0.009203045978346432, -0.0007765985470400834, -0.026922095212566898, 0.03526584145938216, -0.07250679474830572, -0.043549426296492846, -0.06773521679966756, -0.0034237651582655904, 0.0012904285595935422, -0.012599292772994935, -0.02092638387890999, 0.0016236877843370148, -0.008033168983184583, 0.015536761133828302, 0.02474056844380981, 0.023278373459237427, -0.001831895246772022, -0.0004997728661456275, 0.04275866756244616, -0.026449513905949185, -0.00673764299776199, -0.028693663176508427, -0.005091879140639514, -0.019848884854382427, -0.08663110211241058, -0.057056327267835695, 0.03534510971166676, 0.034977275030599775, 0.07496434060002316, -0.034654172956025346, 0.029672695828121185, -0.08979867242145567, 0.017560198398449977, -0.020890350177484043, 0.005479345387322288, -0.0004721053327434176, 0.027259719566606243, -0.04405136962182718, -0.030198986472549504, -0.09334827646757539, -0.05660884495545361, 0.0028061749958650673, 0.061766435409352186, -0.054674338115693555, 0.01648316984783179, -0.025649947337695475, -0.003706645356366813, 0.001950789920852218, 0.013594575388666664, 0.003060062095367974, -0.002955911827729017, -0.07444322102893709, -0.014273474342175454, 0.011686183066018608, -0.04303357241082362, -0.07969989510732688, 0.013829045972297867, 0.08070299946758817, -0.03180712458757542, -0.02621984602101056, 0.00014903301559925664, -0.01734963145025892, 0.00024315645420375486, -0.005112275354462121, -0.01654573856979689, -0.032829311247636474, -0.05050465599144133, 0.021621607306969236, 0.05370699057379384, -0.07190993688563664, -0.023847638541093712, 0.0008881614260925004, 0.06801467458461218, -0.003390205461532787, -0.02575739470847344, -0.08374616880740687, 0.012354829955885627, 0.03916341245423393, -0.06735529665229785, -0.037186928809931116, -0.034772491415684656, 0.027636918702003313, 0.02150266360026565, 0.05857065291682635, -0.04072299213381338, -0.08607029149596426, 0.05513027536671547, 0.06033805178281356, 0.04655018981174208, -0.07222502537600844, 0.10023061653773845, 0.07472315715377763, 0.006129636049194924, -0.029619690118405026, -0.0066321925858730734, -0.007398795579015201, -0.021550856563793082, 0.017377947127814555, 0.0026403963326940014, -0.08269183654849047, 0.0016436256373578186, 0.016887608965133083, 0.08803611732850425, -0.006640069566005057, 0.013173887501296439, -0.057465143502473975, 0.020024126207758165, 0.020202614504944632, -0.044771809666199446, -0.011531079108124445, -0.014325039741542235, 0.030034357285649786, 0.014930486153129629, -0.0013005128432400528, 0.008938406348698058, -0.0035168891703132245], [-0.26113932518733746, 0.5788427422260594, -0.07138959490345255, -0.1803240134253164, 0.03884884697262796, 0.014092684966766036, 0.013062122079753475, 0.07163223268825007, 0.021013564877281968, 0.05579891841315508, 0.040981212873404435, 0.0024865488799290076, 0.01876524243136319, 0.03791054121441767, 0.04310506416661157, -0.003865626967615789, 0.029706750439695995, 0.0009466937454523, 0.0016454229615785318, -0.004516930836173411, 0.006260889694381708, 0.01685260393486116, 0.024367492419670473, -0.00672487323335862, -0.0479422441510724, 0.022432546384609613, -0.00804111609784243, 0.030395128357061995, 0.0006882476336916413, 0.006932799675140828, -0.02696305630152209, -0.027392966938678365, 0.06698447615864103, 0.024474102433752157, -0.061131777817081095, 0.0012888285151897928, 0.0013378364694296672, 0.0027183912937217684, -0.02739014434413601, 0.006201544509947497, -0.01815275029166556, -0.015422242823748954, 0.028779755604647295, 0.036391776078699485, 0.10992108971384924, -0.06293232475199298, -0.03693756413074707, 0.01358456932804791, 0.005186925535, 0.04787302019144229, -0.019434076804787988, 0.004373010040086521, 0.04381493733106023, 0.001254029807125311, -0.008854079163879596, -0.001891590011849454, 0.008067175559481632, -0.008238689442567646, -0.0026646636808769215, -0.0454912261117229, -0.06009333918597152, -0.024942437928982625, -0.012279908430074173, -0.04346232540440694, 0.04841036419462444, -0.012607827970029656, 0.020553856525779204, -0.07110970940786006, -0.0014182543396420784, 0.019777022852358325, -0.022624734338734638, -0.01567782490819742, -0.022800123071530936, -0.002070410790911457, 0.019181115273749248, -0.06362858578025217, -0.06867623803614978, 0.02259866945942182, -0.0037360938419003665, 0.030652424234250575, 0.0195824245803939, 0.06727261040702288, 0.031883108116142436, -0.01817859225632806, -0.026119144244619887, 0.013982849395459618, 0.008525052702124516, -0.03145103395118498, -0.02245595294918522, -0.05965300220078791, -0.03179827996873091, -0.04465661873310257, 0.0634662453378732, 0.001599744242394944, -0.023783652002203608, 0.09594374047661994, -0.07772806276272752, 0.06086225518436884, -0.014193709306488736, 0.045414837345049225, 0.049310783037780886, -0.0007419447845967844, 0.028246717025278405, -0.008645443135558418, -0.0075409253440693776, -0.04479540033863658, -0.020998357800958316, 0.003908903835188024, -0.00405404084973643, -0.03435902439493898, 0.013385097337683515, 0.07011168078086501, -0.0015330295437024717, 0.0027604202223376686, 0.04156193004073836, 0.01643769207695123, -0.002386552956657154, -0.03437664063305419, 0.024088778149779794, -0.013771483198097272, 0.0021756470473080027, -0.0009921175440022537], [0.07120380053254181, -0.07138959490345255, 0.2956046287800347, 0.008543465023067635, -0.007143139510150718, 0.007599070068280559, 0.026500576033188766, -0.016229335041658008, -0.0020808956988493483, -0.09559115952321272, 0.012617166667118637, -0.013490004732662927, -0.023662579916236597, 0.016483193890301152, 0.022766154162304035, 0.0060616488824176504, -0.013749789538126533, 0.0058948845561695405, 0.01386718449187479, 0.013357066246402476, 0.0034420537685362043, 0.0038555518405007315, 0.02004873914238844, 0.0020251681351859535, 0.0174173438347173, -0.011741722755040847, 0.003082530357611814, 0.005494107598778015, 0.0011793129925085494, -0.0020981530007540996, 0.005967436686924358, 0.037510682879660334, -0.0959798417144635, 0.011855334182559752, 0.042246561068266485, -0.033757916194529995, -0.00863422143385132, 0.01302678796218328, -0.009302672739672094, 0.004041625673217982, -0.012379051057173927, -0.019863787325661294, -0.030452706791444097, 0.0120846846859103, -0.011477570866282564, 0.008155731564826697, 0.03324815762552229, -0.07345515664937106, 0.033205064293893596, 0.016409142653715833, -0.009565412420348423, 0.018125531474844754, 0.04398231569981062, -0.00820379720194071, 0.0030944682433628936, 0.009575018257983575, -0.01793096676531859, -0.0495287709383556, 0.00517385671840763, 0.027207738443797123, 0.014029828438552288, 0.05228970340442468, -0.06254982540599359, 0.025198344577981067, -0.023122245072838093, -0.02984498477997774, 0.025951247973958636, -0.013082047513403463, -0.022928396743769213, 0.030370137721144445, 0.011737082600021013, -0.02575307436482596, -0.0513930943036297, 0.00576599372599936, 0.03621901328056889, 0.023448588769107746, 0.02054814060491371, -0.005300327716795686, 0.06053644660322185, 0.0030252342505937588, -0.02448055401663826, -0.049588596680678755, 0.05399122171267369, -0.014635766313396166, -0.0713593646419372, 0.016389495872976268, -0.008616396591333562, -0.04488201984976866, -0.037119934950885204, -0.05574279576016002, 0.05176438966576133, 0.0101620719643428, -0.04820908354235179, 0.04276838918151744, -0.04936330385963026, -0.009236613903374487, 0.03203431005343277, -0.042184919003017206, -0.013917115897214748, -0.07259914595872825, 0.021207838406460754, -0.023756009299412045, -0.01733547133739052, 0.00368147255120666, 0.008021718451386294, -0.01985969118261698, 0.0865643705450488, -0.06638739689039584, 0.013684748650279107, 0.04774739076732936, -0.00648810533772716, -0.02104913336063621, 0.0004204811599539545, -0.0025135654263800113, -0.028805405485223055, 0.03456410465487848, 0.0017038753752369336, -0.027156886205874687, 0.04934124281782048, 0.022366405378712012, 0.00044736704020966454, 0.003359818977652519], [0.20059844578895789, -0.1803240134253164, 0.008543465023067635, 0.3636056027700385, -0.033426701964377185, -0.04107489243339747, -0.0835503803121862, 0.009149572177738912, -0.017413114464894783, -0.0001778949566742907, -0.054031006495461886, 0.03139730612376372, -0.005375103091391001, -0.0673729051588584, -0.12322125953291986, -0.005511406186789592, 0.0064292351308926085, -0.0011491105268413868, -0.005465468705135578, 0.00437112193475001, 0.012139000766212663, -0.01362483867591541, -0.004875067782937801, 0.0071228137884282216, 0.00726918160004858, 0.0025125978163928054, -0.0049895336568336664, -0.008927599714341513, 0.008834815502088984, -0.014616395367565116, 0.033349870658674785, -0.020507501794257966, 0.06754256827840505, -0.0494456657185184, 0.01924341308239562, 0.043202016305358346, 0.04287339030132516, -0.07706555133542281, 0.014053130036692812, 0.0020742467524613797, 0.053407631716618005, 0.013197885787985994, -0.024232715236792532, -0.0368625815443449, -0.029125368364808474, 0.030947572904016125, 0.00834333080113839, 0.05666445012104414, -0.04669188333206983, -0.05838419687920976, 0.03275215275858918, 0.017499717528277645, -0.019454057373639803, 0.015315946844441652, -0.007326858298760627, -0.0074297631338308525, 0.005054004150272912, -0.060859570002249876, -0.028092798345099465, -0.0686875821687416, 0.04185619743881785, 0.008479617733635501, -0.003093816896059384, -0.031631454336989245, -0.03714235142098649, -0.024801436532400033, 0.0006189255369702344, 0.08229841135982915, 0.030857709508293543, -0.032225150184103435, -0.02577646302288677, -0.0006186967434007122, -0.033916677428570054, 0.00697779874665769, 0.028629695446399154, -0.01207978052868259, 0.06759802335155246, 0.002748659179406317, -0.0713156862591378, 0.020811659182713584, 0.00936444868475445, -0.0175352508482488, 0.0026926014530666946, 0.031096082220049455, -0.02866065513767693, 0.007262356328141325, 0.002744503923194952, -0.004787857572418606, 0.019760432384473902, -0.02868578014814139, 0.002549530885277497, -0.0085230238066627, 0.02384951034829243, -0.07741026636141356, 0.03538542928576925, -0.01901569421809428, 0.03686892529831229, 0.050143856334601826, -0.0001634094513375463, -0.025683125448448627, 0.015266681724707878, 0.02328377331293223, -0.00651938110476959, 0.005691155942202385, 0.01235404125074859, 0.029585830391206335, 0.025270570730869402, -0.0020018472918206932, -0.06374238115874183, 0.03238625359861453, 0.014845393898027135, -0.023158049241566125, -0.007678991190007529, 0.011598902735948465, -0.025920006024489593, -0.03351260646407367, -0.017498641891276312, 0.0020633121283107907, -0.04688703104596649, -7.157247482453018e-05, -0.0019379110953063816, 0.002722676338865928], [-0.06918825896777274, 0.03884884697262796, -0.007143139510150718, -0.033426701964377185, 1.1019431708336527, -0.05217800089159517, -0.01772488724044008, -0.003386684384819748, -0.024944875324415416, 0.04239091224356394, 0.02220277082505361, 0.041119171765806435, -0.040118672773449646, -0.011441288487648492, -0.01823040053266933, 0.0062857345495138635, -0.024514521619371493, -0.015271063352679212, 0.021182255791558777, -0.007022442975169837, -0.0032993745803061273, -0.01597333606523097, 0.025190066069075503, 0.012970782136730722, 0.021405271270073925, -0.010638816938846607, 0.024010111964667707, 0.007704861129890761, 0.0037366308304481286, 0.021626263496294384, 0.09860359993561679, -0.11323051045824124, -0.030801599590825523, 0.002626153672871039, -0.04375113729575215, -0.03044176468153283, -0.04459537726421534, -0.10784495149355335, 0.040517168652434224, -0.051271033740571494, -0.057780995594862224, -0.05479060258502188, -0.026266720348798407, 0.0745642913652752, 0.07598131532896314, 0.012723776302812538, 0.07309768407638309, -0.03862282511442036, -0.009462947813425349, -0.1297761454532275, 0.026864528095537497, 0.0912542545064849, 0.10320196878236812, 0.041484688452328, -0.06862880845403904, -0.06515798004785943, -0.034131101706576406, -0.0753653272290265, 0.023240817914522427, 0.003266130725408101, -0.0045602675153176495, 0.017887156838511293, 0.021851810062799737, 0.004901244397135963, 0.06652351967918131, -0.06287595829053144, 0.0832299828014383, 0.0655437068238481, 0.0692774225817767, 0.004430187201172926, -0.047599636124382554, -0.03468528929195212, 0.045634825536703706, 0.061252604560974366, 0.07360692265985434, 0.000358300901093955, -0.02136539087303154, -0.06874506365214313, -0.031200290444381638, -0.06206203017443945, 0.0016043758180015802, 0.11173981929513963, 0.0053501677826109225, 0.03905130122716458, 0.04691984400734617, -0.0418576432587985, -0.013957295322358516, -0.05645049607376929, 0.04804644875173097, 0.11290595817685624, 0.06243036962097212, -0.0698805825803827, 0.005443179698930963, 0.03259446153092734, -0.10518860176974522, 0.022779335085622143, -0.016054052911398175, 0.08235434677150084, 0.014672904850767405, -0.011170951093810626, -0.018003421639329022, -0.06546219063363132, 0.0846980965265029, -0.021210802438954506, 0.06981055222459144, 0.07781650690083775, -0.13081591291661343, 0.05576558177260793, 0.016438031843878664, -0.014858742411832894, 0.019797929400902733, -0.08312459355217902, -0.09082933332161926, 0.03285777977639017, -0.042168693511154834, 0.028897343659997948, -0.01996788873023059, 0.05702040329706235, 0.03141789182624077, 0.04927883178603412, -0.0013581491804517188, -0.011067563309232177], [-0.025430205774673833, 0.014092684966766036, 0.007599070068280559, -0.04107489243339747, -0.05217800089159517, 0.46831519896658275, 0.04501662649332964, -0.009301024756854466, 0.003466526376123931, -0.11041258982908163, 0.08134084501929173, -0.012661639341592578, -0.0025784785828918836, 0.011940816160410903, 0.02025212062967531, -0.007596797725237791, -0.012246426042882277, 0.020187623207982643, -0.024089918062100816, 0.012406241953908822, -0.01617826166196779, -0.002979253390474213, -0.015928731983560866, 0.010212881106360313, 0.03164775121314701, 0.01640982300342619, -0.0024567554436548183, 0.009925812814455537, -0.00785487130938454, -0.01498444100767623, 0.00033603992085403967, -0.013960815837366676, -0.025820429821903884, 0.045384804988282325, -0.010743057111038228, -0.002084078532240432, -0.00294643355013497, 0.027576006675780994, 0.0012635268298691374, -0.04212774820128671, 0.040685144650923766, 0.03326873597302975, 0.017616198394381187, 0.009354206235133434, -0.022647341119315927, 0.017253357681552266, -0.026817143987469604, 0.003498533227237595, 0.015076321847450336, -0.04283247088103499, -0.002903189395351247, -0.024998446730230064, 0.019838806955969724, 0.01237403808040832, -0.09230225535426896, 0.06584816872401561, 0.017910813983927767, -0.034901876419845136, 0.04285988214104345, -0.05906695050872215, -0.008086778494782646, 0.07461033783114028, -0.013196133424277886, 0.010342570796310931, 0.001560369680246355, 0.01972379968264953, -0.06712295978065586, 0.03819157853133941, -0.007633314716018381, -0.07163649143392012, 0.07326836983042709, 0.00012781861070201462, 0.0056522876159693074, 0.0010185955949565371, 0.05439115355573803, 0.03173148401832983, -0.05398398600271073, -0.01830487512688375, 0.02985233564180045, -0.06027012329391257, -0.0610977808612034, 0.06851540685812625, 0.01598060907895081, 0.004216420357680686, -0.021835139491820216, 0.03482396418231389, -0.00024037001569283479, -0.004508873021949415, -0.02653414507167009, -0.05797025522644902, -0.034560374610365346, 0.0076291471218942345, -0.02719203755545077, 0.006697241499012325, -0.023823336732700217, -0.019192717902946636, -0.032179638500911364, 0.04498381150502789, -0.012029088057649283, -0.03780041813929385, 0.03274500323883661, 0.026422563219540618, 0.003111754819640281, -0.002812249041031852, -0.02907660673074362, -0.031212171861525657, 0.028682919994067416, -0.029299264884531027, 0.005141881052955852, -0.05588572836849869, -0.042592450362043545, -0.013056205696581091, -0.022801508786563923, 0.00939689891847654, -0.08003063088041816, 0.027826140471224826, 0.018772197717912564, 0.04187331100770392, -0.044799445963701626, -0.07372719047533074, -0.0017680615104330106, 0.0017158795666744288], [0.009203045978346432, 0.013062122079753475, 0.026500576033188766, -0.0835503803121862, -0.01772488724044008, 0.04501662649332964, 1.047373298489326, 0.036029342839192444, 0.007271939224246073, -0.04747621820565, 0.034603226353001636, -0.029683757814098908, -0.015187488347710764, 0.0076507818223478805, 0.01554274416476059, -0.012949439847607843, 0.009056409799378542, 0.03419102094133568, 0.004279548555336448, 0.013756139588095136, 0.01287901994420564, -0.023776267738251554, 0.029573752773512495, 0.005637104319756647, 0.030234390606872916, -0.013812186570336909, 0.008069252742249742, 0.038254355723343264, -0.016063906480417885, -0.0021338913040799775, -0.02907770101779357, -0.022707915426328624, -0.04223426751989077, 0.01567407368027271, 0.0588336660532657, 0.01331753532933644, 0.036517261702716436, -0.034439975417978955, -0.03299716007533418, -0.053112759774814715, -0.10741792312359678, 0.011047316677824649, 0.054289946753386616, 0.05263891239099089, 0.05713316469212453, 0.01594240012363876, -0.003513684963187867, -0.04295145134801624, 0.02356338957356389, 0.011860234638767717, 0.06963109937441721, -0.022281170456672085, 0.04928854628581934, -0.020160435891821097, 0.088686177860527, 0.03549889384327266, 0.018093356235807143, -0.0547877715902383, 0.018554524183172296, 0.02601159704737793, -0.027556759431426513, -0.061877911457564806, 0.012335757743582455, 0.010440010688812956, -0.039611734033083115, -0.006814981381392481, 0.0389175922864114, 0.025579326125427567, -0.023986731442067238, -0.08208126139178885, -0.0435394924216719, 0.013456997744948818, -0.04060514326093488, -0.022818081995557127, -0.06952115989818396, 0.001826374759024774, -0.037075558829585915, 0.0036938217596622818, 0.05066014717628397, 0.016903637358536668, 0.04828821493898168, -0.07015541517391616, 0.02050379324984302, 0.016559746537843385, -0.07889850499707249, -0.0018818898699989076, 0.023325772602748256, 0.00934232894881123, 0.04398641050495299, 0.05694769496073242, -0.02365776975809381, 0.009559000202866161, 0.008618276079955143, -0.0008858010441805918, -0.012602516645307283, -0.031855016885082896, 0.061719655200195005, 0.10209749744001859, -0.0396500191982132, 0.0459706837498671, -0.004173368562789237, 0.017323848600157798, 0.026059314318618774, -0.011724090243939507, 0.12362348646175648, -0.00492049882142779, -0.012657935816156232, -0.013396070304942876, 0.030390833448970256, 0.03997613069197303, -0.020138470058228025, 0.1544930162375169, 0.025360182337385347, 0.012166725932883232, 0.010759292527597674, -0.05921523427703814, 0.012043937820652223, 0.03259761904142936, 0.04914361212257662, 0.04005109807728289, -0.005631932527237471, -0.002009564130194319], [-0.0007765985470400834, 0.07163223268825007, -0.016229335041658008, 0.009149572177738912, -0.003386684384819748, -0.009301024756854466, 0.036029342839192444, 1.0491571015401135, 0.015525886340790475, -0.06935057965799368, -0.025619772599773487, 0.0403426293988412, -0.02381031370897198, -0.006545523286181059, 0.025316444768463578, -0.015481173410409313, 0.03247941087973563, 0.01311524945045691, 0.0015804078230299316, -0.018204701727122588, 0.02664556744914238, 0.036905923914972875, -0.007822688876134954, -0.012485929467472066, -0.009651960892559958, 0.013308489637183528, -0.003683629426022094, 0.000698647950333107, -0.03142193770737872, -0.02221501569960273, -0.014784517600014167, -0.028675636162664976, -0.013604896543812446, -0.014244966213693816, 0.04829635449487978, 0.041730825371555216, 0.037736311759992855, -0.016891532726927016, -0.0681780039214075, -0.018398761419672543, 0.09480160741565527, -0.03804884523180231, -0.050603183554887715, 0.0203369637205301, 0.09759061066762599, -0.05028743780457249, 0.02752582845937909, 0.03361149837175844, 0.03476493474399623, -0.11404993012233934, -0.010839445241134988, 0.02094073970179695, -0.17001732007715234, -0.0061824721070351295, -0.034595369135330505, 0.04637448716033332, -0.03156346581071725, 0.038991239286251096, 0.02078784819583153, -0.04676905567266089, -0.046018050896284086, -0.002500539578053421, -0.026196474365936844, -0.01705624433075617, 0.018806998384322805, 0.01768192497945678, 0.0035828140957997845, -0.009477071418719018, -0.04360591722226193, -0.0642295177974832, 0.06153822469333666, -0.03421590719744943, -0.025172788065252225, -0.019720618970008548, 0.07030396950639126, -0.036522093650247306, -0.0011062541355126786, -0.02772681546712674, 0.016798466117951123, 0.011800805417948815, 0.033159376900438985, 0.007995648420560142, -0.025755346070877795, -0.025524589915309894, 0.0067636284892582926, 0.042906101807633636, -0.004426908739151802, 0.14138017705280517, -0.03106251747601667, 0.0404216333848415, -0.06906561125264027, -0.008174128986864333, 0.038845179352209686, -0.03183433448552373, 0.02596858751640095, -0.051680977173043194, -0.007821102824728393, 0.023582977800383608, -0.01548125723990433, 0.11857960874629102, 0.056610122557991895, -0.0022436835288850653, -0.07926412510429247, 0.0776412923533138, 0.061064600314193446, 0.006967735996530821, -0.05162043691095172, 0.03325125790588912, 0.025017569903395247, -0.017891512614022095, -0.0036775966396001224, -0.014504591850117784, -0.04805612191668005, -0.00469560923696564, 0.025243713162004338, 0.037717616848472975, -0.038865396558786396, -0.060073173035547406, 0.01685104286442017, -0.03544164159958422, 0.0003206160623852542, 0.0017859312599214734], [-0.026922095212566898, 0.021013564877281968, -0.0020808956988493483, -0.017413114464894783, -0.024944875324415416, 0.003466526376123931, 0.007271939224246073, 0.015525886340790475, 0.048345247878501106, -0.019519528509457363, 0.0062881445019646945, -0.007064103360511766, 0.023385944027817605, 0.0008733605476072062, 0.005783471132362313, -0.0016771425485073226, -0.003398575906684841, -0.0004275428907609145, -0.004407319780548528, 0.0007667691349003644, -0.00703726030197731, 0.005042132925250314, 0.007147650183440574, -0.0031500708937047465, -0.008366986263527252, 0.001995459221175736, -0.002299393374069321, -0.0053647519774863255, -0.003185280065980629, 0.006594215954800791, -0.00034174613004897135, -0.01423583924014147, -0.008349369394304066, 0.009166845386073093, -0.008016042096195582, 0.013007563695094686, 0.010868851087078892, 0.005300540453700968, -0.08275601418039251, 0.002017621643250438, 0.0035822080841152355, 0.014314152618073535, 0.007815689157629974, 0.00526991176640212, -0.00282264698271722, -0.003913866872724988, 0.0006616969160564514, 0.008403780691465733, -0.0073553064663416335, 6.406281960907328e-06, -0.0024835458401817256, 0.008642160505038597, -0.018808520257458522, -0.07514547940662945, -0.0021544069756602737, 0.0014902424652291889, 0.009787983745944587, 0.011750307246458588, 0.00872414906628352, -0.003534210675425122, -0.0007237670162457163, -0.006089051209985981, -0.0057415187865825675, -0.0011985929084135768, 0.0031828131897352063, 9.039622046700361e-05, -0.009338563682570565, 0.0234208536581862, -0.08003321407530903, 0.0004478992911404292, 0.002169146431552209, 0.015937658475274848, 0.002398737089072997, -0.007785028863474741, -0.018260965604537414, -0.0005803576180933265, 0.012649314336528668, -0.0005109794485589814, -0.0067973841334998675, -0.01222804294108804, 0.00036563985970863725, 0.015221046820481381, 0.004779473176597074, -0.08135316229717157, 0.0022080986637796366, -0.005119165420423223, 0.0027978705299758822, -0.025181521186923583, -0.0009796793044427748, -0.013528047660090132, 0.007254773162301598, -0.004495983035016949, 0.004090660604932519, 0.0037769593066114583, -0.009676291665493766, 0.01504094609329679, -0.0076260799653969005, 0.0022775041073035654, -0.0762138804092641, -0.0031044139849265113, 0.005784383577289606, 0.016802705853129436, -0.005696895998189936, 0.010329373177299886, 0.0020528485203489036, -0.0038266227359230313, -0.011169087549856887, -0.005852940655140761, -0.0020956014369877436, 0.0026742672434481815, -0.0002510378927914103, -0.004156667476336585, -0.005278683956812498, -0.07621169383858142, 0.001977845173543429, 0.00023341312189990992, 0.00822676827774208, 0.001096114973353126, 0.007457242070995458, -0.008607964520283977, -0.0004135350813717086, 0.002098475882814212], [0.03526584145938216, 0.05579891841315508, -0.09559115952321272, -0.0001778949566742907, 0.04239091224356394, -0.11041258982908163, -0.04747621820565, -0.06935057965799368, -0.019519528509457363, 0.8035486572280668, -0.04822989376266116, -0.016124194285382205, 0.032291782347322086, 0.03134550332600575, 0.04143931356791724, 0.026505349942994347, -0.009832960878020462, 0.01340183120734753, -0.03036924713181528, 0.022101856869686624, 0.02846536982727712, 0.024148530503004455, 0.0038945195348944256, -0.004117212083782627, 0.20772056120772314, 0.005418864026158463, 0.003403924676772398, -0.0007937722241331277, -0.024606002746492817, -0.006967614683269103, -0.031122835031486166, 0.044268057938562026, -0.018334660959486836, 0.015170172630939713, 0.012527542802494853, -0.09365917400476943, -0.09006358330575741, -0.03904314570731333, 0.030166469608290985, -0.11555015022997492, 0.022203470311916967, 0.00868817900716815, 0.1176292185606073, -0.036592203790059986, 0.03624879612378866, 0.0261335881459014, -0.03293709744938276, -0.04047509293330208, 0.07745777256241386, 0.05723964408042277, -0.055270411080599255, -0.13952710732730578, 0.0034063371724169936, 0.027277532924979732, -0.09034970967391595, -0.06980650177107568, 0.034769433294148694, 0.025157368029744255, -0.048151282735896916, -0.05804711712265907, 0.05911877680549677, -0.10472446986844808, -0.038122489183867896, 0.03654579134688822, 0.0371100472483486, -0.030017360292121213, -0.0827653955525739, 0.029278801009978338, 0.033911717859215755, -0.204940768198255, -0.030940891645811062, -0.007543954589643121, 0.060225572944569816, -0.04007844708129951, 0.015660330234789833, -0.0022534411135376, -0.041992219747958325, -0.039752627086577036, 0.01160554703911569, -0.02438197675864023, -0.03282579760337668, -0.04161479616599674, -0.0055078312744974095, 0.042264932177076955, -0.17592507888465483, -0.016104932218755263, 0.004536442518497937, -0.05898259726026264, 0.028481296020031514, -0.006519108863412759, -0.04803467839402454, -0.08227566575246673, -0.027374623643865656, 0.041080545740345274, 0.03471141559722971, 0.03489715275274943, -0.06268164795087348, -0.047558313960892884, 0.05017582914314847, -0.08351120190958866, -0.00985445443191924, 0.01033326418770796, 0.06801503605926423, -0.03878875402603421, 0.013243192483594648, -0.03254410094427171, -0.06398221866748446, 0.045090287512828946, 0.03372614533805466, -0.013883471682649666, -0.08455187462278448, -0.05838995393665996, 0.006000164742824806, 0.0037695167695118124, -0.07352176207048307, 0.009117015637780565, 0.015136243887204599, -0.08884276051207358, 0.03372203967275468, 0.03620246215555942, 0.003179461906540131, 0.005989827843478209], [-0.07250679474830572, 0.040981212873404435, 0.012617166667118637, -0.054031006495461886, 0.02220277082505361, 0.08134084501929173, 0.034603226353001636, -0.025619772599773487, 0.0062881445019646945, -0.04822989376266116, 0.12276616010799261, 0.014546264388659504, 0.02387258113934533, -0.004903581185102351, -0.008085456517095935, 0.007225863419424016, 0.00713640495724018, 0.0034353746711091523, 0.0012110542555315827, -0.016055057827573802, -0.0225444926294297, -0.004917158631167415, 0.006043338125191211, 0.010141539054963547, -0.011133556521382383, -0.009290540698514895, 0.004208252453243254, -0.0004115180861975988, 0.0020834477961285255, 0.0076361743981526245, 0.004243841514796371, -0.0011965674166630347, -0.022832854991889397, 0.008404311216977876, -0.038546552605153966, 0.01682057343049069, -0.017966902043732604, -0.020881643923952187, -0.02035304388405215, 0.01410486753494778, -0.08998377978570476, 0.011056301008564709, 0.037697909376476366, -0.0062718937347217, 0.031956410342259586, 0.013818886182934377, 0.0043095057672605545, -0.009876338236967644, 0.012125989171301593, -0.005369032106818993, 0.029543990592421316, 0.012854547131775546, -0.01086377099027602, -0.001769052540808135, -0.005039776163717246, -0.10685535899067178, 0.003364867280693873, 0.018356131325208244, 0.0181240094518648, 0.01865723276793693, -0.004584513168084731, 0.013339318384231651, -0.002417282533822392, 0.002219562121694317, -0.02543450503246841, 0.041464318380316854, -0.009641103641955771, -0.008413786591192482, -0.00623335585313948, -0.018988928384740204, -0.0813116892952678, 0.0045827964605462705, -0.010666707733173653, 0.009773193249083366, -0.002144858154707067, -0.018735091956203213, 0.01462209582529415, 0.009605423973893277, 0.0024491389045962152, -0.025384703870856444, 0.04128564318163294, 0.028200617203774883, -0.01180406364564765, -0.01137895651575636, -0.013902405118171146, -0.09392244587333877, 0.006123203892079748, -0.021447993271401122, -0.016165483837898464, -0.0277607684644252, 0.007195989190374247, -0.011492498560557214, -0.0023806170898932576, 0.012182358019694308, -0.049075016075895275, 0.017150200966086184, 0.004864520402586004, 0.008866555491427607, -0.012217545239092674, 0.0037354620262858994, -0.08374744248381301, -0.0035510621476775622, -0.015199007294092294, -0.016575726585831167, -0.032365771292836854, -0.02437928968296137, -0.0012843460327421066, 0.00734545861536115, -0.03194470429382254, 0.018785543668100174, 0.007118656937897637, 0.003119880824977881, -0.015633296113703902, -0.0059679173121469364, 0.0001921594853924864, -0.07218030743626998, 0.003996997559080434, -0.031844193775917636, -0.009996692033314021, -0.006336334415806841, -0.0026661112163582938, 0.0013978075053320482], [-0.043549426296492846, 0.0024865488799290076, -0.013490004732662927, 0.03139730612376372, 0.041119171765806435, -0.012661639341592578, -0.029683757814098908, 0.0403426293988412, -0.007064103360511766, -0.016124194285382205, 0.014546264388659504, 0.18723616499077747, 0.04017280714947145, -0.04992152944144408, -0.07741922506771462, -0.0010594484468328608, 0.007738934532182807, -0.00667453030139048, 0.012330041679654742, -0.011144263572052273, -0.00014649847406069793, -0.026871385786759985, -0.0043871529783182485, -0.0052780683251279995, -0.003843947858895039, -0.008315588640992726, 0.02396349208045587, -0.0033321438449038765, 0.008844287764324478, -0.015176627449923671, -0.04146880397941041, 0.016755721779692645, -0.022765006356363117, -0.0011248854747067027, -0.018611731202726384, 0.02071067582893054, 0.03063902711641077, -0.0345153108754603, 0.007313115925136474, 0.03169294546986656, 0.01961081739243618, -0.11836542958021506, -0.002392572370905462, -0.006179206385920387, 0.01637316196218002, -0.01911961724184931, 0.041774238002225766, -0.028909936285255462, 0.007394625818610646, 0.021989237927488327, 0.00038584514042686415, 0.001760372570199654, 0.00817264703941745, 0.027187031510292597, 0.02048083075765782, -0.013530615668640526, -0.11846989408169997, 0.03485516488003321, -0.004895970208256442, -0.055709513665971135, -0.027825493323963623, 0.0027686009282584818, 0.00286863643640248, -0.01237012731386061, -0.03745440813906953, 0.014516611599576073, -0.028649493322624432, -0.01848167184951132, 0.02090989941778319, -0.009237664855164727, -0.004618463797516417, -0.11340602613634226, 0.03551564630552662, -0.006173554803366784, -0.014613624284153073, -0.01115649413310202, 0.015076802583714221, -0.027774142226624797, 0.0016485878887974963, 0.009162738721800475, 0.008037564231666936, 0.03353061273091089, -0.010034513605488677, 0.002392334464853325, 0.01500684013580821, 0.012406605021168233, -0.09445202312904095, -0.011244042140376151, 0.003926080912617369, -0.029714388333403056, -0.028166720421621636, -0.004893956862301042, -0.02904282732692426, 0.014833505946260891, 0.017828054123853476, 0.005532917869981695, -0.010008334195261818, -0.012911949442738052, 0.011196000401172558, 0.010581272685936683, 0.006445655565950013, -0.17057195399895964, 0.0002981227206840839, 0.0012626839386770158, 0.013501089660979373, -0.014303132621103812, 0.030576760664269488, -0.012033202132231316, -0.005189441047636358, 0.018712205519626095, 0.02446401960602991, -0.012633620129870982, -0.02933463046529977, 0.012906119785026185, 0.028321674340895994, -0.013893713657573102, -0.13575047549784902, -0.018284434680060965, -0.025731985811780454, 0.006659464981568751, -0.00621718502457129, 0.0036402506644381233], [-0.06773521679966756, 0.01876524243136319, -0.023662579916236597, -0.005375103091391001, -0.040118672773449646, -0.0025784785828918836, -0.015187488347710764, -0.02381031370897198, 0.023385944027817605, 0.032291782347322086, 0.02387258113934533, 0.04017280714947145, 0.7276126819815307, 0.011536576925711797, 0.1456998058154636, -0.00196141634242788, -0.014766291381170967, 0.0062233944059780465, 0.012420634898703029, -0.007190992908499753, 0.005126022252518583, 0.026245064796336117, -0.00673348927943579, 0.023545349779149672, 0.09666317086642569, -0.0052764465941469016, 0.006308873214136765, -0.0017118237683087854, -0.01525221146565603, -0.0020441998928770366, 0.05395707401648845, -0.03961828852542467, -0.027228392716477007, -0.010751136772869133, 0.013362899398809898, 0.01634586069039796, -0.043518950411733204, -0.035631711816602574, -0.0402794214611994, -0.038028687663185276, -0.025024001057468118, -0.008191101288171361, 0.06855147243523989, -0.0513079423346524, -0.004195044835430224, -0.0609335596960549, 0.0024383024242468484, 0.05357914479945224, -0.06527429401546242, 0.0495025422512723, -0.10063150001568032, -0.00043791278036520956, -0.0690000595583421, -0.05119195165577798, -0.06260587845121655, -0.039507360007636314, 0.0003549332766222299, 0.028699413021518294, -0.027179465193385863, -0.04593467960232824, 0.0020150951933708854, -0.01243675432548589, -0.0005751249504328781, -0.020739761180773187, 0.02980228261568391, -0.020445000452976776, -0.04419952732021034, 0.052603809458002956, -0.03279056148470317, -0.05843698794008745, -0.0021499338412983896, 0.002605365786782927, -0.06480836214267449, -0.06126083135457841, -0.025362263324804506, -0.03480193893349418, -0.011228631280137114, 0.020125152684036304, -0.046763651310077724, -0.07652901170777408, 0.019535886930069475, 0.12045571039310309, -0.017361305833425027, -0.036660720943820536, -0.14131915957674432, 0.012549957950064495, 0.012769523409670113, -0.003610712474722022, -0.026934485783387564, 0.016252365962882022, -0.052441475990404995, 0.11803672217025604, -0.02528858995091962, 0.047398431347749376, -0.028419537809621382, 0.040438728356936356, -0.07089301996406065, 0.013788188893402279, -0.033442356701047046, -0.10705317744426579, 0.009721842956224252, 0.06607789626823966, 0.021669426601039283, -0.03463125948351478, 0.057193036273423294, -0.0013588951853103395, -0.01605978762229095, 0.052214778361675075, 0.002073521668321474, -0.007518045285274403, -0.06703590434522436, -0.025561994666620708, 0.0984157822166327, -0.04156738356610823, -0.034763580076174666, -0.01126654389343303, 0.0280636571137822, 0.005759988014817539, -0.050452382066865975, -0.04467362064470484, -0.010510828273469077, 0.001857465358759673], [-0.0034237651582655904, 0.03791054121441767, 0.016483193890301152, -0.0673729051588584, -0.011441288487648492, 0.011940816160410903, 0.0076507818223478805, -0.006545523286181059, 0.0008733605476072062, 0.03134550332600575, -0.004903581185102351, -0.04992152944144408, 0.011536576925711797, 0.09342575125449569, 0.13951774449332224, 0.0016432925541100109, -0.011266106077038773, 0.009178912515144978, 0.001781446496563921, 6.591297640118132e-05, 0.0013148062597819702, -0.00478421221683369, 0.004526365366417089, -0.003973124924844553, -0.009710985399810353, -0.006411530680491941, -0.008674038942772029, 0.002043403247126477, -0.010078649338792003, -0.009184189260771608, 0.0028934360993717323, 0.0071096228833559824, 0.006133135966068487, -0.003990142962030792, 0.01617515171913279, -0.024185864435286215, -0.01235048012708334, 0.03221593995136691, -0.00045672687967542036, -0.0011967104579685204, 0.002606971453377033, -0.01144625198297179, 0.010621594846247136, -0.015955849163485313, 0.005756126643597149, -0.001072808998956098, -0.003800252899561031, -0.013487168198324673, 0.0061756796798149395, 0.006533916878100073, -0.002104233110736471, -0.007990124915036357, 0.014062096711825999, -0.0014635382244931132, 0.008998083461260487, -0.00013955709366477418, 0.0005996814001155764, 0.012185468197151175, -0.03315356265576797, 0.051813830750921615, 0.018229108184655646, 0.00023360454305142847, 0.01923450547984042, -0.02838550233130722, 0.006946159737218575, -0.006759598970020201, 0.0015139951236027348, -0.046476417519616814, -0.0034833448512128972, 0.020811414345829164, 0.0010291686863441757, -0.03374835168398905, -0.04637307917364563, -0.015322436738826495, 0.02897318766831248, -0.010604685902718536, 0.00592948623569508, -0.013192631118454286, -0.0061887337886533025, 0.008208235599222501, 0.005825221667371389, -7.917201253389897e-05, 0.0018112449739987576, 0.014128255908442052, -0.011034778338957767, -0.007351963689178073, -0.017393945159479316, -0.007848873013857281, -0.04659584679584922, -0.00948062675342227, 0.02926275591500456, 0.011922621430198533, 0.016339561398382732, -0.006808982936382115, 0.009055232456671248, 0.009019578239547955, 0.013921096618956045, 0.0033571657221280033, 0.01247461363197245, 0.027098110217374592, 0.004169468933029738, 0.0027933081416415054, 0.009000653244662196, -0.04600857588298545, 0.0008037705808666268, 0.005538714182159885, 0.010238594520191088, -0.0010095268762801337, -0.0008085628782181836, -0.027772916160193596, -0.01672492203718316, 0.013778651366580385, 0.01022489684412849, 0.007512601794750054, -0.007462855239608917, 0.0027735632341299426, 0.001247363253110838, 0.03494623853435587, 0.005001548212551568, 0.02127986773035974, 0.00486202811092578, -0.0013267764602970617], [0.0012904285595935422, 0.04310506416661157, 0.022766154162304035, -0.12322125953291986, -0.01823040053266933, 0.02025212062967531, 0.01554274416476059, 0.025316444768463578, 0.005783471132362313, 0.04143931356791724, -0.008085456517095935, -0.07741922506771462, 0.1456998058154636, 0.13951774449332224, 0.28941181730844084, -0.001299707902126574, -0.008960262667573556, 0.004665102521968694, 0.005233785366434252, 0.005302101010456055, 0.004331135265136421, 0.008699728738480038, -0.0010423485441040318, -0.002664002839830717, 0.014736350989500933, -0.015976918251341312, -0.008849232204085336, -0.011007069785186055, -0.02500420741787704, -0.020988253304103997, 0.0094323209739152, 0.006998113462195808, -0.00489075831581998, -0.00140697363431789, 0.022841214001126486, -0.04126676771513471, -0.033187118855412784, 0.053253602548245495, -0.017530468429279775, -0.010216769848169143, -0.00749052894347307, -0.023197230160237753, 0.05040073768479355, 0.013892745960912932, -0.05141102674163645, -0.00281316670459513, -0.021862060883389683, -0.0033106698464227522, -0.00252295154692701, 0.023208340178472994, -0.01935189805679884, -0.013492281976543659, 0.02188981844273699, -0.022205987244201496, -0.01180402004098778, 0.008519202024599291, -0.013756243895113311, 0.030674302738852237, 0.008570549037709478, 0.05389466783971917, 0.023746140927582392, 0.0057110918218826814, 0.036072184765427166, -0.049226849992590076, 0.02158919833395405, -0.011888870585719144, -0.004273344609106005, -0.05771298107626247, -0.02651079070797085, 0.024818922231924914, 0.010221343344753478, -0.0638094332824152, -0.07206953892858928, 0.03407504205183899, 0.008559379374810818, -0.017600809580153667, -0.008149320953483787, -0.012137846182323827, -0.01338732837511828, -0.0015354702587353289, 0.00991364614924575, 0.015125107600663743, -0.009709556694004237, 0.008399945254455705, -0.05128675594992696, -0.010756824936235643, -0.03283113514621054, 0.036124082196528025, -0.0210047164929756, -0.01576810074649992, 0.059730213826453576, 0.0345164488