{"inv_metric": [[0.46189549605320057, -0.27628226625184005, 0.08013626584507808, 0.23624218521679818, -0.028426762826948702, -0.011562480652378698, 0.0034779522594257915, -0.06781695693841613, -0.021492566122120915, -0.02900554125855292, -0.062205186365580784, -0.04432273046935451, 0.00030030913689619806, -0.010116099035860523, -0.01404317790858553, -0.005952279371148433, -0.0067264062698431685, -0.006132367350385858, -0.02529543553150557, -0.04192808627881583, 0.006225822495484255, 0.007804990504390623, 0.005202001686666755, -0.010078042404503856, 0.014841584150037355, -0.0048645078030544525, 0.006717561775948939, 0.026918067458921335, -0.010864647248105198, 0.0015802673526435613, -0.14110541074779287, 0.011989836572332198, 0.011970977085763406, -0.010407759723216784, -0.08034649917510327, 0.01738388794167279, -0.00044478489408731985, -0.0627290885467448, -0.012941762953144432, -0.009858361350695165, -0.00631145557870778, 0.010121746970907284, 0.0331731744079398, -0.04113392768357893, -0.004581153996020845, -0.15084324169034138, -0.002199854227596917, 0.01792634950688711, -0.046158639483958395, 0.03266793459747542, -0.02349259036498966, -0.03979776502032035, 0.03562043788866641, 0.02748855832753734, -0.02113755252312793, -0.014250714339982618, 0.013488998057897135, -0.05824847712305058, -0.007000437221758499, -0.011780601062954454, -0.008567842086994104, -0.044386607258086234, 0.013729014973820475, 0.08688479997174604, -0.0424962568767556, 0.03502645933837922, 0.04162109261993232, -0.020869990183488615, -0.016339426051317215, 0.0023526520038937224, -0.018962968649442677, -0.0006149184971329186, -0.021101543297781473, -0.010368886909271974, -0.03206180219208209, -0.049014931882407166, -0.03480113634049303, 0.011117055040705018, 0.0334573424684506, 0.0010742921676143672, 0.02780457648195932, 0.02906629712162447, 0.02069579808590974, -0.011293357647475166, -0.020255971381148267, -0.01123684823976916, -0.005516448645003673, -0.027419470938410143, 0.013994848493545545, 0.07024022732136295, -0.03245886429841064, -0.10136989394276767, 0.08109127018762177, 0.043970753497890216, -0.005989547635766101, -0.05131562919045077, 0.044647431848294436, -0.015850000043415774, 0.009960826300795877, 0.010372518784635125, -0.005406639612725866, -0.006614233329946995, -0.02262080596765682, 0.030471792422704456, -0.008125156650853805, -0.0690634194899511, -0.0057221580769268796, -0.016884172867714757, 0.060179971915149344, -0.03877023763596614, -0.035146008243810443, 0.0028139983093128035, 0.008142393112506174, 0.008035009088892464, 0.02620220426382899, -0.03741784756012633, -0.0017581539781057502, 0.02071447677625917, -0.018955542697580284, 0.02144333303528294, 0.00759878685334239, -0.002419313961671091], [-0.27628226625184005, 0.6783069807618753, -0.08689448315897469, -0.20456080552053119, 0.0553419163599724, 0.07514008987231922, -0.04344640759296659, 0.20208536427075915, 0.02502651946436339, 0.026046741441662753, 0.052227151834851666, -0.013541642473204451, -0.027850621411590448, 0.04584165687065316, 0.05468825346247847, -0.00022315122102044264, -0.029752954865712194, 0.008386143503191827, 0.014682730427622423, 0.030043096395388554, -0.011664648100877906, -0.007817866824695366, 0.023575089617602, 0.009712301537904278, -0.02792655948008994, 0.00937306722286568, 0.006975701021963052, -0.007443669808204387, 0.02325493902363823, -0.006884688570074682, 0.07061498591688034, -0.10612126187981877, 0.03411518498246746, 0.11709687123886652, 0.11959007112234997, -0.02782491927395065, 0.01039392562537855, -0.035270965123586996, 0.014424073362196282, 0.04667030046618625, -0.026244513286627497, 0.00878842926423612, -0.026111541816485347, 0.06215660207831593, 0.0011913702706693229, -0.03838044257190099, -0.07969683745903852, 0.062272618715954346, 0.03721701973004854, -0.014167336358733806, -0.02534340135043246, 0.018400482203656043, 0.043504804594654806, -0.018331165026294748, 0.0872292708907647, 0.035860435808547315, 0.029909323584140668, 0.06074031357461417, 0.0032201233433288047, -0.006579564369441904, -0.02732083799226706, -0.0627769527930737, 0.02346169099269944, -0.0006909006757568219, 0.006051195684447518, 0.007454662701449013, -0.049376604765248, 0.0021868133787257514, -0.0034125993637017377, -0.013109067190953965, 0.03297543624197678, 0.010983121000918432, 0.05805703088934027, -0.023450827973001333, 0.05065419883563078, -0.08405880711402068, -0.03951251247181309, 0.028770138187082347, 0.02137237737415843, -0.055098415781827434, -0.01325919619085768, -0.012175004294373987, -0.0037691199267584122, 0.0013757068449281448, 0.0054585546434037634, 0.02354463481087682, 0.043719808004323686, 0.05840515010107337, -0.02673656759324287, -0.061797453304398856, -0.11023395200685335, 0.0514328717078876, -0.08220741135033606, -0.0013396006161974319, 0.06118200674476539, 0.036142099301694666, -0.05035057460969729, -0.06708580262795559, -0.0014713631105488854, -0.0003251744681951039, -0.026370789202414986, 0.01576769533431809, 0.09624403926427981, -0.032180322329370833, 0.02994770514475852, -0.04494520828804366, -0.09045470711248858, 0.028744302055915223, 0.002651262258079311, -0.004389308230959977, 0.03262009930427192, -0.042066819619610375, 0.012342410084187322, -0.008435696396522281, 0.041933444902075276, 0.051538234215730415, 0.013767451431304681, -0.041275086680538704, 0.019814152412041715, -0.028310827134997142, -0.0009597998231176038, 0.0006054355829256167], [0.08013626584507808, -0.08689448315897469, 0.30874233197150447, 0.011745289118806231, 0.007529000723970879, -0.07332899261121807, -0.010367896244383066, -0.03619928674386012, 0.0009141201448076018, -0.04003691211206751, -0.00021067496266082445, -0.02708732789262983, -0.027110341979515368, 0.022799238456938486, 0.025006260514776512, 0.006189157648864718, 0.00922942487884086, 0.007149473423893521, -0.0024620050448915486, -0.005883603406914333, -0.000401281770031804, 0.0012438112074316119, -0.01323196009976203, 0.0018942166219457894, -0.00504607449203096, 0.012051610809379207, 0.002903546031461611, 0.010241731812277671, 0.004939300095313141, -0.01591962811590535, -7.4524640142671494e-06, 0.07900874892931645, -0.0699154908424511, 0.046538688045311506, -0.030608097489336607, -0.04659617299555603, 0.010700743418455824, -0.007944659399812839, -0.02457581153597627, 0.03112466804928038, -0.03714297981025361, 0.002334014742798986, 0.0027736403558147804, -0.035119539095554805, -0.030375092470820382, 0.004821684662614179, 0.05878261026271729, -0.07052834450753458, 0.0012725674797595039, -0.00024230915846187496, -0.043298585064225924, 0.02145727015088064, -0.005599103622963331, -0.008720190169066227, -0.03592909474894263, -0.0067055821384486534, -0.0034959325651327763, -0.04019483408629539, -0.018617118426190654, 0.023646168966310704, 0.015592558062665674, 0.034781708342288435, -0.036998065114975366, 0.018397636091480526, -0.011513420551194243, 0.0009219826444589463, 0.038429805233199325, 0.027327489642392958, -0.019822626977589134, -0.0016951553445731253, 0.020053307235393083, -0.024590107687362226, -0.023076668460278466, -0.02078122817615148, -0.0007573919123287639, -0.002087784256729157, 0.04975169954872273, -0.046868916660329885, 0.007278448741290033, 0.043987000731901635, -0.024379868760050213, -0.041520887347969604, -0.0365150345855673, -0.007604754110309117, -0.0008185543361141996, -0.01794087771684255, -0.011166226996049486, -0.05832465212840078, -0.01566615876507052, -0.010516003675633403, 0.03239198242999959, 0.02385742120034757, -0.04961484811435788, 0.022759662407874907, 0.011471610082633445, -0.008230537595834388, 0.045914761743264566, 0.006349473585052721, -0.0034890363555792458, -0.03020898660896207, -0.013238734773384254, -0.030875729332309185, -0.017856415151206933, 0.0030104862824734827, -0.017855519660590534, 0.0185351986032835, 0.04131966696163315, -0.06683818747124116, 0.05433495901630085, -0.009960855782605943, -0.006536231401292246, -0.038351880777369306, 0.02187288507294555, -0.01983885162644703, 0.03526758179282135, -0.0022845350171722175, 0.00860916967795592, 0.04416813189249694, -0.00019042437419070687, 0.031103345794995112, 0.0008522021528387242, 0.0015794370284106993], [0.23624218521679818, -0.20456080552053119, 0.011745289118806231, 0.4710701543518848, 0.013117211668350077, 0.06599490763773302, 0.0642824675799025, -0.035855541080535396, -0.016960537195848734, -0.04701383083509578, -0.02715736729688306, 0.053071103663731266, 0.0889515452586306, -0.10027877705946721, -0.15522632471010092, 0.013312283075240685, 0.005663151242221807, 0.00021326038429466727, 0.0025571968478745252, -0.024057878193334936, 0.007671853803551313, 0.007864246482864856, 0.006800903844778525, -0.003025098434690036, -0.014837561646263228, -0.0021003160352518007, 0.025685387326196848, 0.051630888531798154, -0.02394567640852152, 0.021184268748085065, 0.005743759311693041, 0.05718981198491996, 0.043162710333536705, -0.09430450237485699, 0.027430699739037775, 0.014858035946305297, 0.04551477121390209, -0.014312382531757418, -0.02113941143550113, -0.015086596734248262, 0.01626702446535534, -0.004738784985642668, -0.002875712612793202, -0.03987973888098077, -0.009652793906442525, -0.03102381367045359, 0.10098377428540928, 0.0169592700271019, -0.14262559970101057, -0.0066884265853617226, 0.016717261036045386, 0.005189993975331604, 0.005214166076866266, 0.030240202801953234, -0.006229598154856603, 0.02628002321024652, 0.0066850183881437125, -0.056463929888235516, -0.03149608465045727, -0.030741579841523852, 0.05397494230980098, 0.03099888446571268, 0.04417813416137543, -0.03314900815626429, 0.06974115216059251, -0.00630078887772509, -0.011301551807463206, 0.01181731368912045, 0.009471470256069854, 0.0492012543937604, -0.0127111754250381, 0.017774193427018047, -0.015400018947466773, 0.011510016236171173, -0.036883065940233606, 0.046668789176227896, 0.041300632965214024, 0.005028621550966761, -0.04331256823140529, -0.02517982336109554, 0.00815389847414792, -0.003407236074169381, 0.003475580487461504, -0.007156792334408792, 0.04981220546619076, -0.01155066938768368, 0.026369797413736167, -0.04231655385667273, 0.05955003880366752, 0.04740186732953394, 0.0939794201562941, -0.04325785963104846, 0.08588853283106411, -0.022136017175496053, -0.058207847880072675, -0.05537815543428432, 0.012001470975132815, -0.015519190809612619, -0.008694434803806219, 0.05324442711013831, -0.014122673326257421, -0.018559485435785516, 0.01375559527517282, 0.018499336231460176, -0.015798056491092997, 0.04652886731609048, 0.08153698050765086, 0.04758442694489173, -0.08230130063126932, -0.06400697558817924, -0.0010017047829514684, 0.06248346561221785, -0.009721619406368951, 0.019928381831521787, 0.02270331204273993, -0.0011019451310044133, -0.010254739073447334, 0.00828491527047716, -0.02462708524009026, 0.07205184109558893, 0.00029267207058183796, 0.0013267123475798927], [-0.028426762826948702, 0.0553419163599724, 0.007529000723970879, 0.013117211668350077, 0.8807476723885034, -0.025622029043491836, 0.041468085085205005, 0.08798148318774822, 0.009006146637906038, -0.03425224521260816, 0.012033062749202844, 0.005171932881748995, -0.026469086737036858, -0.01484964854453198, -0.032254070354211385, 0.003130050529164265, -0.006403961260376657, 0.0034637352977832142, -0.00021016222380111817, 0.00109971820421707, 0.03592239877293913, 0.004221851555239781, 0.005322098243543626, -0.0073539399100311644, -0.0038787115541565383, -0.023080039267846037, 0.02563285954178933, 0.042139726777466045, 0.004204927008175724, 0.0022078095145375365, -0.004281104597995233, 0.027987552697736395, -0.02289779711594434, -0.02541727114815426, -0.11695442009886796, -0.02030210094365481, 0.09446128826193384, -0.036937163909729134, -0.02365393391134532, -0.06862218754664888, -0.07035859965281628, -0.027665829488635375, -0.06055377356130184, 0.013994925690350395, 0.009988467523628228, -0.029298688259042915, 0.07816082923800126, 0.016202359565949544, -0.02256052775726668, -0.04071001315357983, -0.023456457808069833, 0.03243363637213565, 0.035383632424779064, -0.025383007561331997, 0.08990727984667268, -0.03526905024062114, -0.0016896778207253947, -0.03554762405171481, -0.007118359272985472, 0.04722224548581885, -0.017013401488139134, 0.06891384462580845, -0.08679511315885487, -0.009910438320533496, 0.02920047696665822, 0.027238608816735923, 0.017590750196899832, 0.012769292737675507, 0.011938566038649482, 0.023883806094801906, -0.023774137902235367, 0.016235936711510482, 0.051511606066273856, -0.0016700928803224432, -0.021571173127168927, -0.0028236837178982435, -0.005468748789111817, 0.05444531279093785, -0.06469392003489964, -0.06153002126115152, -0.007981385685238268, -0.05347324704148701, -0.01914581069121751, -0.04441774265687022, 0.008420878337205413, 0.0337584103773203, 0.006586985983221587, -0.05024201759284127, 0.0032819871899558064, 0.09449774152855274, -0.0009234847353310283, 0.0039574501010557215, -0.05487109830967579, 0.04094015914014752, -0.05881607325412297, -0.014879853819344944, -0.02344343627027968, -0.004419954311508797, -0.019949510860033284, -0.05271959294643673, -0.04581849572284801, -0.020124286267231062, 0.03639836205904328, -0.06006322516802838, -0.04910650064030731, 0.02575821952261603, -0.03200987956242803, -0.010509633962500113, 0.008919816067259854, -0.05716010559372281, 0.05526470088956866, 0.050944222690551794, -0.09028876417189485, -0.025198627773777762, 0.010895936251728116, -0.02607236770421586, -0.003689705057875393, 0.062391448997424874, 0.011166446580186493, 0.057907817848583926, -0.010882617555795124, 0.0007176065201786244], [-0.011562480652378698, 0.07514008987231922, -0.07332899261121807, 0.06599490763773302, -0.025622029043491836, 0.522826428856336, -0.08783538743679321, 0.06105453343404023, -0.0020770741644665215, -0.17029432033944183, 0.08835471499365297, 0.04050250490336187, -0.027642015978025382, -0.028538427589996137, -0.046923306046677916, -0.009628514433297593, -0.005687836366913461, 0.01924735425955679, 0.019683728021476034, -0.025515427880425344, 0.005236785980064305, -0.0007004220008516496, 0.005768647585509389, -0.0012853392988741972, -0.003808402800710722, 0.019396698057268038, 0.0015657667973056767, 0.012214126706467182, 0.00114025848573263, 0.016325352428072003, 0.029170175533820477, 0.012536057296766356, 0.002281916584406832, 0.03244388343584579, 0.05361706183188905, -0.00015149749500723792, -0.011802427094543896, 0.003302685749980014, 0.013558229108373145, -0.04934576728532372, 0.0015981503224607306, -0.017291252999619422, 0.016694623711394494, 0.018918414586285032, 0.003988002310144378, -0.0047819279229828595, -0.021769495326222153, 4.21674767672299e-05, -0.00320539931074633, -0.0224664806574103, 0.016739941117522857, -0.009174926212692712, 0.014586289752319428, 0.02289684245254706, 0.008191936412449492, 0.048586455517527674, -0.014879856471081204, -0.013913270465578416, 0.035280554629587915, 0.04007474061897858, -0.00014516106867972043, -0.060508605077101596, -0.01121253733031426, 0.014361440646213638, -0.010290184097060725, 0.03880093276500604, -0.013970240851498462, -0.03395150495931627, 0.005942228159792395, -0.10994079919158498, 0.05593337192801655, 0.015070241096408926, 0.0883511861499037, -0.0029949513421868644, -0.0027547840675600835, -0.012546908525567679, -0.0021342414115529088, 0.004689803663216848, 0.008947720127584512, -0.0646659491237158, 0.0012326064678859071, -0.003310204713969136, 0.07564190301336274, -0.0036298988050345055, -0.060230052295639463, 0.03413192422030641, 0.013976310201278886, 0.031673842721915174, 0.031147899431644296, 0.017617242095207267, -0.0468837315797416, -0.03462871399733675, 0.02458151050330266, -0.011088211297010497, 0.032110890226768773, -0.026149889229644792, -0.034250441895020925, -0.057847778449968246, 0.007189975809772898, 0.08112086988413757, -0.013787632614983794, 0.018794031195198898, 0.005889459403195064, 0.04746602460213546, -0.011755888403534327, -0.030513813099589438, -0.009193139880602027, 0.011947655526218598, -0.027157284588170665, -0.012129056139845645, 0.03485766956902363, 0.03350583491154446, 0.03566401624357889, 0.022937270913980626, -0.009046065974127514, 0.021296147197932432, -0.00881506862508359, -0.0307934265858305, 0.01902778845588093, -0.009230383570225379, 0.002428871740750106, 0.0015229995807135223], [0.0034779522594257915, -0.04344640759296659, -0.010367896244383066, 0.0642824675799025, 0.041468085085205005, -0.08783538743679321, 0.9786749132653723, 0.03339442357838149, 9.243548938377208e-05, 0.07849203960507507, -0.01669919934693515, 0.025504664482737274, 0.0037048732504760384, -0.024254282068262106, -0.04473047786839348, 0.017412927433039457, 0.011279126113081173, 0.004977827863448078, 0.0057406893800311404, 0.04311497042563346, 0.011697487263899934, 0.02986494455181568, 0.0027358154007348164, -0.00977738758190874, -0.009608755267585645, 0.010704722931071985, -0.011812275048027569, 0.015651340688498324, 0.01613471354712469, 0.016072509347088534, 0.03243271084041803, -0.022866855796117223, 0.04433693166325246, 0.0023810588404847123, 0.003166287734402237, -0.02834044211218101, 0.03684167501643405, -0.044843277266324075, -0.010251408740801316, 0.029703704624789686, 0.0323088006555025, -0.020602883522588978, 0.007713429092512983, -0.021868086343446218, -0.01814185207479159, -0.0073580191258431436, 0.08120890059385012, 0.006546305492720843, 0.004204116239885449, -0.014386678188936021, -0.049532411872852476, 0.1091445153374568, -0.04653053060164613, 0.013855547241592518, -0.0036282850341213405, -0.11657534918445427, -0.022635723425492423, -0.05929560670273613, -0.0045191070960538034, -0.06448033344109048, -0.00498718835425872, 0.04603178823279072, -0.004903104079540277, 0.0415313191417297, 0.09793561505716752, 0.0031034383887484926, -0.013473189536854393, 0.10019375859435677, 0.0075821957853251624, -0.0334012313819628, -0.03460380863053288, 0.0237884519534964, 0.047401857801956986, -0.060834493802646335, -0.059360337519567055, 0.0018035236498957637, 0.08592701072612005, -0.04825347865840819, -0.022596109943377816, 0.07654126022979481, -0.006904726338668829, 0.07997046462536761, -0.010937946007456406, -0.028885402395396106, 0.03824152464420135, -0.02518810587215401, -0.05418168367291135, -0.06029753332255125, 0.01841448763786792, 0.033727225782891376, 0.02102670929427106, 0.012983103091862286, 0.031335271789724006, 0.023570543703696028, -0.013221907735451515, -0.007883138348621211, 0.04082758705164962, -0.05303316642259172, -0.006174077330768929, 0.020468806252155983, 0.020342680303477134, 0.017317956696550337, -0.062068325671928215, -0.06468173852607229, -0.02589865672214008, -0.09381157611232852, 0.11836148746678414, 0.015186030188671717, -0.11674094771883323, -0.059990985925709145, -0.03901987356988687, 0.01879650218646065, 0.07131122304153197, -0.018343675192748304, 0.026053841768178352, -0.012201692075358796, -0.009710405341603964, -0.033306118543342436, -0.04353047848710376, -0.003955571157587689, -0.001541036055386825, -0.004240919404332283], [-0.06781695693841613, 0.20208536427075915, -0.03619928674386012, -0.035855541080535396, 0.08798148318774822, 0.06105453343404023, 0.03339442357838149, 0.9831682110420146, 0.019497531037453192, -0.010497774799455385, 0.01186323775582676, -0.008088296647361406, -0.02256730139173478, 0.03710199702638063, 0.0716168019395335, -0.0036957623382819923, -0.006350515026362363, 0.021453998339778436, 0.0006786463548982461, 0.026592947497047794, 0.02920606810208172, -0.004444371022844372, 0.009051682563575232, 0.01050904445646312, -0.03171896729382691, 0.011025299177553863, 0.01962015863751343, 0.0286040752708406, 0.029369086015729653, -0.023840105157661558, 0.039891356885098074, -0.04085544047671325, -0.01910885576936035, 0.0764353195370412, 0.03676896132312421, -0.04041928299195731, -0.03154899681982134, -0.01734295627449892, -0.007508174580272481, 0.052685288067479276, 0.003245689774999059, 0.028225175538045703, 0.030177260181070087, -0.01778573005180798, -0.04148997600472398, -0.01822802534616333, -0.091914570254815, 0.06903958204513123, 0.025500170476579136, -0.02190179733390503, -0.052115003654603906, 0.09772016939031478, 0.07615808446508199, -0.019169656599582738, 0.009674473664671362, 0.04120947929723772, 0.027643787153218642, 0.08999589307635575, -0.006257489533692269, -0.014434293581356464, 0.04654492010506644, -0.0028433403933889978, 0.014708715641510906, 0.04916466135163839, 0.02325411998393043, 0.013206073196823364, 0.018403776618261106, -0.03693733863323235, -0.024790560616580158, 0.030088462493638914, 0.05025787674901564, 0.015730911944414682, 0.0477288167387719, -0.03234048902111854, -0.016773283418500155, 0.04714433586436319, -0.02928384817255674, -0.029585929639566588, 0.0844312656186055, -0.093913689735785, -0.04413621872989776, 0.1011020989503778, 0.031242513624265417, -0.019760020879684724, 0.1283620816568707, -0.04611620019585508, 0.048171169899434006, 0.03333364439640547, -0.01591757411355402, -0.023825615697270344, -0.08942788489256849, 0.030572398382119094, -0.04805758092238098, -0.016285767865945915, 0.021304228148583793, -0.04048689198025583, -0.13111446174385843, -0.09449545455235066, -0.026189379017687357, 0.13278211755567396, -0.013916635032835679, -0.004942908604397156, -0.010269620730527724, -0.04551264401717447, -0.027831599186751477, -0.07009776322964549, 0.006548145093238404, -0.004371604766272566, -0.046025279389824494, -0.0027908588273758955, -0.0035712126594353946, -0.027260016476274015, -0.007277964295055171, -0.028909038187657186, -0.06188807725546772, 0.050411935632802066, -0.015822156077459456, 0.001981677906073272, -0.0007031608344085706, -0.0003997658144846329, -0.001574249396096404, 0.0064767843503041435], [-0.021492566122120915, 0.02502651946436339, 0.0009141201448076018, -0.016960537195848734, 0.009006146637906038, -0.0020770741644665215, 9.243548938377208e-05, 0.019497531037453192, 0.04995297259876141, 0.010561176679882746, 0.007960065503286384, 0.008862402642296237, -0.005943682342508901, 0.002232079397084473, -0.0005329131423455533, -0.002268183963513965, -0.0010907346537381716, 0.0027597626019779773, 0.004080381205609543, -0.0031375826086984847, -0.0006253695959613002, -0.0008591580987929787, 2.9044072712006465e-05, -0.0037299106651450635, -0.007828069756898893, 0.0015191853739375104, 0.00408295008148992, -0.0002964135081107193, -0.0001163676539619172, 0.0016604337760999632, 0.01539178107294813, 0.0072722222187822805, -0.01646782887547464, 0.015377581403872135, -0.01619255402323499, 0.00029101725219441566, -0.026950248109971483, 0.001840808550860442, -0.08315816114466404, 0.01465842830106327, -0.0015731657247600563, -0.0045489105153542694, -0.01233928331183347, 0.0024117055310315535, -0.01270464000220863, -0.0113017042067392, 0.006408528280502118, -0.02173640517958314, 0.003377952347149864, 0.008131118345956374, 0.015243042408034759, -0.0117397499049306, 0.005473409109677165, -0.09380335307467552, -7.211502267305125e-06, 0.001454251124318812, -0.0018309459552800459, 0.019556369965229404, -0.004027613257184315, 0.0009788813725384786, -0.01166251388324264, 0.0016181856922882101, -0.009751152366578596, 0.0026923643623325334, 0.0011955888532171773, -0.0064329108788731566, -0.008268050132063788, 0.005787653700097883, -0.08633649672442985, -0.004867456973385537, 0.00027550250776855735, -0.0022843429546377672, 0.028337487114753975, -0.017263390603263318, 0.004793959368810866, 0.0008523926441047353, -0.010992966654443291, -0.0036729154250672524, 0.0081346973350962, 0.0069017612630180025, -0.00469600572310389, -0.02305793636665523, -0.021457196128028714, -0.08685920314298626, 0.012830055951469127, -0.009806794562220847, 0.0017809939504098132, -0.001970099201582236, 0.00023201849301730164, -0.0009074154028316097, -0.009629447291244613, 0.005884883089332641, -0.016775329935146417, 0.005059343200096533, 0.0011172532762932861, 0.0034705380133421265, -0.018661283440556235, 0.002843646434188821, -0.07816307401836378, -0.014260608812831525, -0.015256530189396027, -0.013530368401007612, 0.0172122141280362, -0.0068598252778143505, 0.014210883288854307, 0.0069142746404744606, 0.0016567539057490326, -0.008612011213812715, 0.00038634557530168326, 0.0028499636317033455, 0.006664622842900544, 0.013353046671747046, -0.0020209202100467862, -0.07878202627316062, 0.0019625016306242253, -0.009668065219959408, -0.01238271142239176, 0.010901136869695504, -0.009500823429202934, -0.015999390447396553, -0.0011555762449192112, 0.0011120861325834776], [-0.02900554125855292, 0.026046741441662753, -0.04003691211206751, -0.04701383083509578, -0.03425224521260816, -0.17029432033944183, 0.07849203960507507, -0.010497774799455385, 0.010561176679882746, 0.5806482110848897, -0.06278145579875434, -0.004399735677478776, -0.06863144899185256, 0.055716556999649385, 0.0537437188887347, 0.010102370744961729, -0.0017543911064432183, -0.013512151415266684, -0.02562058744996398, 0.02554669515242658, -0.014653162703731593, 0.038794818680793694, -0.00466092805977228, 0.004686926839887765, 0.050671513132363906, 0.006700005677473429, -0.028288795196833097, -0.0030344828138789133, 0.003334413908205622, -0.00711619383988485, -0.034898921422706716, 0.012769571508253906, -0.0035830353098597312, -0.011679575627427111, -0.024031525147156122, -0.07531031617344942, -0.005151645626038036, -0.01968552818939367, -0.012110051217956413, -0.03498946182336729, 0.05620756906122309, 0.011650715628452591, -0.04109787551613143, 0.014495777356085876, -0.002805458319335013, -0.014419379373376841, 0.003799121576895583, -0.002198437954412371, 0.03284421888716371, -0.004930840719186343, -0.03809589835370364, -0.0013065878832818705, 0.05960137588708045, 0.0011498103232959176, -0.059443591847652896, 0.01149183442582847, 0.0031043485840858, -0.002263016229189284, 0.019094453484083004, -0.021137773600578263, 0.010759133104127268, 0.009398219008924931, -0.05916410323792944, 0.006750130841654527, 0.014775742711523873, -0.04516510155260102, -0.003026183172154072, -0.02357107273214016, -0.017411764492098143, -0.0734047749031501, 0.004271248731131916, -0.021447911227201213, -0.057023343481488464, -0.0133473258604063, 0.029427454542809907, 0.04579369473105102, 0.04008300001312994, -0.0956754951299608, 0.08982451457106054, 0.02903401873864976, 0.012597738737598212, -0.021445836346691, -0.033612405588899136, 0.010897450846479731, -0.012213593048880913, 0.02037876558576305, -0.016003944621137314, 0.019027193552757855, -0.008771162240774854, -0.03651761275552298, 0.03149120364969648, -0.001307082313199698, 0.0203638834780258, 0.011759325676304333, 0.048249337609763354, 0.000777912554492497, 0.022383484828308358, 0.03301419029240387, -0.0017875333575757722, -0.07150945793726537, 0.03367438464964489, 0.011617128499071832, 0.012129640934222221, -0.0480254732384997, 0.011541016375702616, 0.0002575778513820939, -0.024729916819735964, 0.046614389990826614, 0.012777517178583055, -0.039724107508713295, -0.12923727224905765, -0.047306618991388265, -0.012189251512577758, -0.013548983520736243, -0.10877395475461835, -0.00052547188146932, -0.0013778931063464306, -0.026205507814442544, -0.014544936690656741, 0.00991704191159574, -0.0036588828529585593, 0.008791282980707704], [-0.062205186365580784, 0.052227151834851666, -0.00021067496266082445, -0.02715736729688306, 0.012033062749202844, 0.08835471499365297, -0.01669919934693515, 0.01186323775582676, 0.007960065503286384, -0.06278145579875434, 0.10887226290473778, 0.020219865967178754, -0.009476368963496415, -0.013817341849288232, -0.024301780854925254, -0.005223564058907317, -0.0035961190388141325, 0.008000250680047673, 0.011709396701561016, -0.01137463958355059, -0.002708521230320553, -0.009991158035912247, -0.0036615701577061544, -0.0013079971134820757, 0.0007116872645647568, -0.010416558790177699, 0.0022811471976062554, -0.005711006335654628, 0.006435416677780409, 0.0023602343206469054, 0.031237455565495852, -0.005602212421001882, 0.01636303225274052, 0.00797705212356423, 0.04087934504486788, 0.015612363150833586, -0.0076189054855605376, 0.009891463061022166, -0.003289488086347737, -0.004129345138735384, -0.07932037982479456, 0.003988289175058725, 0.007659423867513006, -0.0013161510040231228, -0.005343843048831114, 0.017284242926314898, -0.027083071818092982, 0.02173717613035431, -0.005704473099407812, 0.00883114638562621, 0.024145222040823255, 0.008367163887237863, -0.0012952758595687003, -0.020906847578843986, 0.0103431592961274, -0.07048868870448996, -0.0037893521909447368, -0.02170076581739489, -0.004677434818010292, -0.010416364398073467, -0.018563006369845505, -0.005473910605269878, 0.0005393084495921653, -0.013301397974924587, -0.004352852483910453, 0.019099550903668525, -0.013195564817694938, -0.012757912677634153, -0.007760116834071328, -0.028130029570666543, -0.08043775067156488, 0.004887458249615268, 0.044362304657371385, -0.013810127513492506, 0.007965100635307464, -0.015058806771402177, 0.0014166859443109725, -0.002496192851944119, -0.0036317173991631214, -0.030882572655434953, 0.012692502076274492, -0.008551853680945822, 0.04030292754937667, -0.016314612232952535, -0.03212759152211067, -0.07558742077658295, 0.0073537716854373885, 0.025496362530676005, -0.003783087927695348, 0.015318390603932988, -0.023465639907683748, 0.012197744917438571, 0.007033620963464081, -0.016854726160627206, -0.002685221645793339, 0.005239562296317854, -0.02124928979246872, -0.03964880179348891, -0.012200836959443415, 0.015900885376403443, -0.07578355942347959, -0.00258054676580866, -0.005432678698264824, 0.013218190098803961, 0.020408915422585956, -0.006188418989940212, 0.014465299397461493, 0.005421887386631678, -0.023738195098278934, 0.006068281808410389, 0.03321143888258146, 0.012144593381706667, 0.008146673702415045, -0.006171489042248774, 0.007413192446091578, -0.050080862786760307, -0.005976476114698883, 0.007367969344202077, 0.004366063125213999, 0.02123626331492552, -0.0005697626718598259, 0.0007690641080587611], [-0.04432273046935451, -0.013541642473204451, -0.02708732789262983, 0.053071103663731266, 0.005171932881748995, 0.04050250490336187, 0.025504664482737274, -0.008088296647361406, 0.008862402642296237, -0.004399735677478776, 0.020219865967178754, 0.16562263913767655, 0.009417791683113663, -0.07112987042634022, -0.1142735870569759, 0.0001074722914840581, 0.0027021373758827796, -0.003987227078204749, 0.012379554889156718, 0.0012620316132448458, 0.0038943834312254334, -0.007198600338252026, -0.010506990730733233, -0.007483800210560963, -0.004811903902445229, -0.0004445908125098378, 0.015216344364199639, 0.012081128392395864, -0.005474835691830175, 0.007586923385610709, 0.037901108651322665, -0.017547924268044118, 0.0026139158736243123, -7.537677434790243e-05, 0.04269163560203085, 0.0011199405273310322, 0.00290417502282441, 0.006714772302594341, -0.02318727218599077, 0.014558171371588168, 0.03934586713874381, -0.10467062744554571, -0.0119437938125871, -0.013716145773698134, 0.022499213707284166, -0.0023767557990129417, 0.020813243721289988, -0.021282802042562367, -0.021379911353122134, -0.013120019140269503, 0.02022101534530026, 0.01386303904128279, -0.024303302877246854, -0.012188738552595937, -0.016364051622674698, 0.028143096394159576, -0.11039883795883462, 0.0035909016276848126, 0.01438523031769717, 0.02653492764110421, -0.019891833486176395, -0.012740172765980206, 0.013478087983387219, 0.0018208556038667733, 0.0599170606677582, -0.01448789906413138, 0.010142185649902035, -0.005219237465853733, -0.00816128645345383, -0.0010615198181242928, 0.016935051406221306, -0.0829950598582094, 0.009189663268530669, 0.013361709339290744, -0.003363308258506132, 0.01702732561031727, 0.017991527073015164, 0.006282913274786216, 0.015863442855357814, -0.016114298186386104, 0.00672007094136744, 0.0013978532166933134, -0.0058990485612890825, -0.014825138191855476, 0.005273548986222862, 0.00017292814876844034, -0.08646473304185365, -0.019902929229711104, 0.026139863159938957, 0.003862739873212064, 0.004417000022367676, -0.017599570663526253, 0.003637568522267653, 0.015502277641213053, -0.034913927714610084, 0.012840810885976092, -0.012297328687509046, 0.015547182655126978, -0.014892502152289147, -0.008170592451623729, 0.01007542189964784, -0.12019729865920203, 0.02297827895848078, 0.00034241463872106614, 0.004124497682238846, 0.004287615717755101, -0.005480773995805585, 0.018925481560328274, -0.0159024167176906, 0.0018587282825819835, -0.0024311955635821047, 0.056453278559847206, -0.00506518428186431, -0.006360616127745013, 0.0027879579917604166, 0.019319130886404273, -0.11583236677097206, -0.05029684954678699, -0.00905757077583879, 0.010068618797348895, -0.006123259614974195, 0.004130179383731201], [0.00030030913689619806, -0.027850621411590448, -0.027110341979515368, 0.0889515452586306, -0.026469086737036858, -0.027642015978025382, 0.0037048732504760384, -0.02256730139173478, -0.005943682342508901, -0.06863144899185256, -0.009476368963496415, 0.009417791683113663, 0.8061557454969283, -0.008830051793693427, 0.12600377881426428, 0.021444361950612056, 0.011312883981757895, 0.03763555156662233, 0.023948122374082607, 0.03912692728422443, 0.002370147336792127, 0.0035023722074640218, -0.0009604323915279295, -0.014685192898903047, 0.03380170874922623, -0.02111766762307701, 0.007302355928308262, 0.008246360435417597, 0.0138963497499284, 0.024941660962098783, -0.04149138270551033, 0.06359093530573748, -0.05939582134515307, -0.059642101495802256, 0.012985672896207943, -0.04364439903314789, 0.0019989190450474745, 0.008153244589594953, -0.018821150356751037, 0.008166252997892608, -0.012889311097391257, 0.020080472116022367, -0.054487138502618014, 0.0478916850120823, 0.0036522398087085817, 0.011837668252531271, 0.06369398225233826, -0.006351961787100033, -0.04614516344253053, 0.03818742982014374, -0.019694404799924185, 0.04439538302366768, -0.08128916718204612, 0.009119912906952595, -0.06385432064132164, 0.027557534999142153, 0.01404854778444984, 0.044549257710394426, 0.05221960668872248, 0.08706389590496576, 0.0478862679303092, 0.03251361975620069, -0.045428280965797145, 0.03564611866415646, 0.031046963053713843, 0.00667698638054277, -0.0847526378555037, -0.05862549793970201, 0.0036259266141713264, -0.045941858314153185, -0.041823702178850404, 0.01686234767759442, 0.00903221785273062, -0.00371672425010591, -0.0062938398730613505, 0.051023617904874335, -0.008074935392749186, -0.004995667072392205, -0.02628098182886307, -0.027541759041303824, -0.052040922695557615, 0.03202013015603335, 0.0457347359799436, -0.007962504743317018, 0.05512523823501236, -0.04054698237200295, 0.008153995834638163, -0.027271062748305288, 0.006303165744438758, 0.0083568472277856, 0.052515389245242045, 0.05514515393057126, -0.007398382335193084, 0.08611125516200767, -0.035893114925269136, -0.00837147241847385, -0.043631545464591096, -0.012739850284552236, 0.004767068997453136, 0.07514819824942415, -0.027126045777485164, 0.01613976191000779, -0.032875457708958694, -0.0035909509294142334, 0.023681247931353774, 0.08648989449646668, -0.03143114772050271, 0.028904297815401176, -0.0035474886513582565, -0.04055640354623723, 0.013681712125876573, 0.11024406404069356, 0.00579042833392233, 0.006860624768269177, -0.08604665108038344, -0.025646770716907373, 0.0028115241911093655, -0.012922572197941082, 0.019941653079576186, 0.03343676346300267, 0.001691019716156636, 0.008249684601981349], [-0.010116099035860523, 0.04584165687065316, 0.022799238456938486, -0.10027877705946721, -0.01484964854453198, -0.028538427589996137, -0.024254282068262106, 0.03710199702638063, 0.002232079397084473, 0.055716556999649385, -0.013817341849288232, -0.07112987042634022, -0.008830051793693427, 0.14148078453864615, 0.1925626152950866, 0.007155639310805226, -0.004316879869522065, -0.0019400642141511528, -0.005889443400263655, 0.0033915930722351107, 0.0037077477524344645, -0.0112041370941709, -0.003492993577259217, 0.0005059484826632494, -0.008354331084347917, 0.0069480366504737524, -0.004470971107234497, -0.021826387869288096, 0.006099931512958446, 9.769401352811723e-05, -0.017792962966897922, -0.004798457633102944, 0.0009630301750432136, 0.002440583658075726, 0.011759286677986461, -0.018537138490346577, 0.003287275498400312, -0.014194610943445297, 0.008619326782017525, 0.03078885096550568, -0.008552238637197809, 0.004032301967408156, 0.03580325801585051, -0.01713615287148317, -0.022702905383680853, -0.014790581408791173, -0.004908655928245296, 0.014406260316570553, -0.006088020788401914, -0.018962682829567402, -0.012888653264387605, 0.01428304368443798, 0.026157366718684377, -0.005242132559055119, -0.01681643784004222, 0.00037538742043034535, 0.007389337487825459, 0.01025755500377643, -0.03620487424172437, 0.01821728700613619, 0.05417938489511157, 0.0103731223404818, -0.0014116738829584097, -0.004775886842092506, -0.02469893392366385, 0.016020759816569256, 0.012696701601986696, -0.009730671651375929, -0.00896470570388573, -0.0021706937109442002, -0.005486576493809136, -0.040207942233003245, -0.012141116843181865, -0.041129032826444714, 0.05179248628323143, -0.003862213473578009, 0.007735426485363199, -0.0027965745833632505, -0.01561599825655087, 0.03276112179410308, -0.012217150325066033, -0.017479861103050262, 0.015433012089220856, 0.014698611908155745, 0.031065932814895655, -0.011637341533828612, -0.010063114229879475, 0.021851087310218512, -0.06394695670701177, -0.0064069362566873496, -0.003258277667055105, 0.046120349671265166, 0.0003456972069731612, -0.03384001300261912, 0.014308429680281344, 0.01538371253038881, -0.022720750577731836, -0.001643550185722812, 0.013704608658398183, 0.026839842236639464, -0.011595009328797834, -0.024677061132894633, 0.01786136658234925, -0.06659192461804324, -0.0034375835755543387, 0.006740794501199241, -0.012363450771687778, -0.006123742225139254, 0.013564015256175602, -0.0030836790959718604, -0.010849485363508578, -0.02528018902576288, -0.02259069750126193, -0.0023479720632154344, -0.012025451533308761, -0.0286926749714513, 0.004633078174303755, 0.03608670751297873, -0.020129863566296737, -0.030415147294740114, 0.009646014425511324, -0.0011003317074760116], [-0.01404317790858553, 0.05468825346247847, 0.025006260514776512, -0.15522632471010092, -0.032254070354211385, -0.046923306046677916, -0.04473047786839348, 0.0716168019395335, -0.0005329131423455533, 0.0537437188887347, -0.024301780854925254, -0.1142735870569759, 0.12600377881426428, 0.1925626152950866, 0.33848995915039054, 0.012235893052320526, -0.004925113885603873, 0.004410311770323397, -0.00570822300269757, 0.010992862082082996, -0.0011394067363279506, -0.012183630743630016, -0.00815598126348055, -0.002126096308983855, 0.0002219824111886856, 0.0052512800856315475, -0.006498256167808067, -0.03203874359022113, 0.009115135112705005, 0.0035377827419482135, -0.04008720363083315, 0.015525798185303216, 0.0029109706394535987, -0.018731097087654566, 0.009369037831998949, -0.03046414577566754, 0.014246625579866865, -0.01591255561570756, 0.008495108118545749, 0.024085368910500726, -0.008488330331308278, 0.004719016623518661, 0.05748373873470108, 0.0544128604772759, -0.06704166435823018, -0.010922134705749985, -0.012076910504145121, 0.027762137987033687, -0.013821756541995585, -0.011249133059939468, -0.040080218835875946, 0.029371646709693746, 0.04271708592290406, -0.01425067250937068, -0.02603794433330345, 0.0038195683517587473, 0.00941984591774007, 0.04496086836682227, 0.02457160470141141, 0.0350154850468035, 0.07676602745978593, 0.0218609667996352, -0.012370237400072934, -0.015261223513645207, -0.047988189377397406, 0.03020148898300255, 0.015305520190324997, -0.03075198063970971, -0.013401135206777617, -0.03434257386906892, -0.01646818774140733, -0.06282585424371603, 0.005043858346512639, 0.0063492667231451454, 0.051728832784710056, 0.017208486752024528, -0.0002496823209752075, 0.015264667620995539, -0.031218134180303624, 0.02973824472910457, -0.03429881486898427, -0.032996109250992445, 0.02961428691076492, 0.016329767846332353, 0.013601461961092739, -0.022839087449385044, -0.031719783557328955, 0.035692757698056146, -0.0325799169352737