{"inv_metric": [[0.4899418518410653, -0.29178952946792114, 0.14893953185437728, 0.24260196166402506, -0.022160728221730396, -0.05601502097895513, 0.013322540998358251, -0.021972295495414858, -0.0238251210178586, -0.03298840222807604, -0.08744693751299831, -0.05654759988374957, -0.0032290964486876837, 0.009208910890607899, 0.015133956016315429, -0.014795088839880156, 0.012827070126114707, -0.008119321872913629, -0.015238710925375747, -0.0037540636751133634, 0.02148753780795947, -0.0018885940224646883, 0.0028177945239118113, 0.012650441995522076, 0.022372131085416656, 0.015289293774911332, -0.0012100765997169868, -0.004320413606532299, 0.009090749546060687, -0.008395296282824604, -0.06135593131789572, -0.05459999570863802, 0.021063956498305985, 0.0815830239777281, 0.028571250714074785, 0.011615670867973365, 0.056952528980689504, 0.04473509244009451, 0.008904497961476838, 0.025554350199408982, 0.02186015035273547, 0.012686897248392661, 0.0050689547050551285, -0.015269159837553049, -0.029457940894599275, -0.10580983465582577, -0.03182915317591527, 0.0016427032394232455, 0.04313000415407008, 0.07966499151506257, -0.03578973995489915, -0.003629268215596646, 0.02217344766512009, -0.00772565199999785, 0.009965933354485403, 0.012215411576476518, 0.017308819555330923, 0.01849405514723511, -0.035512216460987914, 0.012512530953261417, -0.05731721887490371, -0.06886564437193432, 0.043592923589806015, 0.011902883200196696, 0.013289235310715597, -0.046980568384100675, -0.054975310233921, -0.06893156431017519, 0.013678226679631797, -0.051607380458754, -0.032655321862581015, -0.03384264301277279, 0.000292136401911984, 0.01952211381072322, 0.07946093363531419, -0.10595925090472293, 0.041112667218928534, 0.0037446884804816583, 0.014290523552776546, 0.0032884501847321307, -0.028923737504635665, 0.004783488699391255, 0.08377970310178627, 0.0033620336086242967, -0.03043311870111988, -0.004964412752343506, -0.0035414932335152737, -0.019872848748546588, -0.024486664691574435, 0.03277489086828513, -0.04408412625172677, -0.05095280161448104, 0.03457501417776326, 0.05798196808094159, -0.06205138552938038, 0.01874758592709187, -0.03554269328468635, 0.09991345946177074, 0.01918677796619806, 0.014376821422873541, 0.022379910662562445, 0.00837862661175281, -0.04217380803260955, 0.014372304021133134, 0.002094996510846458, -0.07975205805565598, -0.03975137691635318, 0.008974434166479745, 0.05032862310797562, -0.03001986489648971, 0.020946819850169506, -0.04826268518781315, -0.014463128293261247, 0.0063233915313925405, 0.050399800495735454, 0.02320196581891363, 0.013270472934350913, -0.018684513773639683, 0.025391971605803965, 0.05083311577028342, 0.006500861601593712, -0.002689382353606784], [-0.29178952946792114, 0.5875823339417672, -0.12894992693867305, -0.19393701620795584, 0.00720461652767893, 0.11878052237131564, -0.08878266517344874, 0.08834578426080145, 0.027101650912535913, -0.04851453185749333, 0.06609405725945146, 0.008680004076377148, 0.04666724974608697, 0.04505832037540538, 0.07843933939718492, 0.021510367302760684, -0.04226328977492704, -0.010380059984859177, 0.00695428961315932, 0.009942770171766204, -0.010953920789363362, -0.000961376402796558, 0.013248178298067353, 0.007355547658306877, 0.0016223164758651185, -0.009992937591502266, -0.005691565424012091, -0.01723544177139099, 0.0007831871758705426, -0.016319414814203147, -0.031144306384722202, -0.03152855029304738, 0.03210768353461018, -0.01412681052120959, -0.02421823266267724, -0.021201995286866167, -0.08093614710356649, -0.04151180452514935, -0.010607280533603757, -0.04404288659005196, -0.025914945368184752, -0.006131328106334399, 0.09087466015249396, 0.03245768597894752, 0.03665540671372828, -0.025417642115384595, -0.013455573893995335, 0.03265749098179952, 0.006196459601235824, -0.027706397947283013, 0.018559700239925862, -0.027388147498610262, 0.039965219375252735, -0.025832534620265697, 0.019819976399347815, -0.0063216164375114875, 0.0032988698144029048, 0.059666906252085275, 0.03301957866929391, 0.025313133175547606, -0.0184562780520882, -0.027223135984887212, 0.030261760949076, 0.017746617522813826, 0.009000283038067072, 0.007363907825197983, 0.03544798626743075, 0.00744972095571637, -0.032881738508877045, 0.0670771548325464, 0.020202919824747333, 0.0069932086912440905, 0.009774040377566623, 0.014603266726904146, -0.013441697943843669, -0.00030135715936593883, -0.06057202093945752, 0.07344297312653164, 0.011986841402950579, 0.008876732674781255, 0.029629258447305736, -0.020854256508853607, -0.07916609717631748, -0.01697038421190419, 0.053470832449121986, 0.019711231195391334, -0.013930987282418686, 0.04478685554820743, 0.038422959312146655, -0.0162214796943012, -0.04196030235191226, 0.042951341523672935, -0.007944335575133571, -0.05120003081345433, 0.03132069446746555, 0.006240417661491218, 0.09847773787150357, -0.07396017947658307, -0.037621843086856996, -0.05265075204763521, -0.03265265586796592, -0.03658636824005217, -0.0043839471015129925, 0.008215631812760875, 0.00993690890415405, -0.024929473973576685, -0.022288618627292933, 0.016619991323038166, -0.0226638325582888, 0.00012966423038588174, 0.006941003011584047, 0.006318977567105522, -0.019874561811140203, -0.0430427410137552, -0.05677432136903551, 0.01040910689131853, -0.018135432360061744, 0.042147805545278014, -0.012230615846300568, -0.053545315171644764, 0.003532677142603013, -0.004281899292008717], [0.14893953185437728, -0.12894992693867305, 0.31814789487789885, 0.030283548375313815, 0.030218543629768554, -0.06430800233742588, -0.018031153642068504, -0.022252986535282238, -0.00845199504411342, -0.04891734890573003, -0.0190581782515917, -0.026249363028510105, -0.07500331396853267, 0.029738988061149524, 0.031129420917731083, 0.00955106392954316, -0.0027078553091406843, 0.014968540863461851, -0.0069506164602123515, 0.005607989495898285, -0.003263333535239418, 0.002489166405556832, -0.004872403886786065, 0.006947692694785465, 0.009188946420489003, 0.00122337057710611, -0.005062350420266027, 0.0042240837412350326, -0.011533135086580656, -0.00359221031985756, 0.0052425792275497835, 0.03165735226262818, -0.11343204962232215, 0.07578578949307314, -0.05109991225252731, 0.05669786670875496, 0.049990509042858934, 0.008208577993425866, 0.004821205675671495, -0.03402474890872772, 0.002270975260234596, -0.003583793386763258, 0.003716839200656217, 0.003410520802601744, 0.006808719246543111, -0.028683999875545454, -0.0008148142227958066, -0.07390362124887738, 0.03235107987512805, 0.021187604031331003, -0.018938241217073916, -0.04218103650566296, -0.03442049691186767, -0.00862299415356002, -0.019052799609853663, -0.0013775762428055022, -0.01611109245365591, 0.004061822301985187, -0.04598396904085846, -0.026634837665477577, 0.008894953566150747, 0.012431668237503008, -0.050951138451556986, 0.017976394253663337, 0.0111236590013606, 0.005610636010117911, -0.009688712546465765, -0.028626237386521067, 0.006552284399621131, -0.049687634020631484, 0.0176385064943228, -0.04207331853494564, 0.00624789694825134, 0.016663873917789347, 0.0661050666504811, -0.0035702374474104806, 0.05582470937900299, -0.06495773249216966, 0.018105878813155427, -0.01855554998137234, -0.027043884195334166, 0.01660630567207242, 0.055381486480971354, -0.00510203724721469, -0.0024621119473512702, 0.0034574412019832365, -0.03923162065260673, -0.021300925117808317, -0.029123503460199165, -0.015563712946934214, -0.004301990467539606, 0.04720145766670688, -0.11053423367713897, 0.039867258410339106, -0.019319600057029384, -0.0055994984281449375, -0.014952224741251949, 0.06519464621467991, -0.009409404815765824, 0.011022453442045744, 0.0011463706640605967, -0.02004128589582138, 0.008860896915265183, -0.00690212136764405, -0.016732725875340387, 0.01268880344513878, 0.036312545728024524, -0.09957043106719718, 0.058351464174203733, -0.0039045840475342665, 0.023624345322424096, 0.03815422816591377, 0.020269766722480743, 0.0061326143685146, 0.044741940899810616, 0.012565025889835608, -0.01407196663279379, -0.029252794918714475, 0.015727946313610398, 0.011107418782597276, 0.001078870144957238, -0.00013015884177279164], [0.24260196166402506, -0.19393701620795584, 0.030283548375313815, 0.4428214889180882, -0.034596366232909216, -0.005447513924730336, -0.04244826877894574, -0.010347748742398867, -0.01556765485993897, -0.0010203414296924168, -0.05860868964049107, 0.02507597345039311, 0.05484746309036037, -0.06468059154840292, -0.1086294213915354, -0.012544087343411106, 0.008931452432780467, -0.005589775417207819, -0.021890912028899916, -0.0006314636469415424, 0.009010536397067434, -0.006044422775404101, 0.0024653257269827214, 0.00615928840163858, 0.009374736449695407, 0.010812746770172467, -0.004916725593299762, 0.018106840762196142, 0.002688717587262976, 0.0025979657085580033, 0.05837812605950946, -0.053680212184078126, 0.11624481535299412, -0.03402944191768971, 0.0007398890600224404, 0.03966565506876597, 0.04399117449043264, -0.014482141602024032, -0.009660492242130137, -0.001485569777257104, 0.04252140886754546, 0.012559901842801336, -0.041663836086432794, -0.019736941626502132, -0.00817666927114598, 0.023906840130000773, 0.0195637895359809, 0.03524076251329127, -0.06548472708547778, 0.06025841751596532, -0.004272753981103315, 0.04618883804630731, -0.01660443917805388, 0.007076630882990816, 0.02589458754771264, 0.013664381093371212, 0.019539613113027876, -0.0110419222987341, 0.009606689665649691, 0.04055273443191645, 0.0687298422368301, 0.00011531602273740886, 0.03713141846105067, -0.03976684787675198, -0.003547061586810593, -0.024775747888403983, -0.013482340425914868, -0.060854292593260355, 0.00044474557374150447, -0.028732881821803048, -0.03509444688577514, -0.008922075050804447, 0.01002977054757405, -0.025067978769664965, 0.0058347622880273635, 0.043328461168235646, 0.03721267877795989, 0.04300041648362873, -0.06240432136198447, 0.00637750100478111, -0.011545940745442681, 0.036204275829607044, 0.04067615111172679, -0.008376067973821398, 0.01184088032035822, -0.01873716303090794, -0.0012807720023983345, -0.045457951960775414, 0.004038269264268152, 0.04116923597097884, 0.02872235025378848, -0.057828687735786886, 0.09438501573597209, -0.06448678081989126, -0.0633399493684871, 0.041895803832221724, 0.007633986367377935, 0.08470276757803531, 0.030968816592603168, 0.005510355167197771, 0.05235818801650562, 0.054305351484009175, -0.0015327408954720738, -0.007177826838194653, 0.00670442115869073, 0.03092214071949729, -0.00774955412008305, 0.04284694621911295, -0.06863094469957619, -0.015800900688502078, -0.005637188432494585, -0.05394047043235351, 0.02779067333955106, 0.01256878055242887, 0.007903640923580571, -0.020372081856903607, -0.0032816832618159874, -0.018522292176176288, -0.04840064362453775, 0.03282165661628092, -0.005073679605818699, 0.007602132691919172], [-0.022160728221730396, 0.00720461652767893, 0.030218543629768554, -0.034596366232909216, 0.8499523815802636, 0.0290658244994227, -0.07395002484855152, -0.04602243947082134, -0.0019343895454897516, 0.010491780434417371, 0.03487833897913803, 0.005075996463150474, -0.08232837618757685, -0.000982431521712718, 0.001188690254783253, -0.011317651991719819, 0.01285620926637219, 0.008137089556067614, -0.011538537437028781, -0.0034788192846414035, -0.020974529761904136, -0.025133065176429065, -0.006112748022995186, 0.01990702716076646, -0.022283943954234896, -0.008635397057722633, -0.01646687630143579, -0.0010637934139409095, -0.019033895177886975, -0.03141331717436693, -0.06414480383142522, 0.032859711442232035, -0.042720738186860695, -0.01517419508668961, -0.04894702603534221, -0.004947691896834643, -0.020216564375318564, 0.05259289582585362, -0.002736809358083085, 0.048541207793361935, -0.006042633601542644, -0.004944130918066928, -0.03783032427535316, 0.039926539805402506, 0.004337045510013319, 0.011750392563746865, -0.01065305777432111, -0.03205199350432321, 0.020846251137495695, 0.045741723787233644, -0.022710486403571286, 0.013026945597701275, -0.07791386981098507, 0.011557601762461848, -0.0117264152740099, -0.02596676675621606, -0.034963149671324696, 0.012041748888643308, 0.027514161185561284, 0.005511087780236637, 0.007226852617984198, -0.01730902991395892, -0.0285927689006836, -0.010049783663221208, -0.021727589887899055, -0.01614974649515921, -0.018745605469548742, -0.005407336740849471, 0.021592458645105724, 0.05899442610662856, 0.0054381182493092395, -0.020867785260582968, -0.00999805627573493, 0.029298006026013037, -0.07042193755515867, -0.05931876710498015, 0.048510058858093286, -0.014977016887256535, 0.03408783203820205, 0.05663929663809374, 0.07205797144721611, 0.004209006096334096, 0.1099779330327083, 0.018708670495155493, -0.05435111510577001, 0.02648156110090473, -0.005841636128398732, 0.030780801286733977, 0.02547503056251689, -0.05503294649786948, -0.015387451373302873, 0.09391530175770574, -0.020044376499255574, -0.020657549129464974, 0.016472263465738265, 0.018737757088865672, -0.088934687614103, 0.004313838150379479, -0.01972084714163145, -0.0488731666732331, 0.008550556437725008, -0.012959142168409404, -0.024977515215505966, 0.0599926596128573, -0.0011405015609881244, -0.018101399344328143, -0.019475039313038758, -0.050955825261045404, -0.0037162610396579503, 0.012469521882146156, 0.008021411327495983, 0.04921257550797068, 0.005719400446242949, -0.01179893705626673, 0.034428107171372, -0.030536059150610632, -0.02128987577969751, -0.006621916584409563, 0.008577839873194588, -0.06056547700013105, 0.0020475559937181524, 5.78172231894499e-07], [-0.05601502097895513, 0.11878052237131564, -0.06430800233742588, -0.005447513924730336, 0.0290658244994227, 0.5021409451274368, -0.08423254845852585, -0.03446833073383416, 0.016835556630284805, -0.1014650313840665, 0.10569780092154035, 0.035563215716450686, -0.03924688011660854, 0.0028166103226629877, -0.003926721059891494, 0.01233989878586731, -0.0205746497949533, 0.0025450578570784584, -0.0005764316268074243, -0.018123792525007943, -0.007377660295350144, 0.015861489527135137, -0.02325528894854446, -0.005228995584634611, 0.01109180903357716, -0.020753798174723004, -0.009926653889106142, -0.007377100431221063, -0.012097102298302409, 0.016855246206325614, 0.02915901697632816, -0.028773380716072133, -0.007915804952670037, -0.0007204050210075139, 0.020971015502226215, -0.06763554208783262, -0.035614364767088645, -0.06983701832001704, -0.021811118990931126, -0.08316794411817262, -0.0554548661306762, -0.024355798570126753, 0.011748677410435317, 0.03538081836726459, 0.03976684444868101, -0.029922045610881017, 0.008597151337204546, 0.00835518722652835, -0.003996090024269369, -0.003007080169306508, -0.0055402551931796416, -0.030855583632576216, -0.04438689278560016, -0.03713386483299952, -0.04656585655747814, 0.02510439563495206, -0.011807554385027404, 0.09774590565431317, 0.015990519717456107, 0.032606746562223225, -0.009574140961909316, -0.002616663849425876, -0.056235135154571875, 0.04980964623857895, -0.06477175181034751, -0.018085154059574688, 0.021177330645060194, -0.03012798393994678, -0.004691156978717293, 0.010385410389735535, 0.005927629752002295, -0.02036492682765753, 0.08250303320267355, 0.007250007047708972, -0.027030132187378247, 0.02909811083926115, -0.018837409156357662, 0.032627325942097204, 0.0362142427086436, -0.012605693147806882, -0.04946489681712689, -0.007762387916571205, -0.04303232871176462, -0.02362152147469018, -0.07626287377356526, 0.010128987550446203, -0.04264030699491571, -0.006028733493979059, 0.027403902123152073, -0.003862799753986747, 0.0018720840158639538, 0.039492684410239114, -0.012682049701703524, -0.015403416685820395, -0.009610828568018972, -0.03364210734838394, 0.005650745390944717, -0.08554938881228254, -0.015215803760168642, -0.01918936920638659, -0.010484098086940079, -0.0200077940032572, -0.023777399960116383, -0.0004455468504133927, -0.02974909628416982, 0.017517155346636955, -0.01603043866146073, 0.018017925772102077, -0.015198383115520428, -0.04308960764923231, 6.789168858855134e-05, -0.024128369864223665, 0.01017358751573746, -0.01685226741706374, -0.035079171343389365, -0.0016349740550505973, -0.0447821966126809, 0.019878129981209806, 0.009126559096189178, -0.017840502197809853, -0.007103974684311445, 0.0004381919475360518], [0.013322540998358251, -0.08878266517344874, -0.018031153642068504, -0.04244826877894574, -0.07395002484855152, -0.08423254845852585, 1.0981743122068313, -0.0606896710399609, -0.0060303384991079005, 0.023343370611992827, -0.004877023742282924, -0.043577693939325604, 0.04173236673671447, 0.007671204693596563, 0.017285282006811505, 0.017003646364180513, 0.011556655741755168, 0.022847259579318466, 0.0016754370715828767, 0.014514122178098629, 0.02518429086423402, -0.023025919947890997, -0.03183683767204772, -0.0012722853400484071, -0.0014268767749429983, 0.026438469636137916, 0.018224632961837742, -0.006925312057353377, -0.030266858377956528, 0.00483270031075238, 0.010610765823045818, -0.0304387527858101, 0.034566477081252864, 0.022049688629237032, 0.1172553986250593, -0.051592189553418294, -0.006320163557966518, -0.023425046803482983, 0.017306894385360438, 0.05497398002954015, -0.03474668176954877, 0.01761438216075252, 0.09842684903029061, -0.03167356910646267, 0.027894954581388937, 0.017729081376495856, 0.029603660045099497, -0.01636727126411533, -0.014475173852296746, 0.025467212766842703, 0.08435780650180474, 0.02746376455639795, 0.04779707223284835, 0.012393334942240342, 0.001195632251508456, -0.023674517139809826, 0.009570240304428494, -0.07740368430583858, -0.024219741451622246, -0.0007072267483744836, -0.05247348006027507, -0.0014522117007331812, 0.05812065931639267, -0.1037423186867069, 0.02844289671340731, -0.0020674620312633833, -0.032097129545456654, -0.03004386212932406, 0.008609507219623154, -0.02753059454931806, 0.04563507369058904, 0.01674172631271057, -0.10074843761026128, 0.006287080426651025, 0.016081462413757273, -0.04989639777551278, 0.03231471900422725, 0.0031682935165968373, 0.014239964053181259, -0.03438450965561345, -0.026662040802656974, 0.03235264542320572, 0.08417908635272985, 0.006013509383260534, -0.01093141248890263, -0.041099759622533094, 0.057375165230911615, -0.022480615317668304, -0.015352312140082303, 0.050996408657445286, -0.0129754263969482, 0.025256938717137467, 0.007864313601971344, -0.047679489491242844, 0.08887584899283404, -0.023556419686329346, -0.05331587870625914, -0.052651769942946645, -0.007457447178499568, -0.0806211211629595, -0.023941556939544296, -0.017314658698349607, -0.17738511509833768, -0.00016832000790526625, -0.12260408533520202, -0.05856130329982089, 0.11414260001496528, -0.03148653309927962, 0.0008740250604722554, 0.021631077383873477, 0.09163442258282908, -0.04045760788900938, 0.018513505688904978, 0.00706302377680866, 0.06644226774082161, 0.01396469092878975, 0.05290773986035534, -0.1591272025621043, 0.09441551467459179, 0.06762168845937533, 0.0003203437173741816, -0.002767855548003957], [-0.021972295495414858, 0.08834578426080145, -0.022252986535282238, -0.010347748742398867, -0.04602243947082134, -0.03446833073383416, -0.0606896710399609, 1.0260911642153616, 0.008801764727688913, 0.0006352890899836639, 0.0064263152574401605, 0.036889949955878194, -0.03505116576239363, 0.006583151058747971, 0.037263774824219685, -0.009673270079276916, -0.000985432890667399, 0.01714807279995188, 0.005863396049628316, 0.008672915968756302, 0.012588917972168111, 0.031070466555903026, 0.027163981005339954, 0.012040178425276306, -0.019333714453359734, 0.02973126649157285, 0.001804891799157043, -0.0050041125020202195, 0.024614268928279007, 0.00641946717652087, -0.07197738781716857, 0.10999182213414187, 0.00044199940550047304, 0.04132046428387388, 0.04137340136332358, -0.002573020536557265, 0.005215448645925858, 0.009310151887158771, -0.00943154335167721, -0.003735172915050568, -0.010721430463368611, -0.016192994966074757, 0.03829016226949568, -0.005825660267113657, 0.018427212709744602, 0.09863656350380566, -0.08204888283192005, -0.047203112244401366, 0.0700836315571886, -0.08646864049785441, -0.016155618493477228, -0.021695329410006396, -0.0322514740030724, -0.04951859302621386, 4.753010208652117e-06, -0.06888600638892277, -0.052992438114743724, -0.13173233048869615, -0.00599973440563802, 0.0047592589218357715, -0.011633767107179532, 0.07999995505513821, -0.06681228611975795, 0.05732058066658146, 0.042638875374014194, 0.010475721916997256, 0.05263355465602428, -0.02659206137363114, -0.005741245545879611, 0.06191420722707219, -0.023557080841409665, -0.0187181275217832, 0.051396626576920415, -0.0037920316568308497, -0.016947481542544725, -0.045588062817682726, -0.0025278592581318956, -0.01058761659834187, -0.03658016298795333, -0.04784264691798847, 0.007213641994754911, -0.020786467797807108, -0.049173720820659975, 0.007459208645311372, -0.06961730219222115, 0.01192855540018814, -0.03943816252989478, -0.028197925269931767, 0.023356076115496144, 0.042262795189622525, -0.043761543670882225, 0.08659832634437724, -0.0190188845397008, -0.0038855687111151583, -0.030620341734970618, 0.0461529184013592, -0.022573732682383673, 0.003369388546695072, 0.01953118379968004, 0.04968908747852625, -0.026413998702149877, -0.03731406854089188, 0.049398486683426265, -0.030461734663162744, 0.033230282044558246, -0.08822123562788597, -0.01690728546338148, -0.06787650945912937, -0.03536584676396975, -0.012209759514977896, 0.003125899639590508, -0.01538111678129425, 0.07901767546408836, 0.0004471415305760586, 0.03610025729545894, -0.06516232543256999, -0.02234767138563317, -0.012520071988806714, -0.030685258040616635, -0.018024475388411825, 0.003607093119424745, 0.0024035231705752335], [-0.0238251210178586, 0.027101650912535913, -0.00845199504411342, -0.01556765485993897, -0.0019343895454897516, 0.016835556630284805, -0.0060303384991079005, 0.008801764727688913, 0.04954503896039772, 0.006433387115489904, 0.008904462322639597, 0.009949173844291635, -0.001702395073370257, -0.002101766827676502, -0.003759487944304304, 0.0001136407422319691, -0.0023965201663535994, 0.002300209791788974, -0.004657831354098934, -0.003251190285574784, -0.0016690058016299496, 0.008665751354868047, -0.0031289841885285465, -0.005739827849101296, -0.0010969855633486765, 0.0005778338636792034, -0.0021136502101627265, -0.006280234017410564, -0.004669886483197405, 0.0017417935488603313, -0.0007350036456114624, 0.0021485453142987858, -0.009114050535136866, 0.0026735170003067336, -0.007994171644530389, -0.006528993370682898, -0.00848767859557767, 0.0009908376466871253, -0.0777413463639615, -0.004247094482713411, -0.003587869800621147, -0.006291951727422689, 0.024981465764563345, 0.0030156299529514492, 0.0019080663570008895, 0.011072868900306954, 0.0020165207770834765, -0.007108114786243062, 0.0018671839818593936, -0.011912018614608657, 0.013797541568850718, 0.019425019498513087, 0.0009673324378251408, -0.08710611669668544, 0.00027757402326856773, -0.001786352385622079, -0.007836080780775615, 0.002697865290472155, 0.0019116963120290535, -0.0011414608696040077, 0.0009044294230865412, -0.00687156723017055, 0.0018281320405271286, 0.008611287220326015, -0.00789696554312265, 0.00045775058477717914, -0.027761879470346633, 0.004991383916228137, -0.0867600561407773, -0.008480292160027653, -0.0020434594062096367, -0.004624472870334472, 0.013789776220167227, -0.005841602050131151, -0.0017425758488128944, 7.804692633227967e-05, -0.0055187129805757545, 0.006012336897496185, 0.011663485543988467, 0.015426047258368611, 0.0070688449851403455, 0.0034295105446313003, -0.0032613391800323304, -0.07705916926833717, 0.015628421201168998, 0.006840701658486774, 0.002240362157625811, 0.008985648062007271, 0.0024872034399164833, -0.020384085284585362, -0.0007266970661058231, 0.004024651528888319, -0.0077286901061053605, -0.006959223296836973, -0.005897292027390725, -0.006866501489537768, -0.0018426792788543676, -0.005490581844484191, -0.07633453674128726, 0.0004902083886921547, -0.008344414900778481, -0.005879781146266802, -0.005259635582022188, 0.008044922395838114, 0.011095568206326666, -0.015189524248759972, 0.026471122967921278, 0.002347401862257979, -0.016349429546796093, -0.03673301658708666, -0.0008197232092015792, -0.002397680388783523, -0.010532411518572465, -0.07925641516960631, -0.004755025771644799, 0.004093046727009552, -0.009514364833937024, -0.01663553143943775, 0.008388413212095592, 0.006621007564232501, -0.00204307258235998, 0.0008546566785427488], [-0.03298840222807604, -0.04851453185749333, -0.04891734890573003, -0.0010203414296924168, 0.010491780434417371, -0.1014650313840665, 0.023343370611992827, 0.0006352890899836639, 0.006433387115489904, 0.5927010448010968, -0.031445519415981144, 0.007060861531477277, -0.07708440742152692, 0.012820277374977365, -0.00044339359026636323, 0.021951276472885556, 0.01997805779906462, 0.022570749029442, -0.0236781066317215, 0.0060812589014893476, 0.042306644701436115, -0.001718124519339567, -0.004033744724394593, 0.0013681727996903046, 0.03082580354958121, 0.00029306162645659824, 0.01002869518681665, 7.654498749538504e-05, -0.0023649910504300185, 0.009703838436405399, -0.0042876681182369, 0.023090605467241617, -0.024500988889302855, -0.005990677999523993, -0.000572817568616222, -0.12473917368977516, 0.009561692766832795, 0.07760994809585223, 0.020571258292764027, -0.1096580653553051, 0.03614919208620697, 0.031393642460840795, -0.01800497423513031, 0.04135424768713461, 0.014100822264986273, 0.07820461473219437, 0.02733040943187907, -0.05520532699882275, 0.016267758361060442, -0.08711827835537896, -0.07676879422421976, -0.08529258580698214, -0.04154576945156184, 0.012304090829965482, -0.12202701405000113, -0.05281997183323372, -0.018796888283008625, -0.07361845011849674, 0.003534846178760115, -0.08417645779120246, 0.020112595031711634, 0.04995658154901785, -0.07001179683672032, 0.03594972551832921, 0.07091457265015357, -0.044147353357888504, -0.05316484128636532, -0.0008393191509760983, 0.013011420130022442, -0.07492900927615409, -0.040767357770050576, 0.021121290110605824, -0.08423386670604743, 0.05378806812744243, -0.03002322929509046, 0.029909208941605384, 0.04040052819281929, -0.10498989781940189, 0.022560185351259872, 0.056427862204527515, -0.043112711801909405, 0.015268495307711362, 0.03386729406202015, 0.018052636195369447, -0.12718083766060706, -0.043877253987302585, 0.034747079031703425, -0.027696107811760073, -0.000215589809242416, -0.0786696505516816, 0.034175074741479405, -0.026527499952180768, 0.027095306010954345, 0.03821635669993852, 0.039275153744811026, -0.05078440098315284, -0.014115572376468793, -0.027476563593514972, 0.01572244511703431, -0.07260457855229496, -0.008167719762495276, 0.0083306221499829, 0.048586768054675766, -0.003972037477735235, -0.01346955496303906, -0.030276179744227454, 0.03644039119206105, -0.04121649343318358, 2.6811882380346942e-05, -0.03388704618520995, -0.11245275617981168, -0.009053110483577096, -0.037187329810588435, 0.0012005090263063573, -0.07833838130215949, -0.036075802186586056, 0.027591274815875786, 0.004103847196396779, 0.010107373178574472, -0.003508884123681466, -0.005377203156985342, 0.01068847266962469], [-0.08744693751299831, 0.06609405725945146, -0.0190581782515917, -0.05860868964049107, 0.03487833897913803, 0.10569780092154035, -0.004877023742282924, 0.0064263152574401605, 0.008904462322639597, -0.031445519415981144, 0.12256996566125597, 0.02344776795994746, -0.006807476843270483, -0.002485895193336507, -0.003344501100559616, 0.003954930615090387, -0.012819493201204325, -0.004702876226655038, -0.000548136776503974, 0.0017490259142793744, -0.019324152933859678, -0.008583996423316299, -0.009391480408896157, 0.0007909265975419308, -0.0021246677095222116, -0.02271671823729853, -0.003658147231404171, -0.003925453651211164, -0.013636526879992518, 0.00914774116184589, -0.018055531250637816, 0.02998223179451072, -0.03370227877384144, -0.024923496594767412, -0.0190523530944649, 0.016843009822060044, -0.0064640184526488995, -0.0199883459054085, -0.0033158438479523114, -0.01162604761021137, -0.09858266694495507, -0.01216838133042213, 0.01899930818377402, 0.00942352746052528, 0.01915517684879447, -0.023628588971804518, 0.02432823501989409, -0.0041569198831408125, -0.024652288764140065, -0.021697865786181325, 0.026981152318186832, 0.012237320610972699, -0.007742933939893218, -0.008495098422623694, -0.006787343107507395, -0.08073693594871585, -0.012630696993636746, 0.008716458924145114, 0.017051452891323378, 0.0005942468872373978, -0.0092132881472268, -0.009082465810248831, -0.0007760162861497661, 0.0009047047296170244, 0.0024215781672350676, 0.02022079737750469, 0.024493167540938648, -0.005036517143155544, -0.006449106354423506, 0.008873211982272899, -0.08552079224552446, -0.0044346665367106025, 0.007647774440787722, -0.004391000680528865, -0.021632180019355636, 0.011086869983634836, -0.008261933113873052, 0.004747068113738876, -0.009375142670893961, -0.014210797708796252, 0.022587012546835566, 0.007150253958174176, -0.003588418016320995, -0.012213876075415535, -0.02785401502913019, -0.07850330555285162, -0.023408090203000803, 0.011109109778243767, -0.0009127306961599727, 0.008957381626019464, -0.019074621858742334, 0.02049105239376135, -0.005111791744682669, -0.021192247113668978, 0.01043991109837185, 0.006641893151181658, 0.01867986611900644, -0.026517296384784016, -0.014214098648757131, 0.0045839572596896175, -0.07278147118764813, -0.009008485541478322, -0.004800524173010378, 0.0001985084569845301, -0.01636223563915639, -0.02182682542616, 0.02016146679286842, 0.01361262425203527, -0.02937476168589839, 0.00298861347751523, 0.025310398510700625, 0.023964578720835693, 0.01506612839957451, -0.01594589359948859, -0.018490208750591725, -0.08141908375649817, -0.023652150439059064, -0.03248771850765962, 0.012399193760557752, 0.0022884903976843423, -0.0025076827012912284, -0.0007434936090664867], [-0.05654759988374957, 0.008680004076377148, -0.026249363028510105, 0.02507597345039311, 0.005075996463150474, 0.035563215716450686, -0.043577693939325604, 0.036889949955878194, 0.009949173844291635, 0.007060861531477277, 0.02344776795994746, 0.20270441765560082, -0.0075922633831150815, -0.07974102890515011, -0.12010735772429015, -2.3659230400008457e-05, 0.006649761514659792, -0.00478479362606393, -0.008602817153196192, 0.005512738863220932, 0.00218496347044635, -0.002011173840538879, 0.013521895770874967, 0.0024566139924307832, -0.01162095996032432, 0.0001572419772350783, 0.005449858240586802, -0.004667852959309301, -0.0021836516970482407, -0.0005487958897385411, -0.01685218661586974, -0.002967485554034707, -0.01901917268413272, -0.0054341711189065806, -0.00902578825696491, -0.020350123154223135, -0.03879663927486771, 9.59849591028201e-05, -0.01856428584110261, 0.04286550012216001, 0.006113294467256832, -0.14239089571052754, -0.013250538427164721, -0.0017850889655426088, -0.015079712082675672, 0.028042101850123114, -0.02974591417552592, -0.002527843219714748, 0.0110773074039734, -0.010482086351988008, 0.01881159642303686, -0.017989454536940536, -0.01332660333590349, -0.006906304571364458, -0.044718528864945574, -0.0019885465850381662, -0.15039153421670837, -0.020798439412665765, 0.010630160549732159, -0.029651481413064236, 0.011583930114388089, -0.0011627698807279898, -0.037026377332275554, 0.03889597500451605, 0.023182201454445838, 0.023848898593856964, 0.024793875079856757, 0.011189326559511643, 0.0003006390742875442, -0.004382041935789075, -0.004318148059745691, -0.12992744038226278, 0.04273734420159463, 0.02402634031875915, 0.015935250107357947, 0.019698629223389205, -0.011296890435830712, -0.0035147307278923815, 0.04542255826999786, 0.00978844667145196, 0.010480711952419888, 0.040843096251558485, -0.006065607553208299, -0.018214301217747662, -0.01454514294205237, 0.0003153667703127571, -0.12891828629958696, -0.0008490633677834334, 0.034622413847836375, -0.011555037812579744, -0.028106693196213884, -0.011395030484619402, -0.03275252706297781, 0.02706516259335847, -0.019839365147721385, 0.004302956571432806, 0.014265127109560849, -0.018243050518942452, -0.011437876213203522, 0.030259369832479593, -0.0006106662284275475, -0.11465580906743526, 0.06751799329739516, -0.006272023545590184, -0.027470115291160672, -0.02116462256199565, 0.001956084627285621, -0.012688372306646156, -0.0030426847469331732, -0.0025718248187915137, 0.002759216269940084, 0.000300622213117964, -0.004111804335927626, -0.014363494632774447, -0.013572870815875625, -0.010157294427585242, -0.14414617362934895, -0.02055950479638427, -0.010048075007069487, 0.0006338813566091152, -0.007365262468349106, 0.004162760854766882], [-0.0032290964486876837, 0.04666724974608697, -0.07500331396853267, 0.05484746309036037, -0.08232837618757685, -0.03924688011660854, 0.04173236673671447, -0.03505116576239363, -0.001702395073370257, -0.07708440742152692, -0.006807476843270483, -0.0075922633831150815, 0.7097376818156845, 0.008322128704685216, 0.11710581157940139, 0.008157697834564463, -0.0028907630955437294, -0.017564633341393455, 0.0017760246673658195, -0.010087949264182357, 0.03723362284180023, 0.030923315736083264, -0.02947230846565466, -0.00887386210535436, 0.012424264465361552, 0.017154996303581933, 0.022154204596700793, 0.0032563723074541303, -0.006998841035954566, 0.007656496956686271, 0.024200544243172948, 0.0006528956552005236, 0.040704524578579086, 0.011971676489565507, -0.03590671951637393, -0.026335290258958668, -0.11009136476645859, -0.012301957834150846, 0.01973317761540553, 0.02385233715014321, -0.024099581968188594, -0.028880037742172376, -0.07274328904832408, 0.036163578753712185, 0.03975179740584735, -0.0004142981779692183, 0.028545199574512674, 0.029886682448808058, -0.018087095348129377, -0.05110017301388767, 0.00911820933468701, 0.03893131844721048, 0.06855733476704132, 0.007644291995025416, -0.07659199064646441, -0.0036464399245999275, 0.02346520243149802, -0.004833400277412845, -0.05068829472430692, 0.03424081427822917, 0.027170043062464507, -0.08901678386682027, -0.0016654611654760413, -0.0015337529270658048, -0.10575248811640126, -0.03401258353606598, -0.04819839915288602, -0.03710528447643994, -0.009536144754779043, -0.04367418452276934, -0.01990030759361167, 0.05319762287282991, -0.0036524809808330394, -0.061339082234185084, -0.047422505434461595, 0.050358100120100543, -0.059700920048570826, 0.03620236302649493, -0.004736277668802575, 0.0652020908887785, -0.047360381586704525, -0.04115081346664301, -0.011739737170221398, 0.006559228820172437, 0.016898312525489907, -0.0337249507703875, 0.03782788799900933, -0.0036720525160688685, -0.027625548469342003, 0.011864312151788277, -0.020534607019738957, -0.007645598288082315, 0.02259941507360448, -0.041152731351426865, -0.0071825671107388946, 0.03956178257130938, 0.10638633486302287, 0.021706560164345225, 0.009813218052601885, -0.06024881584518936, -0.013488224712542712, -0.009184453733607054, -0.09644893685731337, -0.013879584332816306, 0.04939261926652146, -0.01796179737587678, 0.055238671373166334, 0.07600620289780015, -0.05366505197560467, 0.024206681427211153, -0.042908154418107934, -0.02561397607007439, 0.0030525001695630113, 0.016969277035023923, -0.07520361727948661, 0.005753468181721048, 0.034296308253998306, -0.06810807593933203, -0.009673265860645111, 0.0695624717019212, -0.002442734052868395, 0.006652203425082631], [0.009208910890607899, 0.04505832037540538, 0.029738988061149524, -0.06468059154840292, -0.000982431521712718, 0.0028166103226629877, 0.007671204693596563, 0.006583151058747971, -0.002101766827676502, 0.012820277374977365, -0.002485895193336507, -0.07974102890515011, 0.008322128704685216, 0.13546773812456903, 0.18302596565656606, -0.0020081674695741287, -0.014852887825428653, 0.0003940790291825378, 0.0058993511028807505, -0.01030449364680829, -0.0069929635493912136, 0.0005109583237530885, -0.016977100163663078, 0.0033976899291959252, 0.009624773549332498, -0.001259796594639697, 0.005143624186190266, -0.0016487222712359088, 0.0024515448936605335, -0.005540624425727172, 0.008561772038586535, 0.003061931558087345, 0.005172264773409574, -0.016590155877362657, -0.02401424496386083, 0.02885602560987895, -0.0018860147270036137, 0.005903371351440901, 0.018300057097217468, -0.044789004416347075, -0.0017467465056247708, 0.006636523692962464, 0.014190073855186785, -0.025714072724795884, -0.013248443935560537, -0.002498895522290079, 0.022278793121442823, 0.002283719395361274, -0.007124927372967936, -0.016477659930470696, -0.013292180603928776, -4.121261617497722e-05, 0.006285624357042637, -0.0017771809857303575, 0.007365786465835333, -0.0077739746894753305, 0.01579134755968465, 0.008918878578419638, -0.056931915704644884, 0.009041949457441458, 0.009354685614729347, -0.010839203212205552, 0.04217502218464158, -0.05054832883355319, -0.008996429619701724, -0.016408626116791825, 0.007671441827738193, -0.0409803389985096, -0.009858732321572984, -0.020122086212228885, -0.008087821723294824, -0.011970428615299119, -0.037089151458189806, -0.06497770414130265, 0.00918590904014749, -0.033150377610965204, 0.030172548514629114, 0.018930915343669225, -0.04086817706636026, 0.011887105259543469, -0.004772431823978557, -0.025669357236768237, 0.01774007380525704, 0.012674299617797449, 0.003707296955684665, -0.00041192919128253837, 0.011453676637773679, 0.005427916104556905, -0.06609387839892872, 0.007977380539003149, 0.03468124588103189, 0.020694097116269676, 0.017936113522184334, -0.03042456089406046, -0.018080433834051043, 0.012359064882430406, 0.014817336803124028, 0.009697292852312626, 0.0031926161447810237, 0.005610629902365775, -0.022821779715321733, -0.04580066501833112, -0.03225649719347913, -0.046705964968922355, 0.005013309356385835, 0.0158956106599373, 0.0013009997900411087, 0.011182150875263808, -0.008174972011228484, 0.02151286010350142, -0.0035830018874932093, 0.00850234659039369, 0.00396912776229507, 0.004623996319382098, 0.004196217167637412, -0.015336331220788786, 0.0016051702685918093, 0.007539576504563638, -0.008138864128344313, 0.00130549665597037, 0.006917502016112245, -0.004892884779519937], [0.015133956016315429, 0.07843933939718492, 0.031129420917731083, -0.1086294213915354, 0.001188690254783253, -0.003926721059891494, 0.017285282006811505, 0.037263774824219685, -0.003759487944304304, -0.00044339359026636323, -0.003344501100559616, -0.12010735772429015, 0.11710581157940139, 0.18302596565656606, 0.3044929259592698, -0.001961306878491933, -0.024260379465667115, -0.0015837479972134227, 0.011799099381355838, 0.00020071791501053023, 0.004546244354043708, -0.0028534993891509933, -0.02840411832672401, 0.004363914762168002, 0.013678519159967109, 0.003186177823271121, 0.00988664627159129, -0.0009494503931225821, 0.0014519902668785865, -0.008543809085201855, 0.017391286875856577, -0.005912716984182371, 0.0015882013647704777, -0.006474350853527036, -0.022857314949437556, 0.03733762825566924, -0.02254027488260027, 0.02248861227657102, 0.025185593992559013, -0.056738255019589255, -0.0114002401793053, 0.007038018768069216, 0.028294814756007213, 0.0302112311056807, -0.0345000109795507, 0.004658373145976924, 0.019117780913835643, 0.014243588416824035, -0.01166478829667277, -0.02893249878456531, -0.03247520422508671, 0.004872077573561603, 0.05510444546279441, -0.003572957581122252, 0.007589231900978241, -0.008475529269430262, 0.01567415471643028, 0.0165725746224097, -0.026370562041272114, 0.02097958614547914, 0.014363683648545723, -0.03159667316725844, 0.057941031600558884, -0.06708844188263643, -0.01650282853671478, -0.026810526488096422, -0.009602890068689198, -0.04843414876849954, -0.014617793912663877, -0.028353391388863686, -0.013232045864104447, -0.01611594741255611, -0.04959244732405102, -0.03412461066569522, -0.02877341953886634, -0.04323825409908387, 0.02806231227216639, 0.03470620166889895, -0.0643882323888307, 0.025362027049970214, -0.033298423392897306, -0.05832286399491476, 0.045894060607476146, 0.015493482937398748, -0.004272237510065792, -0.007238308349349487, 0.017252117121350864, 0.04267809094558952, -0.04705722591295671, -0.0139831